2.75714 0 0 0 0 0 0 0 0 0 0 1 0 0 0 0 0 1 
0 2.75714 0 0 0 0 0 0 0 0 -1 0 1 0 0 0 0 0 
0 0 0.00334265 0 0 0 0 0 0 -1 0 2.36244e-06 0.0413458 0 0 0 0 0 
0 0 0 2.6955 0 0 0 0 0 0 0 -1 0 1 0 0 0 0 
0 0 0 0 2.6955 0 0 0 0 0 0 0 -1 0 1 0 0 0 
0 0 0 0 0 0.0415832 0 0 0 0 0 0.0350265 0.188787 0.0147602 0.195429 0 0 0 
0 0 0 0 0 0 4.506 0 0 0 0 0 0 -1 0 1 0 0 
0 0 0 0 0 0 0 4.506 0 0 0 0 0 0 -1 0 1 0 
0 0 0 0 0 0 0 0 0.0255723 0 0 0 0 -0.0299211 -0.116421 -0.0198656 0.0296958 0 
0 0 -1 0 0 0 0 0 0 0 0 0 0 0 0 0 0 0 
0 -1 0 0 0 0 0 0 0 0 0 0 0 0 0 0 0 0 
1 0 2.36244e-06 -1 0 0.0350265 0 0 0 0 0 0 0 0 0 0 0 0 
0 1 0.0413458 0 -1 0.188787 0 0 0 0 0 0 0 0 0 0 0 0 
0 0 0 1 0 0.0147602 -1 0 -0.0299211 0 0 0 0 0 0 0 0 0 
0 0 0 0 1 0.195429 0 -1 -0.116421 0 0 0 0 0 0 0 0 0 
0 0 0 0 0 0 1 0 -0.0198656 0 0 0 0 0 0 0 0 0 
0 0 0 0 0 0 0 1 0.0296958 0 0 0 0 0 0 0 0 0 
1 0 0 0 0 0 0 0 0 0 0 0 0 0 0 0 0 0 
