-11677.138999999999
-9633.0290999999997
-8194.8683999999994
-7171.6471000000001
-6691.1163999999999
-7168.7830000000004
-8476.1293999999998
-10497.216
-11246.716
-10229.655000000001
-8509.0789999999997
-7094.3298000000004
-7488.7294000000002
-12576.206
-19059.491999999998
-14452.205
-14438.474
-18394.870999999999
-20845.264999999999
-23968.094000000001
-15161.190000000001
-14182.726000000001
-18363.166000000001
-20805.874
-23830.040000000001
-17084.794000000002
-10932.558999999999
-4218.3959000000004
-1360.6152
-1513.7811999999999
-2860.6918999999998
-4377.8504999999996
-5245.9151000000002
-5507.6710999999996
-5238.1693999999998
-4806.4587000000001
-4395.1473999999998
-4161.1742000000004
-4095.1437000000001
-4173.4106000000002
-4285.4062999999996
-4376.1261000000004
-4398.5218999999997
-4355.4080999999996
-4263.9544999999998
-4198.9346999999998
-4197.7969999999996
-4292.4847
-4480.7776999999996
-4717.9489000000003
-4815.5510999999997
-4679.0560999999998
-4228.2058999999999
-3468.5104000000001
-2561.8600999999999
-2184.6664999999998
-2677.0360000000001
-4326.6593000000003
-7113.6151
-10437.108
-11787.614
-9904.1707999999999
-3720.1851999999999
6688.2184999999999
19178.494999999999
24799.798999999999
19054.852999999999
-1867.6246000000001
-37705.599000000002
-85142.910000000003
-130237.72
-165938.60000000001
-186271.04999999999
-191606.84
-184017.44
-172328.07999999999
-160967.97
-153674.98999999999
-150204.60000000001
-150026.01000000001
-150778
-151295.56
-150595.28
-148751.59
-145912.07000000001
-142703.79000000001
-139436.34
-136368.98000000001
-133483.89999999999
-130742.35000000001
-127983.44
-125127.09
-122110.81
-118941.14999999999
-115632.35000000001
-112229.12
-108754.67
-105228.91
-101652.99000000001
-98025.797000000006
-94339.854999999996
-90590.535000000003
-86777.763000000006
-82903.051999999996
-78971.134999999995
-74986.471999999994
-70953.717000000004
-66876.301999999996
-62756.985000000001
-58597.936000000002
-54401.735999999997
-50170.078000000001
-45905.228000000003
-41611.038
-37289.279000000002
-32943.192000000003
-28575.161
-24188.233
-19785.217000000001
-15368.835999999999
-10945.272000000001
-6507.3678
-2068.1246999999998
2373.2656000000002
6814.6841000000004
11256.406000000001
15688.295
20114.960999999999
24528.205999999998
28930.189999999999
33315.171000000002
37681.574000000001
42023.713000000003
46347.006000000001
50640.576999999997
54904.728000000003
59137.366999999998
63338.152999999998
67498.884999999995
71622.794999999998
75703.180999999997
79741.346999999994
83732.467000000004
87674.936000000002
91565.997000000003
95401.495999999999
99184.869999999995
102907.92999999999
106570.52
110170.75
113707.92999999999
117175.74000000001
120576.02
123903.97
127159.99000000001
130340.45
133443.85999999999
136466.67999999999
139410.48000000001
142269.89000000001
145044.42000000001
147732.44
150332.98999999999
152841.84
155259.28
157582.44
159810.98999999999
161942.48000000001
163975.56
165908.20000000001
167738.59
169466.89000000001
171090.28
172607.94
174018.35999999999
175319.89999999999
176511.34
177591.95999999999
178560.38
179415.42999999999
180155.31
180779.28
181286.85000000001
181676.42000000001
181947.53
182098.51000000001
182128.60000000001
182036.89999999999
181823.60000000001
181486.85000000001
181026.10000000001
180440.01000000001
179728.89999999999
178891.94
177928.47
176838.04999999999
175618.29000000001
174271.39000000001
172796.17000000001
171191.73999999999
169456.20000000001
167592.17999999999
165597.17000000001
163472.73000000001
161216.31
158828.87
156310.29000000001
153661.89999999999
150879.73999999999
147967
144922.89000000001
141747.31
138438.87
135000.54999999999
131429.28
127727.95
123894.38
119930.17
115834.89999999999
111609.10000000001
107254.60000000001
102767.25999999999
98152.149999999994
93407.918999999994
88534.634000000005
83531.248999999996
78402.476999999999
73144.585000000006
67760.793000000005
62249.114999999998
56612.720999999998
50850.959999999999
44965.849000000002
38953.322
32820.463000000003
26565.419000000002
20187.764999999999
13686.901
7069.5231000000003
331.32664999999997
-6525.0986999999996
-13501.133
-20591.456999999999
-27797.723999999998
-35120.241999999998
-42555.701999999997
-50104.260999999999
-57763.309000000001
-65534.862000000001
-73417.960000000006
-81412.366999999998
-89523.217999999993
-97753.365000000005
-106094.56
-114542.71000000001
-123092.38
-131741.67000000001
-140478.39000000001
-149303.64999999999
-158220.45999999999
-166483.51000000001
-168813.07999999999
-168228.73000000001
-167578.67000000001
-166882.01000000001
-166139.76999999999
-165350.23000000001
-164517.14000000001
-163636
-162711.44
-161742.53
-160729.10000000001
-159672.76999999999
-158572.87
-157431.25
-156247.51999999999
-155022.23000000001
-153755.37
-152449.28
-151102.54000000001
-149716.29999999999
-148291.16
-146828.10000000001
-145326.66
-143788.22
-142212.88
-140600.98000000001
-138953.76999999999
-137270.87
-135553.47
-133802.22
-132017.26999999999
-130198.95
-128348.39
-126466.13
-124552.10000000001
-122607.05
-120632.23
-118627.67999999999
-116593.28999999999
-114530.87
-112440.58
-110322.3
-108176.89
-106005.92999999999
-103808.75999999999
-101585.62
-99338.554000000004
-97067.502999999997
-94772.179999999993
-92453.731
-90113.762000000002
-87751.392000000007
-85366.733999999997
-82962.660000000003
-80537.755000000005
-78092.782999999996
-75628.407000000007
-73146.888000000006
-70645.929000000004
-68127.020999999993
-65592.710000000006
-63040.934000000001
-60473.019
-57890.209999999999
-55293.258000000002
-52680.603000000003
-50054.699000000001
-47416.190000000002
-44764.355000000003
-42099.631999999998
-39424.419999999998
-36738.351000000002
-34039.516000000003
-31332.529999999999
-28615.521000000001
-25889.204000000002
-23153.102999999999
-20411.584999999999
-17660.688999999998
-14901.817999999999
-12138.397000000001
-9368.2646999999997
-6591.4292999999998
-3810.1316999999999
-1025.0817999999999
1765.6311000000001
4559.7786999999998
7356.1602999999996
10156.021000000001
12959.163
15762.329
18567.596000000001
21374.793000000001
24181.735000000001
26987.629000000001
29795.329000000002
32601.465
35404.972999999998
38207.735000000001
41009.665999999997
43807.036
46601.982000000004
49395.048000000003
52182.796999999999
54965.216999999997
57733.834999999999
59359.660000000003
58889.828000000001
58190.387000000002
57487.593999999997
56780.453000000001
56070.192999999999
55355.428
54637.569000000003
53915.993999999999
53191.156999999999
52463.108999999997
51732.146999999997
50998.123
50261.233
49521.843999999997
48779.682999999997
48035.233999999997
47288.491999999998
46539.589999999997
45788.478999999999
45035.622000000003
44280.972999999998
43524.57
42766.548000000003
42007.25
41246.587
40484.495000000003
39721.612000000001
38957.762000000002
38192.788
37427.281000000003
36661.290999999997
35894.599000000002
35127.400999999998
34360.260000000002
33592.773999999998
32825.052000000003
32057.649000000001
31290.458999999999
30523.23
29756.505000000001
28990.522000000001
28224.842000000001
27459.740000000002
26695.831999999999
25932.647000000001
25170.186000000002
24409.161
23649.402999999998
22890.598000000002
22133.324000000001
21377.810000000001
20623.620999999999
19870.941999999999
19120.523000000001
18371.779999999999
17624.726999999999
16879.999
16137.645
15397.022000000001
14658.848
13923.494000000001
13190.401
12459.541999999999
11731.879000000001
11006.946
10284.428
9565.0306999999993
8849.0987000000005
8135.7001
7425.3563000000004
6718.8747999999996
6015.5169999999998
5315.0487000000003
4618.5562
3925.7764999999999
3236.2237
2550.2248
1868.6443999999999
1190.5786000000001
516.01886999999999
-154.02179000000001
-819.89583000000005
-1482.1575
-2140.1956
-2793.2845000000002
-3442.6125000000002
-4087.8544000000002
-4728.0075999999999
-5363.6230999999998
-5995.2884999999997
-6622.1090999999997
-7243.7118
-7861.0187999999998
-8473.8317999999999
-9081.1556999999993
-9683.4799000000003
-10281.451999999999
-10874.287
-11461.415000000001
-12043.790999999999
-12621.537
-13193.172
-13759.388999999999
-14319.864
-14650.531999999999
-14477.457
-14237.556
-13999.172
-13762.526
-13527.603999999999
-13294.133
-13062.290000000001
-12832.108
-12603.543
-12376.530000000001
-12151.23
-11927.654
-11705.635
-11485.309999999999
-11266.709000000001
-11049.879000000001
-10834.602000000001
-10621.049999999999
-10409.35
-10199.287
-9990.8711999999996
-9784.2764000000006
-9579.4766
-9376.3503999999994
-9174.9240000000009
-8975.3853999999992
-8777.5328000000009
-8581.0905000000002
-8386.1818000000003
-8193.0102000000006
-8001.5877
-7812.1454000000003
-7625.1580999999996
-7440.6992
-7258.6215000000002
-7078.8440000000001
-6901.4435999999996
-6726.2334000000001
-6553.0321000000004
-6381.8600999999999
-6212.8782000000001
-6045.8833999999997
-5880.7905000000001
-5717.6751999999997
-5556.6471000000001
-5397.4776000000002
-5240.1188000000002
-5084.6926999999996
-4931.2322000000004
-4779.5264999999999
-4629.5423000000001
-4481.4472999999998
-4335.2022999999999
-4190.6097
-4047.6732000000002
-3906.5623000000001
-3767.1794
-3629.3667
-3493.1523000000002
-3358.6905999999999
-3225.8753999999999
-3094.5304000000001
-2964.7222000000002
-2836.627
-2710.0279
-2584.8789000000002
-2461.1666
-2339.1169
-2218.4861000000001
-2099.2262999999998
-1981.337
-1865.0616
-1750.0917999999999
-1636.4572000000001
-1524.1486
-1413.3427999999999
-1303.8427999999999
-1195.5353
-1088.5292999999999
-982.96027000000004
-878.61820999999998
-775.43064000000004
-673.48509000000001
-572.89724999999999
-473.51875000000001
-375.20436999999998
-278.06749000000002
-182.27581000000001
-87.569276
6.0538241
98.61764700000001
189.87577999999999
280.05189000000001
369.27077000000003
457.42155000000002
544.37406999999996
630.25964999999997
715.22152000000006
799.21648000000005
882.04103999999995
963.82308
1044.7275
1124.7257999999999
1203.6310000000001
1281.5211999999999
1358.5441000000001
1434.7353000000001
1509.8954000000001
1584.0561
1657.404
1729.9527
1801.5669
1872.163
1941.9929
2011.0636
2079.2876000000001
2146.4850999999999
2212.9004
2278.6307000000002
2332.4852999999998
2332.9702000000002
2317.5931999999998
2302.0947999999999
2286.5079999999998
2270.8629999999998
2255.1711
2239.3553000000002
2223.4396999999999
2207.4443000000001
2191.4096
2175.2478999999998
2158.9994999999999
2142.6658000000002
2126.3036999999999
2109.8463999999999
2093.2815999999998
2076.6379000000002
2059.9623000000001
2043.2162000000001
2026.3680999999999
2009.4427000000001
1992.4612999999999
1975.4498000000001
1958.3290999999999
1941.1328000000001
1923.8715
1906.5902000000001
1889.222
1871.7753
1854.2536
1836.7143000000001
1819.1133
1801.4293
1783.6705999999999
1765.8738000000001
1748.0491
1730.1454000000001
1712.1667
1694.1279999999999
1676.0831000000001
1657.9682
1639.7837
1621.5262
1603.2538
1584.9452000000001
1566.5634
1548.1095
1529.6166000000001
1511.1112000000001
1492.5438999999999
1473.9058
1455.2074
1436.5017
1417.7556
1398.9427000000001
1380.0596
1361.1486
1342.2283
1323.2456999999999
1304.1985999999999
1285.0930000000001
1265.9867999999999
1246.8433
1227.6359
1208.3638000000001
1189.0614
1169.7539999999999
1150.3925999999999
1130.9603999999999
1111.4820999999999
1091.9965
1072.4824000000001
1052.9006999999999
1033.2675999999999
1013.5878
993.92281000000003
974.19416999999999
954.41010000000006
934.56293000000005
914.71633999999995
894.85013000000004
874.91912000000002
854.92331000000001
834.89454000000001
814.87257999999997
794.79690000000005
774.67007000000001
754.46451000000002
734.26918000000001
714.05480999999997
693.77819
673.44956000000002
653.05244000000005
632.68317000000002
612.26188999999999
591.79001000000005
571.24964
550.68994999999995
530.11746000000005
509.51087000000001
488.82754
468.09618
447.35656999999998
426.58911000000001
405.77645999999999
384.88934999999998
363.96131000000003
343.03241000000003
322.06912999999997
301.03962000000001
279.95839000000001
258.83821
237.71975
216.54472000000001
195.30431999999999
174.01276999999999
152.70330999999999
131.37083000000001
109.98945999999999
88.543288
67.030896
45.534421
23.987639
2.3848656
-19.291804
-41.011106
-62.725007
-84.479552
-106.32277000000001
-128.20891
-150.14563999999999
-172.07441
-194.06912
-216.14596
-238.27113
-260.41561999999999
-282.56578999999999
-304.79383999999999
-327.08271999999999
-347.90530999999999
-357.18045000000001
-361.334
-365.58645999999999
-369.97192999999999
-374.52280999999999
-379.25673
-384.15492999999998
-389.17392000000001
-394.33303000000001
-399.64391000000001
-405.14067
-410.76389999999998
-416.53152
-422.41169000000002
-428.46125000000001
-434.69412999999997
-441.02051999999998
-447.33213000000001
-453.57154000000003
-459.73252000000002
-465.8537
-471.90667000000002
-478.09408000000002
-484.46253000000002
-491.15755000000001
-498.11547000000002
-505.32718999999997
-512.73446000000001
-520.34352000000001
-528.16715999999997
-536.19601
-544.38914
-552.75706000000002
-561.32109000000003
-570.12357999999995
-579.11136999999997
-588.28504999999996
-597.64630999999997
-607.21135000000004
-617.01995999999997
-627.02099999999996
-637.22013000000004
-647.61195999999995
-658.23343
-669.09450000000004
-680.16988000000003
-691.44392000000005
-702.92457999999999
-714.66133000000002
-726.64107999999999
-738.83654999999999
-751.24915999999996
-763.89113999999995
-776.79601000000002
-789.95980999999995
-803.35013000000004
-816.97322999999994
-830.84159999999997
-844.99590000000001
-859.40940000000001
-874.07357999999999
-888.98275000000001
-904.15482999999995
-919.64067999999997
-935.39228000000003
-951.40648999999996
-967.68673000000001
-984.26198999999997
-1001.1547
-1018.3345
-1035.7934
-1053.5409999999999
-1071.6098999999999
-1090.0118
-1108.7166999999999
-1127.7228
-1147.0382
-1166.7077999999999
-1186.7218
-1207.0589
-1227.7203999999999
-1248.7192
-1270.0999999999999
-1291.8414
-1313.9257
-1336.3615
-1359.1661999999999
-1382.3814
-1405.9719
-1429.932
-1454.2701
-1479.0165999999999
-1504.194
-1529.7653
-1555.7364
-1582.1175000000001
-1608.9493
-1636.2236
-1663.9262000000001
-1692.0507
-1720.6310000000001
-1749.6940999999999
-1779.2246
-1809.2068999999999
-1839.652
-1870.5887
-1902.0445
-1933.9905000000001
-1966.4185
-1999.3567
-2032.8235
-2066.8400999999999
-2101.3761
-2136.4389000000001
-2172.0399000000002
-2208.2422999999999
-2244.9938999999999
-2282.3110000000001
-2320.1898000000001
-2358.6745000000001
-2397.7764999999999
-2437.4704999999999
-2477.7631000000001
-2518.6741999999999
-2560.2583
-2602.4596999999999
-2645.3101999999999
-2688.8071
-2732.9847
-2777.8458000000001
-2823.3980999999999
-2869.6217999999999
-2916.5556999999999
-2964.2240000000002
-3012.6221999999998
-3061.7397000000001
-3111.5902999999998
-3162.2098999999998
-3213.6082999999999
-3265.7896999999998
-3318.7143000000001
-3372.4587000000001
-3427.0596
-3482.4796999999999
-3538.7001
-3587.1615999999999
-3542.2550999999999
-3439.1021999999998
-3334.1649000000002
-3228.2815999999998
-3121.2966000000001
-3013.123
-2903.9142999999999
-2793.6905999999999
-2682.3108000000002
-2569.6747
-2455.8642
-2340.9703
-2224.8562000000002
-2107.4175
-1988.6872000000001
-1868.7396000000001
-1747.5491999999999
-1624.943
-1500.9135000000001
-1375.569
-1248.8948
-1120.7689
-991.12184999999999
-860.01080000000002
-727.50481000000002
-593.46803
-457.82200999999998
-320.59631000000002
-181.88587000000001
-41.597161
100.43976000000001
244.13737
389.41295000000002
536.37648999999999
685.15248999999994
835.69687999999996
987.94118000000003
1141.9413999999999
1297.835
1455.6292000000001
1615.2003
1776.6149
1940.0679
2105.4549000000002
2272.7397000000001
2441.9742000000001
2613.3380999999999
2786.7226999999998
2962.1313
3139.5734000000002
3319.2366999999999
3501.0373
3684.9445000000001
3870.9895999999999
4059.3766999999998
4249.9746999999998
4442.7776000000003
4637.8693000000003
4835.3487999999998
5035.1480000000001
5237.2573000000002
5441.7727999999997
5648.7698
5858.1881000000003
6070.0145000000002
6284.3667999999998
6501.2978000000003
6720.7321000000002
6942.6953999999996
7167.3023000000003
7394.5676999999996
7624.4333999999999
7856.9530999999997
8092.2308000000003
8330.2523999999994
8570.9737999999998
8814.4694
9060.8377999999993
9310.0185999999994
9562.0172000000002
9816.9300999999996
10074.794
10335.566000000001
10599.281000000001
10866.026
11135.803
11408.584000000001
11684.437
11963.448
12245.545
12530.794
12819.209000000001
13110.894
13405.755999999999
13703.885
14005.324000000001
14310.07
14618.134
14929.575999999999
15244.428
15562.683000000001
15884.374
16209.563
16538.280999999999
16870.453000000001
17206.259999999998
17545.555
17888.561000000002
18235.118999999999
18585.400000000001
18939.327000000001
19296.927
19658.332999999999
20023.450000000001
20392.401000000002
20765.161
21141.830999999998
21522.439999999999
21732.504000000001
21177.929
20401.722000000002
19608.233
18794.468000000001
17959.010999999999
17101.773000000001
16222.596
15324.864
14411.314
13483.621999999999
12541.471
11585.610000000001
10615.280000000001
9629.3238000000001
8627.9339999999993
7611.5091000000002
6579.4606000000003
5532.1131999999998
4470.0325999999995
3392.8788
2300.4449
1193.6597999999999
72.193984
-1064.2461000000001
-2214.6992
-3379.6012999999998
-4558.9249
-5752.2141000000001
-6959.1664000000001
-8180.4768000000004
-9415.2721999999994
-10663.531999999999
-11925.424999999999
-13200.731
-14488.870000000001
-15790.519
-17104.937999999998
-18431.957999999999
-19771.883999999998
-21124.218000000001
-22488.894
-23865.766
-25254.921999999999
-26655.677
-28068.469000000001
-29492.779999999999
-30928.534
-32375.659
-33833.953999999998
-35303.220999999998
-36783.277999999998
-38274.122000000003
-39775.417999999998
-41287.059000000001
-42808.955999999998
-44340.803999999996
-45882.533000000003
-47433.951999999997
-48994.915999999997
-50565.171000000002
-52144.610000000001
-53733.110999999997
-55330.351000000002
-56936.222000000002
-58550.688000000002
-60173.300000000003
-61804.067000000003
-63442.870000000003
-65089.199000000001
-66743.202999999994
-68404.699999999997
-70073.199999999997
-71748.748000000007
-73431.304000000004
-75120.179999999993
-76815.644
-78517.527000000002
-80225.104999999996
-81938.773000000001
-83658.251999999993
-85382.803
-87112.956999999995
-88848.266000000003
-90588.054000000004
-92332.948999999993
-94082.296000000002
-95835.547999999995
-97593.404999999999
-99355.172999999995
-101120.05
-102889.19
-104660.98
-106435.78
-108291.35000000001
-110938.64999999999
-114055.78999999999
-117187.86
-120329.41
-123479.92
-126638.23
-129804.71000000001
-132978.54999999999
-136160.07000000001
-139347.67999999999
-142542.51999999999
-145742.45999999999
-148948.51000000001
-152160.03
-155375.92000000001
-158596.84
-161821.22
-165049.67000000001
-168281.39999999999
-171516.04999999999
-174753.48000000001
-177992.10999999999
-181234.14999999999
-184475.44
-187719.63
-190963.06
-194207.44
-197451.35999999999
-200694.53
-203936.63
-207177.26000000001
-210416.97
-213653.16
-216887.84
-220119.04999999999
-223345.95000000001
-226571.67999999999
-229790.59
-233006.56
-236216.67000000001
-239421.5
-242621.06
-245814.95000000001
-249000.57999999999
-252180.32999999999
-255353.14999999999
-258516.91
-261675.03
-264822.20000000001
-267960.21000000002
-271091.90000000002
-274210.69
-277321.62
-280421.95000000001
-283509.53999999998
-286587.91999999998
-289654.22999999998
-292707.01000000001
-295749.88
-298778.33000000002
-301793.17999999999
-304796.89000000001
-307784.03000000003
-310757.73999999999
-313719.78000000003
-316661.40000000002
-319591.07000000001
-322504.38
-325399.71000000002
-328282.51000000001
-331145.08000000002
-333990.04999999999
-336819.48999999999
-339629.48999999999
-342421.96000000002
-345196.19
-347949.26000000001
-350683.02000000002
-353400.15000000002
-356094.09000000003
-358767.66999999998
-361422.76000000001
-364052.23999999999
-366667.09999999998
-369253.51000000001
-371817.78999999998
-374867.27000000002
-383797.02000000002
-396498.65000000002
-409231.03999999998
-421954.12
-434643.73999999999
-447306.77000000002
-459945
-472552.56
-485122.16999999998
-497673.72999999998
-510176.96999999997
-522654.56
-535093.95999999996
-547491.54000000004
-559856.02000000002
-572181.21999999997
-584455.12
-596697.23999999999
-608890.10999999999
-621034.40000000002
-633137.90000000002
-645185.82999999996
-657186.53000000003
-669137.18999999994
-681036.28000000003
-692877.18999999994
-704667.37
-716397.38
-728069.93999999994
-739687.14000000001
-751235.92000000004
-762727.30000000005
-774151.25
-785512.12
-796807.15000000002
-808035.64000000001
-819189.93999999994
-830277.81000000006
-841291.34999999998
-852230.47999999998
-863096.77000000002
-873885.29000000004
-884595.68999999994
-895227.95999999996
-905779.18000000005
-916247.91000000003
-926633.67000000004
-936935.32999999996
-947149.41000000003
-957276.41000000003
-967316.14000000001
-977262.68000000005
-987118.81999999995
-996884.17000000004
-1.0065505E6
-1.0161238E6
-1.0256022E6
-1.0349808E6
-1.0442555E6
-1.0534357E6
-1.0625018E6
-1.071475E6
-1.0803466E6
-1.0890949E6
-1.0977503E6
-1.1062892E6
-1.1147203E6
-1.1230394E6
-1.1312523E6
-1.139329E6
-1.1473447E6
-1.1553875E6
-1.1635316E6
-1.1718822E6
-1.180414E6
-1.1891239E6
-1.1978582E6
-1.206516E6
-1.2150228E6
-1.2233913E6
-1.2315931E6
-1.239686E6
-1.2477217E6
-1.2556531E6
-1.2635393E6
-1.2713622E6
-1.2790911E6
-1.2867515E6
-1.2944635E6
-1.3026184E6
-1.3108973E6
-1.3191519E6
-1.3273958E6
-1.3356315E6
-1.3438203E6
-1.3520116E6
-1.360168E6
-1.3682948E6
-1.3764236E6
-1.3845099E6
-1.3925835E6
-1.4006242E6
-1.4086646E6
-1.4166565E6
-1.4246481E6
-1.4326059E6
-1.4405362E6
-1.4484617E6
-1.4563449E6
-1.4642192E6
-1.4720605E6
-1.4798882E6
-1.4876786E6
-1.4954525E6
-1.5032016E6
-1.5109235E6
-1.5186337E6
-1.5263005E6
-1.5339641E6
-1.5415839E6
-1.5491915E6
-1.5567648E6
-1.5643135E6
-1.5718475E6
-1.5793378E6
-1.5868229E6
-1.5942484E6
-1.601688E6
-1.6090728E6
-1.6164411E6
-1.6237798E6
-1.6310908E6
-1.6383786E6
-1.6456263E6
-1.6528712E6
-1.6600538E6
-1.6672346E6
-1.6743768E6
-1.6814764E6
-1.6885589E6
-1.6956327E6
-1.7026284E6
-1.7096367E6
-1.7166029E6
-1.7235272E6
-1.7304182E6
-1.7373005E6
-1.7441219E6
-1.7509312E6
-1.7577053E6
-1.7644532E6
-1.7711218E6
-1.7778324E6
-1.7844592E6
-1.7910537E6
-1.7976342E6
-1.8041753E6
-1.8106661E6
-1.8171276E6
-1.8235927E6
-1.8299501E6
-1.8363222E6
-1.8426629E6
-1.8489359E6
-1.8551633E6
-1.8614069E6
-1.8675608E6
-1.8736858E6
-1.8798004E6
-1.8858548E6
-1.8918407E6
-1.897856E6
-1.9037911E6
-1.9096527E6
-1.9155475E6
-1.9213853E6
-1.927122E6
-1.9328564E6
-1.9385822E6
-1.9441919E6
-1.9497967E6
-1.9554068E6
-1.9608927E6
-1.9662927E6
-1.9717991E6
-1.9778737E6
-1.9844906E6
-1.9911394E6
-1.997946E6
-2.004965E6
-2.0120747E6
-2.0192501E6
-2.0266269E6
-2.0341641E6
-2.0417102E6
-2.0494501E6
-2.0573685E6
-2.0653699E6
-2.0734255E6
-2.0817672E6
-2.0901602E6
-2.0986162E6
-2.1073013E6
-2.1161277E6
-2.1250303E6
-2.1340513E6
-2.1433263E6
-2.1526344E6
-2.1620804E6
-2.1717101E6
-2.1815019E6
-2.1913425E6
-2.2013604E6
-2.2116055E6
-2.2218869E6
-2.2323082E6
-2.2429655E6
-2.2537179E6
-2.2646089E6
-2.2756519E6
-2.28691E6
-2.2982397E6
-2.3097443E6
-2.3214241E6
-2.333288E6
-2.345215E6
-2.3573845E6
-2.3697067E6
-2.3821502E6
-2.3947557E6
-2.4075842E6
-2.4205476E6
-2.4336777E6
-2.4469736E6
-2.46051E6
-2.4741323E6
-2.4879738E6
-2.5020058E6
-2.5162334E6
-2.5305643E6
-2.5451867E6
-2.5599086E6
-2.5748902E6
-2.590012E6
-2.6053872E6
-2.6209168E6
-2.6366479E6
-2.6526321E6
-2.6687618E6
-2.6851634E6
-2.7017221E6
-2.7185394E6
-2.7355466E6
-2.7527828E6
-2.7702361E6
-2.787927E6
-2.8058934E6
-2.8240138E6
-2.8424489E6
-2.861086E6
-2.8800054E6
-2.8991146E6
-2.9185133E6
-2.9382288E6
-2.9580947E6
-2.9783092E6
-2.9987368E6
-3.0195361E6
-3.0404898E6
-3.0618232E6
-3.0834481E6
-3.1052962E6
-3.1274987E6
-3.1500061E6
-3.172865E6
-3.1959101E6
-3.2194034E6
-3.2432262E6
-3.2672661E6
-3.291692E6
-3.3165636E6
-3.3417358E6
-3.3671374E6
-3.3931188E6
-3.4194114E6
-3.4459637E6
-3.4729675E6
-3.500499E6
-3.5283087E6
-3.5564311E6
-3.5850207E6
-3.6008678E6
-3.5962998E6
-3.5899578E6
-3.5838311E6
-3.5777058E6
-3.5715121E6
-3.5654707E6
-3.5594785E6
-3.5536504E6
-3.5477024E6
-3.5419162E6
-3.536223E6
-3.5306241E6
-3.5250055E6
-3.5195432E6
-3.5141155E6
-3.5088908E6
-3.5036002E6
-3.4984695E6
-3.4934191E6
-3.4884885E6
-3.4836071E6
-3.478888E6
-3.4741915E6
-3.4697243E6
-3.4651981E6
-3.4609425E6
-3.4566988E6
-3.4526432E6
-3.4487743E6
-3.4454029E6
-3.4428966E6
-3.4411457E6
-3.4405297E6
-3.4406386E6
-3.4411509E6
-3.4418874E6
-3.4425741E6
-3.4432488E6
-3.4438614E6
-3.4445804E6
-3.4455354E6
-3.4467382E6
-3.4480852E6
-3.4496995E6
-3.451655E6
-3.4537163E6
-3.4561023E6
-3.4587288E6
-3.4617131E6
-3.4648759E6
-3.4682905E6
-3.4719804E6
-3.4760514E6
-3.480307E6
-3.4848619E6
-3.489663E6
-3.4950523E6
-3.5004383E6
-3.5062782E6
-3.5123764E6
-3.5190215E6
-3.5257896E6
-3.5328694E6
-3.5403965E6
-3.5483939E6
-3.5565878E6
-3.5651188E6
-3.5741687E6
-3.5836786E6
-3.5934054E6
-3.6036092E6
-3.6143254E6
-3.6254412E6
-3.6368166E6
-3.6487627E6
-3.6612829E6
-3.6741894E6
-3.6874725E6
-3.7013159E6
-3.7158079E6
-3.7306337E6
-3.7459587E6
-3.7619597E6
-3.7785813E6
-3.7956404E6
-3.813166E6
-3.831565E6
-3.8505529E6
-3.8699442E6
-3.89004E6
-3.9110664E6
-3.9325818E6
-3.9546448E6
-3.9775695E6
-4.0014468E6
-4.0258183E6
-4.0508866E6
-4.0770947E6
-4.10403E6
-4.1316177E6
-4.160088E6
-4.1898313E6
-4.2202502E6
-4.2514589E6
-4.2839518E6
-4.3174827E6
-4.3518373E6
-4.3872702E6
-4.4241426E6
-4.4620412E6
-4.5009208E6
-4.5411466E6
-4.5827778E6
-4.6254057E6
-4.6694945E6
-4.7155972E6
-4.7630761E6
-4.8108855E6
-4.8448191E6
-4.8668783E6
-4.8889575E6
-4.9113464E6
-4.9340496E6
-4.9556376E6
-4.9764313E6
-4.9973463E6
-5.018537E6
-5.03992E6
-5.0602312E6
-5.079897E6
-5.099757E6
-5.1197247E6
-5.1397066E6
-5.1584105E6
-5.1766887E6
-5.194937E6
-5.213279E6
-5.2313899E6
-5.2481523E6
-5.2645787E6
-5.281E6
-5.2972934E6
-5.3129386E6
-5.3273449E6
-5.3416005E6
-5.3555798E6
-5.3693346E6
-5.3820447E6
-5.3937947E6
-5.4052391E6
-5.4164035E6
-5.4268965E6
-5.4361294E6
-5.4447647E6
-5.4527401E6
-5.4605409E6
-5.4668745E6
-5.4724624E6
-5.4771084E6
-5.4812576E6
-5.4845663E6
-5.4865035E6
-5.4875479E6
-5.4877081E6
-5.4871357E6
-5.4852113E6
-5.482125E6
-5.4780905E6
-5.4729581E6
-5.4666559E6
-5.4590476E6
-5.4501674E6
-5.4401106E6
-5.4288417E6
-5.4159607E6
-5.4020788E6
-5.3863701E6
-5.3696392E6
-5.3511452E6
-5.3313046E6
-5.3098971E6
-5.2868205E6
-5.2622453E6
-5.236002E6
-5.2081591E6
-5.1784102E6
-5.1470556E6
-5.1141143E6
-5.0791724E6
-5.0424229E6
-5.0036987E6
-4.963363E6
-4.920877E6
-4.8762852E6
-4.8298897E6
-4.7816763E6
-4.7313119E6
-4.6787229E6
-4.6240013E6
-4.5677011E6
-4.5089108E6
-4.4477813E6
-4.3844369E6
-4.3193377E6
-4.2519785E6
-4.1820107E6
-4.109931E6
-4.0360875E6
-3.959691E6
-3.8809203E6
-3.7996888E6
-3.7170697E6
-3.6314279E6
-3.5436962E6
-3.4535707E6
-3.3617401E6
-3.2672658E6
-3.1704881E6
-3.0716988E6
-2.9710183E6
-2.8679473E6
-2.7624142E6
-2.6552215E6
-2.5461403E6
-2.4344875E6
-2.3211233E6
-2.2057385E6
-2.0889058E6
-1.9695531E6
-1.8485261E6
-1.7261818E6
-1.6019527E6
-1.4758669E6
-1.3483249E6
-1.2193572E6
-1.0892557E6
-957062.62
-824205.93000000005
-689949.13
-554762.42000000004
-417972.65999999997
-280908.21999999997
-142483.47
-3641.7265000000002
136340.95000000001
276529.91999999998
417348.54999999999
558429.93999999994
684593.34999999998
763940.97999999998
834418.06000000006
905066.15000000002
976062.72999999998
1.0475945E6
1.1192651E6
1.1908702E6
1.2627132E6
1.3349411E6
1.4070133E6
1.4790355E6
1.5511122E6
1.6233692E6
1.6953147E6
1.7669636E6
1.838963E6
1.9103141E6
1.9817918E6
2.0524604E6
2.1234583E6
2.1937115E6
2.2637015E6
2.3331716E6
2.4025109E6
2.4711039E6
2.5393279E6
2.6065527E6
2.6738883E6
2.7400465E6
2.8059632E6
2.8715023E6
2.9379074E6
3.0042292E6
3.0710838E6
3.1380623E6
3.2046223E6
3.2700833E6
3.334062E6
3.3968568E6
3.4583442E6
3.5185455E6
3.5776617E6
3.6357759E6
3.6928274E6
3.7488406E6
3.803667E6
3.8574848E6
3.910063E6
3.9615817E6
4.0118531E6
4.060907E6
4.1089214E6
4.155685E6
4.2011527E6
4.2454981E6
4.2885049E6
4.3304704E6
4.3711211E6
4.4106229E6
4.4488948E6
4.4858048E6
4.5215786E6
4.5560747E6
4.5893011E6
4.6213927E6
4.6522271E6
4.6817825E6
4.710214E6
4.737283E6
4.7633427E6
4.788153E6
4.8118689E6
4.8342462E6
4.8555867E6
4.8757465E6
4.8947245E6
4.9126448E6
4.9294201E6
4.9451824E6
4.9597212E6
4.9733024E6
4.9857619E6
4.9971413E6
5.0075944E6
5.0169029E6
5.0253689E6
5.0327834E6
5.0393406E6
5.044827E6
5.0495095E6
5.0532014E6
5.0560793E6
5.0579643E6
5.0591298E6
5.0594159E6
5.0587861E6
5.0573302E6
5.0553137E6
5.0523764E6
5.0488502E6
5.0443136E6
5.0392875E6
5.0335338E6
5.0272125E6
5.0200614E6
5.0123314E6
5.0039718E6
4.9951074E6
4.9855484E6
4.9754919E6
4.9646847E6
4.9536412E6
4.9418506E6
4.9296742E6
4.9169651E6
4.9037841E6
4.8900928E6
4.8760742E6
4.861635E6
4.8468535E6
4.8314705E6
4.8158081E6
4.7997798E6
4.7834941E6
4.7667667E6
4.7497518E6
4.7322538E6
4.7146388E6
4.696719E6
4.6785209E6
4.6601153E6
4.6413547E6
4.6224257E6
4.603181E6
4.5838433E6
4.5652675E6
4.5721668E6
4.6057202E6
4.6385756E6
4.6693153E6
4.6981765E6
4.7247332E6
4.7496667E6
4.7723794E6
4.7934552E6
4.8124484E6
4.8299242E6
4.8453444E6
4.8593778E6
4.8714253E6
4.8821404E6
4.8911437E6
4.8985731E6
4.9045783E6
4.9091676E6
4.912278E6
4.9140558E6
4.9145583E6
4.9137574E6
4.9117341E6
4.9084924E6
4.9042279E6
4.8987226E6
4.8921771E6
4.8845156E6
4.8761339E6
4.8664694E6
4.8561512E6
4.8447345E6
4.8327285E6
4.8197478E6
4.8059484E6
4.7915198E6
4.7763869E6
4.7604899E6
4.7440453E6
4.7268108E6
4.7092859E6
4.6908994E6
4.6721535E6
4.6527879E6
4.6331795E6
4.6128064E6
4.5922559E6
4.571112E6
4.5498137E6
4.5280143E6
4.5058406E6
4.4834298E6
4.460757E6
4.4377456E6
4.4145672E6
4.3909368E6
4.3674069E6
4.3434253E6
4.3194152E6
4.2950521E6
4.2707202E6
4.2462135E6
4.2216069E6
4.196781E6
4.1719451E6
4.1470408E6
4.1220212E6
4.096966E6
4.0718389E6
4.0466854E6
4.0215541E6
3.9963761E6
3.9711486E6
3.9459721E6
3.9208219E6
3.8957223E6
3.8705624E6
3.8454871E6
3.8204474E6
3.7954475E6
3.770539E6
3.745674E6
3.7208468E6
3.6961438E6
3.6715147E6
3.6469432E6
3.6224999E6
3.5981373E6
3.5738506E6
3.5497095E6
3.5256655E6
3.5017687E6
3.4779185E6
3.4542341E6
3.4306527E6
3.4071787E6
3.3838745E6
3.3606934E6
3.3376114E6
3.314691E6
3.2919035E6
3.2692404E6
3.2467626E6
3.2244111E6
3.2021566E6
3.1800895E6
3.1581695E6
3.1363864E6
3.1147938E6
3.0933095E6
3.0719974E6
3.0507892E6
3.029795E6
3.0089519E6
2.988232E6
2.9676601E6
2.9472414E6
2.9269726E6
2.9069574E6
2.8869576E6
2.8672537E6
2.8475185E6
2.8280824E6
2.8087049E6
2.7895875E6
2.7706057E6
2.7517152E6
2.7329916E6
2.7144318E6
2.6960711E6
2.6778257E6
2.6597804E6
2.6418055E6
2.6239499E6
2.606344E6
2.5887728E6
2.5715333E6
2.5520572E6
2.513527E6
2.4658999E6
2.41943E6
2.3740468E6
2.3296581E6
2.2860577E6
2.2430933E6
2.2006296E6
2.158639E6
2.1171923E6
2.0765641E6
2.036838E6
1.9981278E6
1.9603117E6
1.9234548E6
1.8873734E6
1.8520743E6
1.8174995E6
1.783533E6
1.7502661E6
1.7176476E6
1.6856057E6
1.654231E6
1.6233662E6
1.5931093E6
1.5633683E6
1.5341599E6
1.5054917E6
1.477251E6
1.4495832E6
1.4222711E6
1.3955162E6
1.3691218E6
1.3432109E6
1.3176762E6
1.2925836E6
1.2678386E6
1.2434568E6
1.2194911E6
1.1958389E6
1.1725175E6
1.1495764E6
1.1269391E6
1.1046404E6
1.0826127E6
1.0609271E6
1.0394737E6
1.0183772E6
997483.42000000004
976887.69999999995
956527.04000000004
936431.33999999997
916604.08999999997
896940.87
877546.77000000002
858389.55000000005
839442.06000000006
820662.57999999996
802128.93000000005
783766.85999999999
765626.38
747638.56999999995
729834.44999999995
712237.66000000003
694788.25
677508.47999999998
660362.29000000004
643373.47999999998
626536.46999999997
609845.10999999999
593323.68000000005
576870.42000000004
560585.93999999994
544435.65000000002
528403.43000000005
512452.28999999998
496657.82000000001
480942.33000000002
465360.34000000003
449851.63
434481.41999999998
419139.23999999999
403960.37
388809.21999999997
373776.15000000002
358792.76000000001
343894.09999999998
329097.62
314309.52000000002
299624.03000000003
285004.96000000002
270441.34999999998
255900.60000000001
241457.59
227033.51999999999
212681.41
198344.5
184057.54000000001
169839.67999999999
155630.37
141457.44
127292.53999999999
113161.64999999999
99053.368000000002
84965.024999999994
70921.650999999998
56833.243999999999
42795.226000000002
28772.209999999999
14749.976000000001
695.47838000000002
-13312.662
-27351.683000000001
-41368.125
-55423.351000000002
-69447.830000000002
-83546.221999999994
-97587.845000000001
-111706.21000000001
-125815.16
-139974.82000000001
-154149.75
-168322.92999999999
-182591.37
-196860.22
-211160.89000000001
-225501.92999999999
-239918.67999999999
-254341
-268843.09999999998
-283369.27000000002
-297974.64000000001
-312596.58000000002
-327343.23999999999
-342082.98999999999
-356978.89000000001
-369656.19
-372046.84999999998
-371319.67999999999
-370614.01000000001
-369890.41999999998
-369122.15000000002
-368402.03999999998
-367604.56
-366855.45000000001
-366057.91999999998
-365276.26000000001
-364476.96000000002
-363672.67999999999
-362855.48999999999
-361991.71999999997
-361180.14000000001
-360289.83000000002
-359445.46000000002
-358551.45000000001
-357676.56
-356783.45000000001
-355849.91999999998
-354962.58000000002
-354028.28999999998
-353080.51000000001
-352124.39000000001
-351187.60999999999
-350195.42999999999
-349225.52000000002
-348218.58000000002
-347224.40000000002
-346176.46000000002
-345183.34999999998
-344108.54999999999
-343112.41999999998
-342006.60999999999
-340957.08000000002
-339858.67999999999
-338778.06
-337675.17999999999
-336531.70000000001
-335438.73999999999
-334263.33000000002
-333132.82000000001
-331955.79999999999
-330797.28000000003
-329617.77000000002
-328429.06
-327228.51000000001
-325983.92999999999
-324756.15999999997
-323540.58000000002
-322272.02000000002
-321023.57000000001
-319736.72999999998
-318463.83000000002
-317171.04999999999
-315870.20000000001
-314523.33000000002
-313227.04999999999
-311847.79999999999
-310515.15999999997
-309135.09000000003
-307772.45000000001
-306388.71999999997
-304996.91999999998
-303558.81
-302171.88
-300701.78000000003
-299312.01000000001
-297812.39000000001
-296368.35999999999
-294873.71000000002
-293397.53999999998
-291899.85999999999
-290360.60999999999
-288871.14000000001
-287298.71000000002
-285772.41999999998
-284199.12
-282643.62
-281066.67999999999
-279481.34000000003
-277884.28999999998
-276242.48999999999
-274617.06
-273004.5
-271339.32000000001
-269694.14000000001
-268009.77000000002
-266339.75
-264650.73999999999
-262953.71000000002
-261209.85000000001
-259516.81
-257741.89000000001
-256014.01000000001
-254237.95000000001
-252479.20999999999
-250700.85000000001
-248914.98000000001
-247082.20000000001
-245300.25
-243436.87
-241654.53
-239761.92000000001
-237924.34
-236038.10000000001
-234171.23000000001
-232282.48000000001
-230351.64999999999
-228472.51999999999
-226511.70000000001
-224596.59
-222633.97
-220691.26000000001
-218728.31
-216756.79999999999
-214671.62
-212088.5
-208764.04000000001
-204593.59
-199513.07000000001
-193717.51000000001
-187698.92999999999
-181764.66
-176803.79000000001
-175102.88
-174441.73999999999
-173920.91
-173429.54999999999
-173005.01000000001
-172516.37
-172091.01000000001
-171603.26000000001
-171212.57999999999
-170747.45999999999
-170349
-169920.59
-169493.98000000001
-169125.10999999999
-168695.06
-168327.75
-167930.95000000001
-167535.10000000001
-167164.16
-166793.34
-166447.06
-166100.41
-165728.82999999999
-165423.72
-165053.91
-164746.95000000001
-164410.45999999999
-164074.76999999999
-163762.98000000001
-163417.70999999999
-163158.12
-162860.64000000001
-162566.48999999999
-162278.92999999999
-161996.57999999999
-161736.34
-161442.73999999999
-161184.31
-160921.32000000001
-160683.53
-160411.22
-160174.16
-159965.56
-159721.09
-159478.88
-159276.01999999999
-159033.57999999999
-158844.26999999999
-158627.29000000001
-158442.81
-158220.87
-158034.42999999999
-157842.64000000001
-157675.76999999999
-157506.88
-157311.60999999999
-157148.07999999999
-156980.32999999999
-156803.31
-156685.13
-156503.84
-156382.78
-156230.62
-156078.20999999999
-155981.73000000001
-155822.39999999999
-155722.57000000001
-155559.14999999999
-155489.01999999999
-155343.09
-155261
-155146.97
-155032.25
-154972.17999999999
-154849.78
-154786.92000000001
-154692.16
-154596.34
-154556.13
-154452.78
-154407.63
-154331.60999999999
-154254.82999999999
-154198.97
-154140.29000000001
-154104.32999999999
-154065.73999999999
-153998.35999999999
-153961.60999999999
-153919.92999999999
-153900.29000000001
-153843.60999999999
-153853.70999999999
-153796.81
-153765.04999999999
-153761.81
-153721.01999999999
-153762.57999999999
-153713.13
-153698.35999999999
-153709.84
-153681.82999999999
-153736.14999999999
-153701.59
-153700.35000000001
-153722.88
-153708.20999999999
-153743.59
-153747.5
-153780.42999999999
-153774.39000000001
-153382.62
-151811.06
-150057.01000000001
-148296.51000000001
-146505.45999999999
-144741.54000000001
-142968.92999999999
-141182.87
-139451.06
-137651.87
-135908.57999999999
-134130.42000000001
-132347.75
-130616.66
-128819.10000000001
-127077.21000000001
-125300.73
-123519.71000000001
-121790.3
-119994.63
-118254.7
-116447.07000000001
-114728.81
-112931.77
-111194.69
-109421.73
-107644.91
-105919.72
-104128.35000000001
-102392.94
-100623.11
-98848.944000000003
-97093.611999999994
-95332.873999999996
-93591.305999999997
-91844.231
-90066.823999999993
-88316.982999999993
-86558.875
-84821.073999999993
-83077.498999999996
-81303.712
-79557.599000000002
-77803.335999999996
-76069.383000000002
-74296.639999999999
-72587.645000000004
-70808.841
-69054.447
-67326.232000000004
-65557.373000000007
-63869.485000000001
-62089.633000000002
-60341.705999999998
-58617.500999999997
-56853.574000000001
-55137.347000000002
-53389.980000000003
-51670.910000000003
-49910.684999999998
-48182.131999999998
-46444.423000000003
-44727.769999999997
-43005.571000000004
-41253.559999999998
-39529.542000000001
-37797.726999999999
-36053.474000000002
-34364.593000000001
-32609.164000000001
-30910.625
-29178.166000000001
-27442.089
-25758.552
-24009.48
-22317.062999999998
-20590.913
-18861.163
-17184.026000000002
-15441.447
-13755.572
-12002.915000000001
-10340.566999999999
-8600.2788
-6920.9252999999999
-5206.5700999999999
-3489.2204000000002
-1824.4304999999999
-94.370307
1578.8757000000001
3285.6623
4995.8510999999999
6653.2493000000004
8375.9153000000006
10041.718000000001
11740.995000000001
13443.593999999999
15126.377
16813.645
18480.777999999998
20185.837
21826.662
23527.260999999999
24484.669000000002
24193.004000000001
23790.264999999999
23399.400000000001
22999.901000000002
22601.130000000001
22183.956999999999
21801.919999999998
21389.507000000001
20985.950000000001
20558.918000000001
20170.473000000002
19751.569
19306.130000000001
18900.149000000001
18496.684000000001
18056.120999999999
17658.383000000002
17212.442999999999
16796.460999999999
16351.157999999999
15947.965
15512.002
15084.132
14669.304
14198.743
13793.637000000001
13432.127
13718.037
14780.573
16844.447
19985.116000000002
23928.012999999999
28153.421999999999
32288.310000000001
36057.269999999997
39520.063000000002
42657.555999999997
45673.603999999999
48617.254999999997
51573.019
54528.167000000001
57487.445
60450.680999999997
63450.383999999998
66392.701000000001
69376.820000000007
72336.035000000003
75325.567999999999
78345.024000000005
81311.347999999998
84318.255999999994
87302.426999999996
90351.889999999999
93336.797999999995
96368.020999999993
99409.171000000002
102455.19
105475.14
108546.67999999999
111560.17
114669.42
117723.75
120789.94
123896.08
126949.91
130099.28999999999
133194.82000000001
136303.48000000001
139453.42999999999
142551.81
145747.03
148889.59
152046.35999999999
155245.47
158427.60000000001
161646.60000000001
164851.04000000001
168074.98000000001
171307.82999999999
174553.22
177809.85999999999
181079
184360.57000000001
187654.26999999999
190960.89999999999
194280.97
197613.76000000001
200959.91
204320.45999999999
207694.45000000001
211082.14999999999
214485.16
217902.54999999999
221334.07999999999
224815.04999999999
228249.32000000001
231807.45999999999
238126.01999999999
247942.28
258041.82000000001
268042.92999999999
278098.41999999998
288134.21999999997
298123.98999999999
308162.97999999998
318095.29999999999
328108.26000000001
338005.26000000001
347982.89000000001
357838.67999999999
367777.79999999999
377625.59999999998
387455.87
397296.66999999998
407049.88
416865.62
426593.15000000002
436296.65999999997
446003.87
455621.48999999999
465297.47999999998
474878.14000000001
484466.62
493992.58000000002
503494.38
512959.57000000001
522390.97999999998
531785.63
541110.27000000002
550460.41000000003
559734.14000000001
568999.03000000003
578197.81000000006
587365.08999999997
596488.51000000001
605571.67000000004
614612.15000000002
623609.81000000006
632598.21999999997
641479.94999999995
650354.83999999997
659154.67000000004
667935.65000000002
676695.37
685348.34999999998
693990.75
702555.91000000003
711133.30000000005
719590
728072.43999999994
736411.68000000005
744765.26000000001
753063.60999999999
761278.37
769502.84999999998
777586.64000000001
785716.14000000001
793691.69999999995
801715.63
809584.66000000003
817501.87
825296.38
833042.71999999997
840766.87
848373.68999999994
856014.17000000004
863536.39000000001
871040.73999999999
878425.38
885826.89000000001
893131.43000000005
900409.54000000004
907604.56000000006
914718.82999999996
921834.93000000005
928857.56000000006
935853.22999999998
942765.43000000005
949628.81000000006
956432.81000000006
963181.40000000002
969871.95999999996
976505.52000000002
983116.52000000002
989608.77000000002
996080.78000000003
1.002467E6
1.0088238E6
1.015148E6
1.0213565E6
1.0275455E6
1.0336494E6
1.0397227E6
1.0457648E6
1.0516928E6
1.0576011E6
1.0634242E6
1.0692521E6
1.0747741E6
1.0776313E6
1.0783459E6
1.0791192E6
1.0799354E6
1.0807663E6
1.0817056E6
1.0826053E6
1.0836136E6
1.0846646E6
1.0857642E6
1.0868763E6
1.0880788E6
1.0892965E6
1.0905878E6
1.0918654E6
1.0932585E6
1.094658E6
1.0961327E6
1.0976258E6
1.0991403E6
1.1007582E6
1.1023847E6
1.1040846E6
1.1058036E6
1.1075429E6
1.1093839E6
1.1112338E6
1.1131568E6
1.1150975E6
1.1170906E6
1.119125E6
1.1212042E6
1.1233262E6
1.1254918E6
1.1277009E6
1.1299532E6
1.132248E6
1.1345859E6
1.1369997E6
1.1393955E6
1.1419029E6
1.1443636E6
1.1469293E6
1.1494994E6
1.152173E6
1.1548182E6
1.157545E6
1.1602832E6
1.1631215E6
1.1659318E6
1.1688226E6
1.1717572E6
1.1747308E6
1.1777123E6
1.1807778E6
1.1838191E6
1.1869871E6
1.1901327E6
1.1933219E6
1.1965818E6
1.1998205E6
1.2031838E6
1.2065242E6
1.2099069E6
1.2133592E6
1.2167895E6
1.2203433E6
1.223873E6
1.227444E6
1.2310835E6
1.2347328E6
1.2384441E6
1.2421668E6
1.2459337E6
1.2497337E6
1.2535702E6
1.2574417E6
1.2610189E6
1.2629618E6
1.2625468E6
1.2592232E6
1.2530083E6
1.2443394E6
1.2349635E6
1.2259113E6
1.2178269E6
1.210808E6
1.2046404E6
1.1989336E6
1.1934215E6
1.1879284E6
1.1824956E6
1.1770594E6
1.1716567E6
1.1662907E6
1.1609267E6
1.1555922E6
1.1502608E6
1.1449901E6
1.1397107E6
1.1344614E6
1.1292122E6
1.1240221E6
1.1188214E6
1.1136489E6
1.1084746E6
1.1033574E6
1.0982276E6
1.0931246E6
1.0880179E6
1.0829666E6
1.077901E6
1.0728601E6
1.0678473E6
1.0627947E6
1.0578565E6
1.0528154E6
1.0478922E6
1.042897E6
1.0379591E6
1.0330017E6
1.0280994E6
1.0231771E6
1.0182761E6
1.0133656E6
1.0084721E6
1.0036196E6
998749.75
993931.18000000005
989074.35999999999
984241.87
979396.13
974599.04000000004
969746.44999999995
964972.13
960181.37
955372.23999999999
950849.60999999999
947067.77000000002
943450.65000000002
939769.57999999996
936095
932354.55000000005
928590.15000000002
924805.63
920967.06000000006
917103.10999999999
913188.45999999996
909282.31999999995
905316.15000000002
901363.69999999995
897301.18999999994
893287.04000000004
889186.06999999995
885094.06000000006
880946.69999999995
876816.32999999996
872629.51000000001
868428.02000000002
864215.32999999996
859957.71999999997
855683.81999999995
851368.30000000005
847070.22999999998
842720.56999999995
838359.62
833957.96999999997
829576.05000000005
825144.42000000004
820703.63
816224.07999999996
811766.15000000002
807260.34999999998
802747.09999999998
798230.17000000004
793642.27000000002
789106.39000000001
784498.77000000002
779911.16000000003
775313.5
770683.02000000002
766044.47999999998
761406.80000000005
756734.22999999998
752055.81999999995
747345.69999999995
742662.91000000003
737938.28000000003
733211.95999999996
728487.68000000005
723698.02000000002
718965.80000000005
714167.25
709393.96999999997
704615.83999999997
699809.98999999999
695001.06999999995
690164.60999999999
685359.07999999996
680515.40000000002
675706.90000000002
670809.62
665981.72999999998
661087.62
656222.76000000001
651322.34999999998
646458.23999999999
641556.85999999999
636659.65000000002
631769.75
626853.13
621938.05000000005
616998.73999999999
612093.94999999995
607154.45999999996
602220.23999999999
597261.57999999996
592338.5
587381.37
582430.26000000001
577455.43000000005
572516.87
567544.93999999994
562579.69999999995
557624.60999999999
552645.48999999999
547670.53000000003
542673.92000000004
537714.31000000006
532722.47999999998
527738.31999999995
522732.09000000003
517730.5
512758
507756.78999999998
502762.91999999998
497781.09000000003
492776.70000000001
487778.03000000003
482792.39000000001
477784.32000000001
472782.35999999999
467760.54999999999
462777.41999999998
457730.67999999999
452754.02000000002
447720.12
442721.25
437726.75
432713.82000000001
427706.76000000001
422714.12
417700.03000000003
412693.12
407667.37
402681.22999999998
397665.64000000001
392660.27000000002
387635.41999999998
382650.71999999997
377636.71999999997
372633.21999999997
367610.48999999999
362628.15000000002
357616.75
352649.15999999997
347601.90999999997
342632
337604.48999999999
332614.01000000001
327596.03999999998
322621.71000000002
317617.78000000003
312625.26000000001
307647.07000000001
302649.23999999999
297659.67999999999
292652.62
287686.25
282691.67999999999
277708.42999999999
272706.89000000001
267746.46999999997
262724.90999999997
257808.34
252776.42999999999
247851.14000000001
242843.07000000001
237914.35000000001
232895.57000000001
227958.63
222963.85999999999
218007.29999999999
213024.03
208085.14000000001
203117.54000000001
198162.10999999999
193221.73999999999
188229.60999999999
183339.76000000001
178336.23999999999
173439.23999999999
168460.17999999999
163527.78
158599.17000000001
153622.85999999999
148714.76999999999
143754.04000000001
138830.32000000001
133913.78
128981.49000000001
124057.58
119117.60000000001
114219.03
109293.46000000001
104380.16
99482.490999999995
94566.528999999995
89660.032999999996
84737.376000000004
79856.392999999996
74948.578999999998
70053.232000000004
65140.877
60270.605000000003
55373.529999999999
50489.059999999998
45817.224999999999
42274.785000000003
40292.857000000004
40283.462
42222.059999999998
45803.529000000002
49850.135999999999
53705.447
56933.252
59482.987000000001
61503.142
63206.673999999999
64801.178
66381.235000000001
67964.438999999998
69544.898000000001
71157.277000000002
72708.243000000002
74327.017999999996
75888.759999999995
77484.125
79050.191999999995
80656.956000000006
82199.373000000007
83810.482000000004
85364.247000000003
86951.672000000006
88509.760999999999
90075.835999999996
91637.451000000001
93198.743000000002
94790.951000000001
96322.084000000003
97920.683000000005
99462.341
101037.44
102583.25
104169.57000000001
105691.64
107282.16
108815.41
110382.17999999999
111919.62
113464.97
115005.81
116546.28999999999
118117.55
119627.85000000001
121205.38
122726.10000000001
124280.13
125804.89999999999
127370.05
128871.09
130440.37
131952.51999999999
133498.07000000001
135014.35000000001
136538.51000000001
138058.17000000001
139577.45000000001
141127.44
142616.62
144172.87
145672.44
147205.25
148708.89999999999
150252.82999999999
151732.84
153280.94
154772.06
156296.54000000001
157791.85999999999
159295.07000000001
160793.82000000001
162292.25
163821.34
165322.20000000001
166830.66
168318.60999999999
169811.60999999999
171301.14999999999
172822.41
174282.82999999999
175810.26999999999
177281.29999999999
178785.54999999999
180244.70000000001
181741.39999999999
183225.48999999999
184718.54999999999
186203.70000000001
187688.19
189169.63
190648.82000000001
192125.5
193604.62
195079.70999999999
196554.53
198029.47
199501.17999999999
200975.64000000001
202441.19
203916.23000000001
205378.54000000001
206850.03
208312.14999999999
209777.54000000001
211241.98999999999
212703.70999999999
214164.92999999999
215626.51000000001
217088.20000000001
218543.66
220003.06
221456.60000000001
222915.60000000001
224368.28
225821.79000000001
227275.37
228726.07999999999
230179.76000000001
231624.82000000001
233079.60999999999
234521.98000000001
235973.76999999999
237416.5
238862.76999999999
240308.39999999999
241751.59
243197.78
244635.56
246083.19
247518.56
248963.51000000001
250399.54999999999
251842.48999999999
253275.87
254716.41
256153.76000000001
257591.39999999999
259026.57999999999
260463.45999999999
261897.48000000001
263334.96999999997
264767.46999999997
266201
267632.01000000001
269066.48999999999
270497.67999999999
271929.46000000002
273362.15999999997
274792.51000000001
276223.21999999997
277655.02000000002
279084.48999999999
280517.60999999999
281942.81
283375.17999999999
284804.91999999998
286235.32000000001
287663.72999999998
289094.25
290522.35999999999
291951.19
293381.31
294809.39000000001
296238.16999999998
297668.35999999999
299096.56
300525.53000000003
301955.98999999999
303384.53000000003
304813.91999999998
306244.88
307674
309104.04999999999
310535.72999999998
311965.65999999997
313399.78000000003
314829.77000000002
316261.63
317694.98999999999
319126.82000000001
320559.76000000001
321994.54999999999
323424.62
324864.92999999999
326294.62
327734.98999999999
329167.84999999998
330608.84999999998
332044.84000000003
333483.42999999999
334923.71999999997
336362.85999999999
337803.42999999999
339246.19
340687.75
342134.06
343576.79999999999
345021.96999999997
346469.20000000001
347915.46999999997
349360.22999999998
350806.89000000001
352257.53999999998
353711.5
355167.46000000002
356630.65999999997
358093.03999999998
359555.72999999998
361007.28999999998
362445.21999999997
363875.16999999998
365298.46999999997
366744.88
368233.08000000002
369767.97999999998
371354.32000000001
372965.15999999997
374492.07000000001
375884
377096.15999999997
378127.71999999997
379075.81
380334.88
382111.31
384572.58000000002
387710.34000000003
391170.37
393471.90000000002
393858.94
391695.72999999998
387015.46000000002
381138.09000000003
379601.07000000001
385207.81
400348
424882.72999999998
453903.07000000001
466731.5
452911.34000000003
403535.28000000003
319095.33000000002
207183.19
100164.7
14392.084000000001
-36201.027999999998
-52383.057999999997
-38752.712
-15613.173000000001
6819.0416999999998
19819.233
23870.155999999999
20088.744999999999
13853.544
7843.2322000000004
4359.5667999999996
3274.1286
4286.8122999999996
5957.5739999999996
7567.4546
8500.5990999999995
8791.2592999999997
8519.6882000000005
8071.8455999999996
7640.1295
7389.8144000000002
7311.7798000000003
7384.3188
7504.0055000000002
7619.7044999999998
7686.3148000000001
7706.9848000000002
7687.1674999999996
7655.0054
7623.9495999999999
7605.8444
7599.9076999999997
7605.1373000000003
7613.3023000000003
7621.598
7626.2074000000002
7627.4477999999999
7625.8509999999997
7623.4551000000001
7621.0101999999997
7619.8505999999998
7618.9002
7619.3072000000002
7619.7340999999997
7620.0006999999996
7620.3224
7620.1495999999997
7620.1405000000004
7619.6067999999996
7619.4056
7618.7768999999998
7618.9264000000003
7618.6598000000004
7618.6922000000004
7618.4620000000004
7618.3278
7618.1589999999997
7618.0020999999997
7617.8428999999996
7617.6866
7617.5308999999997
7617.3734000000004
7617.2187999999996
7617.0658999999996
7616.9112999999998
7616.7583999999997
7616.6094000000003
7616.4553999999998
7616.3064000000004
7616.1569
7616.0092000000004
7615.8613999999998
7615.7124000000003
7615.5685999999996
7615.4224999999997
7615.2776000000003
7615.1342999999997
7614.9911000000002
7614.8483999999999
7614.7091
7614.5664999999999
7614.4288999999999
7614.2874000000002
7614.1504000000004
7614.0145000000002
7613.8764000000001
7613.7404999999999
7613.607
7613.4705000000004
7613.3404
7613.2051000000001
7613.0771999999997
7612.9413000000004
7612.8140000000003
7612.6854999999996
7612.5559000000003
7612.4274999999998
7612.3013000000001
7612.1768000000002
7612.0493999999999
7611.9243999999999
7611.8044
7611.6794
7611.5559999999996
7611.4360999999999
7611.3162000000002
7611.1967999999997
7611.0780000000004
7610.9580999999998
7610.8420999999998
7610.7267000000002
7610.6102000000001
7610.4948000000004
7610.3828000000003
7610.2696999999998
7610.1543000000001
7610.0446000000002
7609.9359999999997
7609.8229000000001
7609.7155000000002
7609.6075000000001
7609.4983000000002
7609.3936999999996
7609.2862999999998
7609.1817000000001
7609.0798999999997
7608.9714000000004
7608.8735999999999
7608.7700999999997
7608.6673000000001
7608.5712000000003
7608.4683000000005
7608.3711000000003
7608.2722000000003
7608.1767
7608.0811999999996
7607.9845999999998
7607.8901999999998
7607.7969999999996
7607.7043000000003
7607.6111000000001
7607.5223999999998
7607.4291999999996
7607.3410999999996
7607.2524000000003
7607.1620000000003
7607.0796
7606.9886999999999
7606.9044999999996
7606.8216000000002
7606.7357000000002
7606.6526999999996
7606.5730999999996
7606.4889999999996
7606.4071999999996
7606.3298999999997
7606.2514000000001
7606.1706999999997
7606.0950999999995
7606.0167000000001
7605.9439000000002
7605.8671999999997
7605.7920999999997
7605.7210999999998
7605.6477000000004
7605.5744000000004
7605.5051000000003
7605.4340000000002
7605.3680999999997
7605.2959000000001
7605.2299000000003
7605.1623
7605.0964000000004
7605.0333000000001
7604.9673000000003
7604.9036999999998
7604.8406000000004
7604.7791999999999
7604.7188999999998
7604.6580999999996
7604.5995000000003
7604.5393000000004
7604.4823999999999
7604.4245000000001
7604.3705
7604.3136000000004
7604.2591000000002
7604.2061999999996
7604.1511
7604.1022000000003
7604.0492999999997
7603.9993000000004
7603.9486999999999
7603.9008999999996
7603.8531999999996
7603.8049000000001
7603.7593999999999
7603.7145
7603.6679000000004
7603.6264000000001
7603.5808999999999
7603.5411000000004
7603.4979000000003
7603.4580999999998
7603.4161000000004
7603.3807999999999
7603.3410000000003
7603.3035
7603.2671
7603.2308000000003
7603.1977999999999
7603.1625000000004
7603.1283999999996
7603.0977000000003
7603.0648000000001
7603.0346
7603.0045
7602.9767000000002
7602.9465
7602.9192999999996
7602.8936999999996
7602.8675000000003
7602.8414000000002
7602.8185999999996
7602.7942000000003
7602.7714999999998
7602.7520999999997
7602.7282999999998
7602.7094999999999
7602.6895999999997
7602.6719999999996
7602.6531999999997
7602.6390000000001
7602.6197000000002
7602.6066000000001
7602.5906999999997
7602.5771000000004
7602.5685000000003
7602.5502999999999
7602.5441000000001
7602.5321999999996
7602.5201999999999
7602.5173999999997
7602.5042999999996
7602.4979999999996
7602.4957999999997
7602.4867000000004
7602.4826999999996
7602.4799000000003
7602.4776000000002
7602.473
7602.4741999999997
0
0