0.00395823492450263
0.00265203954767329
0.00240619258240315
0.00230500737634636
0.00226011366937934
0.00224715084303918
0.00225267576046607
0.00226484320679503
0.00225190478845694
0.00221956481596436
0.00218825777178483
0.00216656186543551
0.00216599406426054
0.00220555720108478
0.00224628779671238
0.00219560498147913
0.00218676258112266
0.00220220912220893
0.00220511189828640
0.00220940283650992
0.00216021526923463
0.00215224089993778
0.00216500691527531
0.00216906168029567
0.00217393205073740
0.00214699845070389
0.00212585178169698
0.00210527216901991
0.00209664995634411
0.00209668232845953
0.00210009033872075
0.00210388721543752
0.00210575167739866
0.00210588403064933
0.00210455872197341
0.00210282672785451
0.00210120262168843
0.00210006581612712
0.00209936176558846
0.00209905150894240
0.00209879551139953
0.00209849235943013
0.00209799663634578
0.00209735435065744
0.00209658017008466
0.00209588173453239
0.00209533776840170
0.00209501404724745
0.00209488616306757
0.00209486948999574
0.00209450921413416
0.00209361923879098
0.00209203140085333
0.00208979738111434
0.00208727797109759
0.00208593564557516
0.00208647726257890
0.00208949715122969
0.00209483356554198
0.00210107531046636
0.00210288557062007
0.00209803829037749
0.00208495697636530
0.00206403479222252
0.00203862600476919
0.00202511846745320
0.00203436359984387
0.00207914156933628
0.00215874448657453
0.00224998503606857
0.00230363663211729
0.00231290050022786
0.00229098646884593
0.00225718087031340
0.00222163164661873
0.00219269063165420
0.00217074927018545
0.00215548647666407
0.00214464880808184
0.00213672491636674
0.00212986947634800
0.00212331501105904
0.00211658745522017
0.00210974164089239
0.00210284277067278
0.00209609836987473
0.00208956126520697
0.00208325660951669
0.00207711902831946
0.00207109179879359
0.00206509333174902
0.00205907836351996
0.00205301314689226
0.00204688691025939
0.00204069186139531
0.00203442857325784
0.00202809309243818
0.00202168089256976
0.00201518412413077
0.00200859568244456
0.00200190788987667
0.00199511455848293
0.00198821144837563
0.00198119466344178
0.00197406179725864
0.00196681055799502
0.00195943899759443
0.00195194522529613
0.00194432729304363
0.00193658325278042
0.00192871224506981
0.00192071295210887
0.00191258422798201
0.00190432555702722
0.00189593596521624
0.00188741493688705
0.00187876201367343
0.00186997667991335
0.00186105882101525
0.00185200757754245
0.00184282306408651
0.00183350436391494
0.00182405302401380
0.00181446864331263
0.00180475093533253
0.00179489972818617
0.00178491622508492
0.00177479950929629
0.00176455021107387
0.00175416695531895
0.00174365151820070
0.00173300430078956
0.00172222604793068
0.00171131584289158
0.00170027540454564
0.00168910456100553
0.00167780336956704
0.00166637039783566
0.00165480833871303
0.00164311719219917
0.00163129804691387
0.00161935084556136
0.00160727639028256
0.00159507491026057
0.00158274531687559
0.00157028881333899
0.00155770631638324
0.00154499931569861
0.00153216809776399
0.00151921306364985
0.00150613415606040
0.00149293040096738
0.00147960311617374
0.00146615442162332
0.00145258443190766
0.00143889406375924
0.00142508371824853
0.00141115224945992
0.00139709902713985
0.00138292771821820
0.00136863878106121
0.00135423273133090
0.00133970997009772
0.00132506946603764
0.00131031047430553
0.00129543671912705
0.00128044860157266
0.00126534692378328
0.00125013208682936
0.00123480162699238
0.00121935720584996
0.00120380111523326
0.00118813455835366
0.00117235799357739
0.00115647056146777
0.00114047002748938
0.00112436068882571
0.00110814340491343
0.00109181920707657
0.00107538786613203
0.00105884657458661
0.00104219796804615
0.00102544479670809
0.00100858717516397
0.000991625848258930
0.000974557893908218
0.000957384916393660
0.000940110066983127
0.000922734090521753
0.000905257101601098
0.000887676407319525
0.000869993726550418
0.000852212267857430
0.000834332489606798
0.000816354449094301
0.000798275338826744
0.000780097966297321
0.000761824795224552
0.000743456341270453
0.000724991687702551
0.000706429115647462
0.000687772406626632
0.000669022649259874
0.000650180473800761
0.000631243932192789
0.000612213883872653
0.000593093079037767
0.000573882319829046
0.000554581256742235
0.000535188732402587
0.000515707313661024
0.000496138180810605
0.000476481797947143
0.000456737488980440
0.000436906101888034
0.000416989344084153
0.000396987794256170
0.000376901767530873
0.000356731493091381
0.000336478093934971
0.000316142314906777
0.000295724889392776
0.000275226900283203
0.000254648278823120
0.000233989540674545
0.000213251762998131
0.000192437340757463
0.000171545185332729
0.000150575239428150
0.000129528706255096
0.000108409539222353
8.72159736199130e-05
6.59469437462760e-05
4.46037937604296e-05
2.31922177169420e-05
1.70975625177323e-06
-1.98458485471557e-05
-4.14729546973955e-05
-6.31638757409414e-05
-8.49222917857115e-05
-0.000106751554061849
-0.000128649347819863
-0.000150605726512429
-0.000172626689007662
-0.000194716188714348
-0.000216870627457535
-0.000239077898639010
-0.000261347673786357
-0.000283683717232288
-0.000306079508717095
-0.000328522231174902
-0.000351025847587175
-0.000373592901886525
-0.000396212129722700
-0.000418874346582243
-0.000441596363046864
-0.000464378454136305
-0.000487200566327735
-0.000510062670973266
-0.000532983286068835
-0.000553688743196026
-0.000556206170778804
-0.000549959951054048
-0.000543645045148812
-0.000537317339366433
-0.000530976186264602
-0.000524622577060305
-0.000518256712288770
-0.000511877560625967
-0.000505484594950722
-0.000499079883640677
-0.000492663713174730
-0.000486235161090830
-0.000479794972234110
-0.000473343822694770
-0.000466881718202387
-0.000460408355089330
-0.000453924472471154
-0.000447430276612666
-0.000440926065451919
-0.000434411884825536
-0.000427887923809591
-0.000421354503260448
-0.000414812299268306
-0.000408260870655662
-0.000401700360661965
-0.000395131800611247
-0.000388555247799287
-0.000381970106349977
-0.000375376863277445
-0.000368777071297314
-0.000362169567305260
-0.000355554093470277
-0.000348932362936170
-0.000342304650722683
-0.000335669444221235
-0.000329027511195272
-0.000322381223690066
-0.000315728501868821
-0.000309068990497704
-0.000302405073081142
-0.000295736950154364
-0.000289062324156611
-0.000282382518620390
-0.000275700335309319
-0.000269012834949910
-0.000262319627930861
-0.000255624289508814
-0.000248925851385095
-0.000242221947244011
-0.000235514714218137
-0.000228806787913331
-0.000222094352430678
-0.000215377562468781
-0.000208660938664645
-0.000201941805305367
-0.000195218242982332
-0.000188493695171889
-0.000181769491136123
-0.000175041368069039
-0.000168310752635546
-0.000161582308712096
-0.000154851515661687
-0.000148117491129313
-0.000141385277143571
-0.000134653464228286
-0.000127918459938082
-0.000121183587428172
-0.000114451843267822
-0.000107717858842494
-0.000100982373267742
-9.42512307130772e-05
-8.75198933527622e-05
-8.07864074007155e-05
-7.40562560630365e-05
-6.73288893002418e-05
-6.05996317767231e-05
-5.38716513761298e-05
-4.71491215230416e-05
-4.04258176039722e-05
-3.37021429812093e-05
-2.69846923989749e-05
-2.02687544253197e-05
-1.35518177862276e-05
-6.83976847712788e-06
-1.32350827063747e-07
6.57581197753127e-06
1.32813358703022e-05
1.99796147117537e-05
2.66774644078167e-05
3.33744632615538e-05
4.00635106070102e-05
4.67497922851895e-05
5.34359691120922e-05
6.01156314088643e-05
6.67893979699246e-05
7.34628780520872e-05
8.01322041902352e-05
8.67928672065207e-05
9.34521551240980e-05
0.000100109351745723
0.000106757226344021
0.000113401571522302
0.000120044690570900
0.000126679123579325
0.000133306428992778
0.000139904966195337
0.000143748074876599
0.000142529840553436
0.000140767399457302
0.000139003915577981
0.000137240362943724
0.000135475859199527
0.000133710203810162
0.000131943711902417
0.000130176320450932
0.000128407788813436
0.000126638563897007
0.000124868892073499
0.000123098200385115
0.000121326672178350
0.000119554920518044
0.000117782360987248
0.000116008873264824
0.000114235259491685
0.000112461187352309
0.000110686209939618
0.000108910957507184
0.000107135693615595
0.000105359627583093
0.000103583068806886
0.000101806848075779
0.000100030071575611
9.82526648218677e-05
9.64756362202695e-05
9.46985044862681e-05
9.29207023916464e-05
9.11430721843633e-05
8.93658888841604e-05
8.75881326261623e-05
8.58102273991375e-05
8.40331930679613e-05
8.22558894466214e-05
8.04781847548249e-05
7.87014025250786e-05
7.69248781263400e-05
7.51479240092551e-05
7.33715371203875e-05
7.15961070710376e-05
6.98203504357446e-05
6.80447141215885e-05
6.62704987427643e-05
6.44963292005638e-05
6.27219877710247e-05
6.09490214401939e-05
5.91768114136527e-05
5.74043550152596e-05
5.56327746693353e-05
5.38627275584707e-05
5.20926340380247e-05
5.03228315801386e-05
4.85550230153796e-05
4.67876831300971e-05
4.50203323586164e-05
4.32546821258716e-05
4.14904104295820e-05
3.97261169608961e-05
3.79628003852509e-05
3.62017395444452e-05
3.44409875278910e-05
3.26805873074230e-05
3.09226072606817e-05
2.91657570867124e-05
2.74090266609222e-05
2.56540489130274e-05
2.39013205974362e-05
2.21488730311647e-05
2.03972602644006e-05
1.86485896359146e-05
1.69008357399007e-05
1.51534365047621e-05
1.34085216146231e-05
1.16657610457939e-05
9.92333909502152e-06
8.18230427507119e-06
6.44452270948161e-06
4.70756551556766e-06
2.97122677229777e-06
1.23801878501204e-06
-4.93126909445047e-07
-2.22381490229708e-06
-3.95258401365659e-06
-5.67788621469355e-06
-7.40233912039078e-06
-9.12591648928127e-06
-1.08458561491305e-05
-1.25637102426054e-05
-1.42809690329312e-05
-1.59959056253133e-05
-1.77071185649849e-05
-1.94173889890835e-05
-2.11265891280208e-05
-2.28317252773172e-05
-2.45345930867027e-05
-2.62367361044773e-05
-2.79363667023203e-05
-2.96319625313700e-05
-3.13264617191998e-05
-3.30197502472085e-05
-3.47084574046873e-05
-3.63943771224929e-05
-3.80765078703992e-05
-3.91328231747427e-05
-3.87936098146712e-05
-3.82672466663138e-05
-3.77430057536296e-05
-3.72214995685015e-05
-3.67025103869674e-05
-3.61855953126518e-05
-3.56708775314804e-05
-3.51586733161563e-05
-3.46486136818593e-05
-3.41406298736541e-05
-3.36351046273478e-05
-3.31320568505477e-05
-3.26310912023751e-05
-3.21322598219893e-05
-3.16360514423896e-05
-3.11420942139670e-05
-3.06501904662822e-05
-3.01606089165410e-05
-2.96736366165988e-05
-2.91887836875409e-05
-2.87059951254188e-05
-2.82257401826667e-05
-2.77479357804045e-05
-2.72721728267662e-05
-2.67985578919020e-05
-2.63276226806455e-05
-2.58589437771863e-05
-2.53923229381272e-05
-2.49280707065932e-05
-2.44665371597970e-05
-2.40071539236060e-05
-2.35498287518151e-05
-2.30949776117836e-05
-2.26426022223848e-05
-2.21921662951225e-05
-2.17437196773250e-05
-2.12978404834074e-05
-2.08542210350338e-05
-2.04125015147089e-05
-1.99728377669529e-05
-1.95358147816747e-05
-1.91008590281213e-05
-1.86677682521910e-05
-1.82368426837685e-05
-1.78084994361287e-05
-1.73820870562585e-05
-1.69575110061217e-05
-1.65352181927985e-05
-1.61153885250365e-05
-1.56974020625015e-05
-1.52812261465991e-05
-1.48674526427317e-05
-1.44559938883566e-05
-1.40463113031464e-05
-1.36384461400624e-05
-1.32330441225396e-05
-1.28298204905539e-05
-1.24283220344894e-05
-1.20286490219601e-05
-1.16314918671093e-05
-1.12363904848274e-05
-1.08429741714210e-05
-1.04513964795791e-05
-1.00623461045716e-05
-9.67523519170059e-06
-9.28978012685751e-06
-8.90617686160829e-06
-8.52510549685575e-06
-8.14589338014842e-06
-7.76830445287469e-06
-7.39257362773057e-06
-7.01935121181353e-06
-6.64792043492187e-06
-6.27808477253185e-06
-5.91009747198892e-06
-5.54461170517953e-06
-5.18086526634883e-06
-4.81868156990434e-06
-4.45833019248868e-06
-4.10045955043860e-06
-3.74430222408329e-06
-3.38967016867441e-06
-3.03683811747471e-06
-2.68647070152654e-06
-2.33780153248314e-06
-1.99062806976393e-06
-1.64519811761531e-06
-1.30222844623897e-06
-9.60951063006334e-07
-6.21136383728886e-07
-2.83010640792036e-07
5.26885897860943e-08
3.86665306405002e-07
7.19210085183445e-07
1.05014552291819e-06
1.37867344929358e-06
1.70544061906875e-06
2.03079556247048e-06
2.35462746946119e-06
2.67611122352012e-06
2.99576506497296e-06
3.31402845244858e-06
3.63084420475902e-06
3.94540777456836e-06
4.25803199683274e-06
4.56928948557261e-06
4.87915623385637e-06
5.18691770601769e-06
5.49259561715702e-06
5.79692226463232e-06
6.09989948190852e-06
6.40098078184064e-06
6.69987223707977e-06
6.99738572882160e-06
7.29359344974833e-06
7.58806797334480e-06
7.88012805279258e-06
8.17073224648293e-06
8.46006218203691e-06
8.70440633630620e-06
8.73989018551645e-06
8.71283683730375e-06
8.68488852901507e-06
8.65608307586487e-06
8.62673044802031e-06
8.59667537391893e-06
8.56575341467351e-06
8.53395998662171e-06
8.50147499851117e-06
8.46830761766664e-06
8.43429225928531e-06
8.39941116167555e-06
8.36379324034124e-06
8.32758173473117e-06
8.29055491017864e-06
8.25268125400490e-06
8.21400602987578e-06
8.17476300457168e-06
8.13476195610462e-06
8.09393355658139e-06
8.05227150346625e-06
8.00999581255252e-06
7.96705892834321e-06
7.92330443336025e-06
7.87872201436333e-06
7.83344517051870e-06
7.78760396324588e-06
7.74097379308916e-06
7.69353174173673e-06
7.64532192693883e-06
7.59656436448879e-06
7.54709117775263e-06
7.49682329855462e-06
7.44574468407650e-06
7.39407706898499e-06
7.34180039975726e-06
7.28873992426578e-06
7.23488418335466e-06
7.18032255843995e-06
7.12524870925638e-06
7.06943173381253e-06
7.01283438985171e-06
6.95546584469865e-06
6.89756731358509e-06
6.83903910185468e-06
6.77973797005864e-06
6.71965245904107e-06
6.65893440261767e-06
6.59769667347409e-06
6.53572555835274e-06
6.47297865837678e-06
6.40950295608541e-06
6.34552992642788e-06
6.28091919474436e-06
6.21555215877127e-06
6.14941277569034e-06
6.08268897565838e-06
6.01545295135758e-06
5.94748697882577e-06
5.87876985862455e-06
5.80933940596839e-06
5.73944600341377e-06
5.66891455505849e-06
5.59764994990856e-06
5.52563333765252e-06
5.45303505864286e-06
5.37995687018400e-06
5.30616391687572e-06
5.23163259285685e-06
5.15639939553895e-06
5.08071596798563e-06
5.00443179418411e-06
4.92741028099605e-06
4.84967646667707e-06
4.77132947292575e-06
4.69255264623652e-06
4.61308368653078e-06
4.53289016439731e-06
4.45198817995016e-06
4.37064198132444e-06
4.28874075848258e-06
4.20612591670689e-06
4.12279860191295e-06
4.03884647664343e-06
3.95448990046631e-06
3.86948599657226e-06
3.78377019261776e-06
3.69734180105346e-06
3.61043974527992e-06
3.52305560281756e-06
3.43498190564876e-06
3.34619860025069e-06
3.25676269592396e-06
3.16693752407122e-06
3.07652449752068e-06
2.98541584291107e-06
2.89360554418554e-06
2.80124285684973e-06
2.70848935500186e-06
2.61508239478864e-06
2.52097619688225e-06
2.42619539846786e-06
2.33096929725511e-06
2.23527881374939e-06
2.13889149897324e-06
2.04182568757610e-06
1.94412687240689e-06
1.84607299529205e-06
1.74745578607303e-06
1.64813991211863e-06
1.54814617179680e-06
1.44762244551449e-06
1.34671781688997e-06
1.24519204471974e-06
1.14296806618038e-06
1.04008237868341e-06
9.36779807094709e-07
8.33035141271284e-07
7.28632261532812e-07
6.23548937116844e-07
5.17832557362613e-07
4.11777038159866e-07
3.05191859582567e-07
1.97936383410322e-07
9.00101398177393e-08
-1.84829922280503e-08
-1.27285496273068e-07
-2.36675257420909e-07
-3.46751124069263e-07
-4.57472656856951e-07
-5.68693659872965e-07
-6.80252163678202e-07
-7.92468526164652e-07
-9.05341440988542e-07
-1.01886867361447e-06
-1.13272822176158e-06
-1.24697738120937e-06
-1.36188475457221e-06
-1.47746220207646e-06
-1.58588546936758e-06
-1.63660157344872e-06
-1.66155720858188e-06
-1.68709617204626e-06
-1.71334852526136e-06
-1.74040387882634e-06
-1.76851444876260e-06
-1.79742188840034e-06
-1.82703045649198e-06
-1.85735453427817e-06
-1.88850567664164e-06
-1.92064247830007e-06
-1.95351318159829e-06
-1.98708673222379e-06
-2.02137206831818e-06
-2.05653907186772e-06
-2.09265941989258e-06
-2.12948393304765e-06
-2.16701599178393e-06
-2.20526768551090e-06
-2.24444459148544e-06
-2.28452264548016e-06
-2.32530475001354e-06
-2.36678626412744e-06
-2.40899090827457e-06
-2.45217135684259e-06
-2.49618098993172e-06
-2.54089358493970e-06
-2.58629619302036e-06
-2.63246146522211e-06
-2.67960471908437e-06
-2.72754656152149e-06
-2.77618294339786e-06
-2.82552154234794e-06
-2.87565924553490e-06
-2.92677498767814e-06
-2.97866531146462e-06
-3.03124645046469e-06
-3.08454527639894e-06
-3.13867672460107e-06
-3.19377480989937e-06
-3.24961768303556e-06
-3.30617606586631e-06
-3.36344411422211e-06
-3.42159228304701e-06
-3.48069322338943e-06
-3.54052222120212e-06
-3.60107331772402e-06
-3.66234674213824e-06
-3.72455586392769e-06
-3.78767226438572e-06
-3.85152457183583e-06
-3.91610006661494e-06
-3.98142848523264e-06
-4.04772554629879e-06
-4.11490289972137e-06
-4.18282074379839e-06
-4.25146229086643e-06
-4.32090133788951e-06
-4.39132529936243e-06
-4.46260285335853e-06
-4.53462095530484e-06
-4.60739266863908e-06
-4.68097460159142e-06
-4.75559330167404e-06
-4.83101838255754e-06
-4.90720595567479e-06
-4.98415286975793e-06
-5.06197990431017e-06
-5.14081442784937e-06
-5.22045504571054e-06
-5.30086491670745e-06
-5.38205847937654e-06
-5.46419375547771e-06
-5.54730907588745e-06
-5.63123438673217e-06
-5.71594235792503e-06
-5.80145493374960e-06
-5.88798130109687e-06
-5.97544273556580e-06
-6.06372407263955e-06
-6.15280640471090e-06
-6.24273327657228e-06
-6.33370980711433e-06
-6.42560650787536e-06
-6.51831451687430e-06
-6.61185388763397e-06
-6.70629222917421e-06
-6.80181174207385e-06
-6.89821647476697e-06
-6.99545428809421e-06
-7.09354523557841e-06
-7.19261536793448e-06
-7.29273974263359e-06
-7.39374303459043e-06
-7.49560003366202e-06
-7.59834339844267e-06
-7.70215074584889e-06
-7.80697165559468e-06
-7.91267549330278e-06
-8.01926111305758e-06
-8.12678409176522e-06
-8.23543121366690e-06
-8.34504147762220e-06
-8.45555701489380e-06
-8.56697839843950e-06
-8.67942423052291e-06
-8.79299305988476e-06
-8.90749179974812e-06
-9.02293362814225e-06
-9.13930880478466e-06
-9.25682130265040e-06
-9.37539835609950e-06
-9.49492938427749e-06
-9.61541152239539e-06
-9.73691008764185e-06
-9.85959983214440e-06
-9.98329167983063e-06
-1.01079615664731e-05
-1.02336249619324e-05
-1.03604113546701e-05
-1.04883545491962e-05
-1.06172998469060e-05
-1.07472472477995e-05
-1.08782529017406e-05
-1.10104772369119e-05
-1.11437787327380e-05
-1.12781178551312e-05
-1.14134940311335e-05
-1.15500356032911e-05
-1.16877746572406e-05
-1.18265754019844e-05
-1.19664464318896e-05
-1.21074169678035e-05
-1.22496543134026e-05
-1.23930370016340e-05
-1.25375031530561e-05
-1.26830676645715e-05
-1.28298508573171e-05
-1.29778538772085e-05
-1.31269821862095e-05
-1.32772323465735e-05
-1.34286794157714e-05
-1.35815078862134e-05
-1.37355286818271e-05
-1.38906994037356e-05
-1.40108119840757e-05
-1.37378646307579e-05
-1.32232757650904e-05
-1.27051030484144e-05
-1.21868610038452e-05
-1.16680196454223e-05
-1.11483005156572e-05
-1.06284289791186e-05
-1.01084772284888e-05
-9.58821550769171e-06
-9.06705481611410e-06
-8.54560363493436e-06
-8.02405848867621e-06
-7.50232713113465e-06
-6.97976269295897e-06
-6.45669233305019e-06
-5.93351253820253e-06
-5.41020130683668e-06
-4.88621484470926e-06
-4.36154902652416e-06
-3.83673859379156e-06
-3.31180371462586e-06
-2.78635810088159e-06
-2.26012381073231e-06
-1.73369253769307e-06
-1.20712295264209e-06
-6.80176647840804e-07
-1.52383362449290e-07
3.75672572525090e-07
9.03869741595969e-07
1.43236738692335e-06
1.96169885772998e-06
2.49135548208535e-06
3.02116525805936e-06
3.55123435473145e-06
4.08209665417511e-06
4.61335183077890e-06
5.14475889849417e-06
5.67640511879313e-06
6.20879755932447e-06
6.74161736907520e-06
7.27459531517739e-06
7.80779556890408e-06
8.34172519790398e-06
8.87608397229243e-06
9.41060088303234e-06
9.94535041463706e-06
1.04808029654564e-05
1.10166680458883e-05
1.15526952733761e-05
1.20889654349691e-05
1.26259179892962e-05
1.31632504146413e-05
1.37007484247893e-05
1.42385042659451e-05
1.47769321865945e-05
1.53156941416386e-05
1.58546182437386e-05
1.63938334083986e-05
1.69336868480424e-05
1.74738261936259e-05
1.80141190918985e-05
1.85547540459748e-05
1.90959946164406e-05
1.96374540567841e-05
2.01790808008038e-05
2.07211028857021e-05
2.12636423514894e-05
2.18063600071510e-05
2.23492575715603e-05
2.28926083455856e-05
2.34363710762655e-05
2.39802970999170e-05
2.45244133455566e-05
2.50690280644779e-05
2.56139355648325e-05
2.61589863046359e-05
2.67042879999535e-05
2.72500555099586e-05
2.77960269929388e-05
2.83421285373384e-05
2.88885646890904e-05
2.94353669608735e-05
2.99823182016834e-05
3.05294241410979e-05
3.10769019301215e-05
3.16246237991657e-05
3.21724694270938e-05
3.27205150172923e-05
3.32689072469569e-05
3.38174444349436e-05
3.43661002251940e-05
3.49150149923677e-05
3.54641704018154e-05
3.60134306625397e-05
3.65628238494723e-05
3.71124909102311e-05
3.76622788650846e-05
3.82121630768477e-05
3.87622203218650e-05
3.93124580485877e-05
3.98627742705283e-05
4.04131844575474e-05
4.09637688237361e-05
4.15144465820455e-05
4.20651793443032e-05
4.26160232603732e-05
4.31669605685637e-05
4.37179563184494e-05
4.42689938942541e-05
4.48201231433060e-05
4.53712884886990e-05
4.59224767524039e-05
4.64736610054041e-05
4.70248475502356e-05
4.75760409705605e-05
4.81273094483567e-05
4.86786930906696e-05
4.92300887650963e-05
4.93554496388398e-05
4.76174669650641e-05
4.53648627670266e-05
4.31047522489152e-05
4.08351134426707e-05
3.85566258762382e-05
3.62707402787550e-05
3.39762964106859e-05
3.16728668455158e-05
2.93622638487506e-05
2.70439998333067e-05
2.47166595934302e-05
2.23820238819483e-05
2.00401780695724e-05
1.76894737567261e-05
1.53311634291493e-05
1.29659094260534e-05
1.05922169005508e-05
8.21063932987159e-06
5.82226132312198e-06
3.42594659040266e-06
1.02156105958957e-06
-1.38955936092216e-06
-3.80817045976010e-06
-6.23490610013299e-06
-8.66837359352822e-06
-1.11089543579500e-05
-1.35575800227732e-05
-1.60129551304230e-05
-1.84751587490753e-05
-2.09452256405078e-05
-2.34220648930789e-05
-2.59055132138167e-05
-2.83965876028078e-05
-3.08944286233594e-05
-3.33987159920639e-05
-3.59103624306892e-05
-3.84287451341118e-05
-4.09534406865211e-05
-4.34852214350250e-05
-4.60236645367707e-05
-4.85683053229864e-05
-5.11197832145713e-05
-5.36778134515014e-05
-5.62419479807807e-05
-5.88126566278014e-05
-6.13897864128322e-05
-6.39729150659779e-05
-6.65623920914937e-05
-6.91581258161324e-05
-7.17597552764829e-05
-7.43675211148193e-05
-7.69813488466281e-05
-7.96009863704796e-05
-8.22265310891989e-05
-8.48579428957403e-05
-8.74950785506551e-05
-9.01378864877417e-05
-9.27863667070001e-05
-9.54404619126507e-05
-9.81000002173552e-05
-0.000100765015998581
-0.000103435549363374
-0.000106111267996213
-0.000108792269299923
-0.000111478690784375
-0.000114170028246709
-0.000116866505140465
-0.000119568253245937
-0.000122274625120816
-0.000124985987458090
-0.000127702494956364
-0.000130423328285991
-0.000133149031756877
-0.000135879708501425
-0.000138614395950539
-0.000141353873326820
-0.000144098106252801
-0.000146846046215716
-0.000149598713080441
-0.000152355877663857
-0.000155116462805311
-0.000157881740471107
-0.000160651177810495
-0.000163423817983959
-0.000166201110574718
-0.000168982138850302
-0.000171766198072622
-0.000174554863875616
-0.000177346835645086
-0.000180141821172560
-0.000182941321607459
-0.000185743348786234
-0.000188548252213141
-0.000191496589894481
-0.000195869157415068
-0.000201078598550378
-0.000206304987777269
-0.000211538344170948
-0.000216778266660960
-0.000222024354176847
-0.000227276566611564
-0.000232534886776377
-0.000237799108406480
-0.000243068950752553
-0.000248344711752650
-0.000253625864285599
-0.000258912161979548
-0.000264204143414826
-0.000269500931966004
-0.000274802504714771
-0.000280109497644281
-0.000285420592951603
-0.000290736237543819
-0.000296056981460412
-0.000301381037073061
-0.000306709561756511
-0.000312042704479790
-0.000317378379676524
-0.000322718632806041
-0.000328062633079538
-0.000333408747567299
-0.000338759399880797
-0.000344112785202979
-0.000349468078474618
-0.000354827794980435
-0.000360189047013143
-0.000365552298668557
-0.000370919641242627
-0.000376287235918128
-0.000381657242745946
-0.000387030630024755
-0.000392403180785184
-0.000397778716655725
-0.000403156332363062
-0.000408532641726626
-0.000413912285704558
-0.000419292393778304
-0.000424671264263213
-0.000430053515199113
-0.000435434379577149
-0.000440814625160766
-0.000446197844395339
-0.000451577849336682
-0.000456958243889326
-0.000462340552121006
-0.000467718322526948
-0.000473097599811891
-0.000478476900015146
-0.000483851301429253
-0.000489227925919604
-0.000494602201282996
-0.000499972145085457
-0.000505344432285299
-0.000510711809236837
-0.000516076155241640
-0.000521442180012781
-0.000526801042811484
-0.000532158576348102
-0.000537516184369233
-0.000542865226671327
-0.000548214578370631
-0.000553561357489434
-0.000558899622455402
-0.000564239142198941
-0.000569572897987061
-0.000574899377211183
-0.000580227139860766
-0.000585545964368745
-0.000590859517665009
-0.000596173357440170
-0.000601475738059429
-0.000606775311185491
-0.000612072764367712
-0.000617357211407983
-0.000622640799011561
-0.000627919459178102
-0.000633186717484519
-0.000638454319565613
-0.000643710118716128
-0.000648952739837354
-0.000655071184244218
-0.000671350748668829
-0.000694180194720037
-0.000717121883203311
-0.000740099954506576
-0.000763089198486846
-0.000786085604439556
-0.000809113637662556
-0.000832145280519666
-0.000855190387884961
-0.000878264544210470
-0.000901338700535978
-0.000924432509313860
-0.000947548262375295
-0.000970663156000037
-0.000993802285739514
-0.00101695602590277
-0.00104010999524914
-0.00106329049254142
-0.00108647843828504
-0.00110966953529654
-0.00113288624352147
-0.00115610478521136
-0.00117933043157790
-0.00120257762115753
-0.00122582349293424
-0.00124907973524704
-0.00127235207767389
-0.00129562144072020
-0.00131890346613378
-0.00134219551830878
-0.00136548447651168
-0.00138878638356075
-0.00141209281697641
-0.00143539690126510
-0.00145871215823080
-0.00148202781626696
-0.00150534187002129
-0.00152866360141007
-0.00155198304096768
-0.00157530099083501
-0.00159862232115334
-0.00162193992724600
-0.00164525489773280
-0.00166856895148713
-0.00169187865076222
-0.00171518307882559
-0.00173848303781816
-0.00176177824126103
-0.00178506404819606
-0.00180834303693333
-0.00183161646797998
-0.00185487534589864
-0.00187812625970395
-0.00190137018342415
-0.00192459359525529
-0.00194780921486042
-0.00197101492229569
-0.00199419450285550
-0.00201736709333022
-0.00204052541715583
-0.00206365262937317
-0.00208677422660411
-0.00210987548383333
-0.00213294190522860
-0.00215600391484886
-0.00217903802142449
-0.00220203517222233
-0.00222502859879450
-0.00224798564254669
-0.00227090418353504
-0.00229382026080487
-0.00231669233491604
-0.00233952922941858
-0.00236236726983672
-0.00238515328568705
-0.00240790601268949
-0.00243065690622699
-0.00245334271175896
-0.00247599316579497
-0.00249863892157706
-0.00252120778642304
-0.00254374404997048
-0.00256627636010913
-0.00258872725294510
-0.00261115104487735
-0.00263356652892158
-0.00265587475526656
-0.00267815169811592
-0.00270061376362889
-0.00272402831418049
-0.00274777804504223
-0.00277156072097720
-0.00279544647201951
-0.00281937891912213
-0.00284334230594568
-0.00286738980297355
-0.00289147866755424
-0.00291560127934906
-0.00293980886078489
-0.00296406010160472
-0.00298834635014583
-0.00301271206793312
-0.00303712293479467
-0.00306156955422263
-0.00308609203326267
-0.00311066092188412
-0.00313526705276225
-0.00315994400122386
-0.00318466884895714
-0.00320943265782049
-0.00323426155468936
-0.00325914024159063
-0.00328405937931224
-0.00330903804734877
-0.00333406742215016
-0.00335913971149041
-0.00338426574427184
-0.00340944254111392
-0.00343466546105851
-0.00345993593650009
-0.00348525677493186
-0.00351062683043824
-0.00353603945670880
-0.00356150009684258
-0.00358701385016398
-0.00361256627813655
-0.00363816184983109
-0.00366381557674184
-0.00368950488433166
-0.00371523131958661
-0.00374101969157921
-0.00376684375884245
-0.00379269590103765
-0.00381861358960461
-0.00384457001011853
-0.00387054264533804
-0.00389658392090142
-0.00392266925691924
-0.00394875814527538
-0.00397491584586273
-0.00400112683152502
-0.00402732784772167
-0.00405359504054367
-0.00407992594627248
-0.00410623668388690
-0.00413260517564707
-0.00415904952701932
-0.00418546809529079
-0.00421193009376312
-0.00423847935370766
-0.00426500523697415
-0.00429155203320017
-0.00431819697709650
-0.00434482868566775
-0.00437145369063280
-0.00439818268743767
-0.00442491890351076
-0.00445161564279176
-0.00447841694687038
-0.00450525383162807
-0.00453201840911201
-0.00455888021753379
-0.00458580923390494
-0.00461264216525385
-0.00463955210213042
-0.00466655949912794
-0.00469346519611683
-0.00472041185958807
-0.00474748021929499
-0.00477446406772713
-0.00480143617052448
-0.00482854624155889
-0.00485561185106839
-0.00488260469493792
-0.00490973877290395
-0.00493688213278625
-0.00496388729524837
-0.00499101850842543
-0.00501822712820060
-0.00504527663759606
-0.00507241965370369
-0.00509968104289180
-0.00512671307707451
-0.00515373680336919
-0.00518101326134731
-0.00520980496351043
-0.00523992821958943
-0.00527028810723782
-0.00530107565058450
-0.00533258345917544
-0.00536437459539607
-0.00539644281400642
-0.00542917142377144
-0.00546231634467041
-0.00549570167866021
-0.00552962914531576
-0.00556416612447377
-0.00559897262297862
-0.00563415704444513
-0.00567005393892989
-0.00570631706803729
-0.00574287859356440
-0.00578008819165358
-0.00581784095373255
-0.00585588993499159
-0.00589442936812327
-0.00593367182046958
-0.00597327409031123
-0.00601324878271971
-0.00605394425603447
-0.00609514278629335
-0.00613668681010269
-0.00617882499114559
-0.00622164270013351
-0.00626484715563315
-0.00630851055032668
-0.00635293483297215
-0.00639785415115261
-0.00644318657190336
-0.00648919966651473
-0.00653587624625285
-0.00658298999278867
-0.00663065549768119
-0.00667910079813289
-0.00672806691722036
-0.00677752463409605
-0.00682773235272557
-0.00687860584831303
-0.00692998698450698
-0.00698201040638926
-0.00703482680186001
-0.00708821787399928
-0.00714219107125840
-0.00719696583647290
-0.00725243445357732
-0.00730849951974646
-0.00736529109639982
-0.00742289283537551
-0.00748115003806882
-0.00754008848758054
-0.00759986918505111
-0.00766039701948652
-0.00772162901905215
-0.00778366373248876
-0.00784653954796863
-0.00791017625140042
-0.00797460019884272
-0.00803989962579599
-0.00810603270634117
-0.00817299428385811
-0.00824082389243467
-0.00830954846108723
-0.00837916455206901
-0.00844967846791576
-0.00852109994890999
-0.00859347655054872
-0.00866682431565018
-0.00874109339688622
-0.00881634166299414
-0.00889264245257171
-0.00896994763716414
-0.00904820393169650
-0.00912757462914038
-0.00920807634527185
-0.00928954005754135
-0.00937211187018663
-0.00945592642828954
-0.00954084106535911
-0.00962677728617740
-0.00971403073696669
-0.00980258537490873
-0.00989213466758311
-0.00998297827191669
-0.0100752886482058
-0.0101687690043126
-0.0102633929841784
-0.0103595862954452
-0.0104572475245830
-0.0105559400777521
-0.0106561887842927
-0.0107581569371766
-0.0108613311662192
-0.0109658575756583
-0.0110722592759608
-0.0111802526530183
-0.0112893598600294
-0.0114003750164984
-0.0115133852120100
-0.0116276077862161
-0.0117434999594372
-0.0118610095925140
-0.0119427425949472
-0.0119655640768850
-0.0119835933398244
-0.0120021399836528
-0.0120208648173555
-0.0120394040127325
-0.0120583139118030
-0.0120776758745739
-0.0120972779066609
-0.0121168295184619
-0.0121367615742390
-0.0121571531421677
-0.0121778460858966
-0.0121985602290640
-0.0122196473677560
-0.0122411837053593
-0.0122630724120067
-0.0122850974826094
-0.0123075075808503
-0.0123303680239182
-0.0123536209430758
-0.0123771179422541
-0.0124010177307624
-0.0124253684370555
-0.0124501534453573
-0.0124752954063654
-0.0125008676586777
-0.0125268982772261
-0.0125534027318710
-0.0125803821685281
-0.0126078251280415
-0.0126357459343560
-0.0126641932888843
-0.0126932405302240
-0.0127227891096345
-0.0127528269950020
-0.0127834429947849
-0.0128147654515291
-0.0128466190401494
-0.0128789814152917
-0.0129119912327426
-0.0129458284012497
-0.0129802373816362
-0.0130151872341814
-0.0130508756293245
-0.0130875071129984
-0.0131247476508085
-0.0131625685948651
-0.0132012421001209
-0.0132409669829307
-0.0132813398810068
-0.0133223413137841
-0.0133643408390406
-0.0134074845610140
-0.0134513198430460
-0.0134958466851368
-0.0135415509554966
-0.0135884739070866
-0.0136361354012746
-0.0136845749721484
-0.0137344051115909
-0.0137855009148028
-0.0138373942752656
-0.0138901831687622
-0.0139446049919749
-0.0140003079488175
-0.0140568846662977
-0.0141145259393613
-0.0141740470869507
-0.0142348447845076
-0.0142966084889071
-0.0143596888503198
-0.0144248564969802
-0.0144912955369880
-0.0145588180401864
-0.0146280130071887
-0.0146994178724069
-0.0147721193411155
-0.0148460641282394
-0.0149221351617412
-0.0150004304174036
-0.0150800961881120
-0.0151612493572565
-0.0152450289649339
-0.0153309542995541
-0.0154183847943021
-0.0155076963094915
-0.0156000662733913
-0.0156944771129574
-0.0157905902101328
-0.0158892168731554
-0.0159910870502563
-0.0160949877897831
-0.0162008967463818
-0.0163101271393190
-0.0164225162485807
-0.0165370745760547
-0.0166541791279703
-0.0167753511072736
-0.0168994692355594
-0.0170260436339129
-0.0171561170855213
-0.0172905581944020
-0.0174279024804306
-0.0175682123960068
-0.0177132073874738
-0.0178623540311243
-0.0180146582451837
-0.0181709657153578
-0.0183329030688268
-0.0184987669020658
-0.0186683435018173
-0.0188432847054046
-0.0190235567083178
-0.0192079740608788
-0.0193976483012100
-0.0195952545692571
-0.0197981543943734
-0.0200025759953936
-0.0201577157775812
-0.0202702401048825
-0.0203827936530314
-0.0204967818874993
-0.0206119378099536
-0.0207233471613856
-0.0208315456573337
-0.0209405640558867
-0.0210505530449445
-0.0211611705687037
-0.0212681629884930
-0.0213727707579390
-0.0214779744034920
-0.0215838443989607
-0.0216897281454164
-0.0217911537072683
-0.0218905870948665
-0.0219902479467093
-0.0220901488678683
-0.0221890431021813
-0.0222831731924277
-0.0223759516752355
-0.0224685124340811
-0.0225608107782565
-0.0226505709193995
-0.0227358826162211
-0.0228200919422448
-0.0229035495476414
-0.0229859672346398
-0.0230642149348052
-0.0231390088453816
-0.0232124522944348
-0.0232845401253448
-0.0233542318467555
-0.0234189353976019
-0.0234810388659739
-0.0235411736513619
-0.0235991724500896
-0.0236529193290196
-0.0237022653191252
-0.0237489178346360
-0.0237928654163959
-0.0238333454575797
-0.0238685651732464
-0.0239000285776082
-0.0239280800183000
-0.0239525000524863
-0.0239718310755362
-0.0239862432559149
-0.0239964883142496
-0.0240024487941924
-0.0240034405841358
-0.0239988110851511
-0.0239891750809526
-0.0239744781405497
-0.0239544589951878
-0.0239285395304517
-0.0238968108466307
-0.0238592133561143
-0.0238156095490314
-0.0237658859797388
-0.0237097309591958
-0.0236468969696350
-0.0235772447823121
-0.0235010752000696
-0.0234180725231624
-0.0233275950388599
-0.0232294714327814
-0.0231242517444102
-0.0230119302441683
-0.0228913890913975
-0.0227624013948109
-0.0226256495471425
-0.0224815672774431
-0.0223285949945945
-0.0221664192906828
-0.0219958291285917
-0.0218176742047315
-0.0216300305268262
-0.0214324987432924
-0.0212259892840668
-0.0210116744207981
-0.0207873339420303
-0.0205525146381472
-0.0203083120044533
-0.0200560610326112
-0.0197933151928357
-0.0195196247132577
-0.0192363532334294
-0.0189447956379679
-0.0186423558551036
-0.0183286700566364
-0.0180054456567958
-0.0176737019474995
-0.0173308147820456
-0.0169765819063326
-0.0166131129509621
-0.0162408886275242
-0.0158574457904576
-0.0154628039203274
-0.0150594622590359
-0.0146471566730396
-0.0142237918556817
-0.0137896737664248
-0.0133475526026855
-0.0128963523497245
-0.0124345288862840
-0.0119627411138284
-0.0114836945390663
-0.0109956622672032
-0.0104977384519649
-0.00999099165963939
-0.00947767476027712
-0.00895580646582252
-0.00842507508723504
-0.00788695312604818
-0.00734285922576266
-0.00679108597214900
-0.00623176399958450
-0.00566662037475101
-0.00509619041211652
-0.00451935776071301
-0.00393655626418294
-0.00334939444424037
-0.00275782193789510
-0.00216145142567762
-0.00156092674026233
-0.000957663603065212
-0.000351373042822291
0.000257837831736210
0.000805469912564422
0.00115956161147672
0.00147754665605546
0.00179631630903886
0.00211713314022425
0.00244090660551986
0.00276530178731897
0.00308999863139721
0.00341638879494319
0.00374440117389451
0.00407231082151317
0.00440005270708942
0.00472916545148629
0.00505884805970621
0.00538778673952492
0.00571609447821964
0.00604519060684046
0.00637382544714041
0.00670110180450812
0.00702729412572743
0.00735356207737570
0.00767847040017613
0.00800142894759972
0.00832283993601867
0.00864351696550206
0.00896206660269212
0.00927809407966802
0.00959208927534459
0.00990453748497430
0.0102141971090151
0.0105207954195566
0.0108248475056564
0.0111265928636731
0.0114249709487278
0.0117197852362968
0.0120115296159994
0.0123002997717876
0.0125852081920365
0.0128661110643397
0.0131434421177481
0.0134172322919825
0.0136867430444451
0.0139518569187879
0.0142129291488438
0.0144699946850384
0.0147224387436575
0.0149701644948336
0.0152134383639416
0.0154523371273259
0.0156863542902958
0.0159154067739708
0.0161396704763942
0.0163592743130697
0.0165738189324142
0.0167832304228722
0.0169876016036064
0.0171871032160398
0.0173814436246546
0.0175705586581778
0.0177544861318240
0.0179333870467334
0.0181071015476813
0.0182755683281836
0.0184388074417632
0.0185969220208231
0.0187498765419800
0.0188976314711461
0.0190402080077599
0.0191776468318247
0.0193099811748927
0.0194372202042885
0.0195593994433956
0.0196765383727790
0.0197886421490587
0.0198957967159040
0.0199980610879679
0.0200954747993383
0.0201879880026869
0.0202756917983032
0.0203587156746488
0.0204371186463767
0.0205108858165842
0.0205799661920275
0.0206445849451202
0.0207048348950250
0.0207607716186480
0.0208122747948523
0.0208594527126612
0.0209025357011082
0.0209415999635803
0.0209766546674019
0.0210075353736861
0.0210345239776680
0.0210577917937282
0.0210774075768023
0.0210933094474484
0.0211053845329808
0.0211139943697682
0.0211192609978210
0.0211212554639059
0.0211198391122363
0.0211149850137960
0.0211070678829829
0.0210961908522001
0.0210824169468051
0.0210655691228393
0.0210456559746696
0.0210230653947231
0.0209978867644161
0.0209701859738949
0.0209397762389183
0.0209066375059636
0.0208711760021073
0.0208334891301748
0.0207936387696079
0.0207514833998311
0.0207068832191425
0.0206602822698334
0.0206117934245893
0.0205614785628520
0.0205092849725046
0.0204549198721136
0.0203987992290384
0.0203411081086466
0.0202819009419290
0.0202212086686064
0.0201587264751318
0.0200946153626456
0.0200292156680782
0.0199625864060824
0.0198947762780709
0.0198256632440332
0.0197549734301434
0.0196831766617933
0.0196104127406851
0.0195367223468221
0.0194663751616938
0.0195074287336305
0.0196646689790950
0.0198189590648724
0.0199641866772042
0.0201004876070879
0.0202280102505924
0.0203469075874489
0.0204574214058472
0.0205596559841057
0.0206537373729396
0.0207399663751912
0.0208185882167968
0.0208895690932466
0.0209531347499118
0.0210097446989441
0.0210593553955511
0.0211020218436811
0.0211381686050604
0.0211681079416871
0.0211916656743917
0.0212090417654446
0.0212208320909529
0.0212269902413349
0.0212274457427820
0.0212225521102538
0.0212128593832336
0.0211980902501485
0.0211783134659340
0.0211540355252809
0.0211255715549766
0.0210926287735878
0.0210553538583099
0.0210143535714482
0.0209697012516002
0.0209211688615637
0.0208689489151577
0.0208136670822945
0.0207552471595873
0.0206935195515289
0.0206286853663053
0.0205613616794618
0.0204913978030984
0.0204186608110066
0.0203433306119339
0.0202659893310004
0.0201865017501663
0.0201047263488563
0.0200208063665190
0.0199352672054528
0.0198480641749495
0.0197590087718945
0.0196682121501001
0.0195760914228412
0.0194827686301281
0.0193879928164465
0.0192918384663099
0.0191945805994598
0.0190965200187387
0.0189973902987720
0.0188972103471667
0.0187961211115406
0.0186945007440384
0.0185921979838022
0.0184891389192764
0.0183853980349745
0.0182812314430307
0.0181767617564133
0.0180718067745435
0.0179664071774246
0.0178606603678819
0.0177548316253744
0.0176488155256680
0.0175425668050967
0.0174361341650732
0.0173296476670170
0.0172232522692501
0.0171168293695092
0.0170103967294857
0.0169039938832675
0.0167977497463586
0.0166917095824248
0.0165858120849819
0.0164800847560042
0.0163745619729594
0.0162693302524745
0.0161644056373678
0.0160597732307366
0.0159554565238505
0.0158514784350213
0.0157478756335480
0.0156446704647844
0.0155418783985912
0.0154395177696177
0.0153376034747666
0.0152361177523462
0.0151350966986978
0.0150345838586135
0.0149345929830807
0.0148351338123817
0.0147361553532729
0.0146376650542055
0.0145397534425112
0.0144424342691770
0.0143457138367388
0.0142495451626573
0.0141538480328411
0.0140587651137814
0.0139643267722411
0.0138705381648406
0.0137773821028458
0.0136847010228633
0.0135925946195492
0.0135011711819270
0.0134104324288699
0.0133203795062936
0.0132309110006683
0.0131419008612792
0.0130535668120883
0.0129659426576055
0.0128790261059998
0.0127928068440307
0.0127070705854829
0.0126218488430351
0.0125373438707891
0.0124535636901539
0.0123705031445093
0.0122881278563878
0.0122061759840769
0.0121247930588565
0.0120441354982047
0.0119642004373326
0.0118849838655356
0.0118064256222453
0.0117282019863072
0.0116505490163331
0.0115736311512102
0.0114974460991073
0.0114219824008684
0.0113372270460659
0.0111676613325125
0.0109583105755808
0.0107537096387708
0.0105540183773072
0.0103589623444063
0.0101684406994960
0.00998233942397512
0.00980048834937855
0.00962265256301025
0.00944874268345419
0.00927865557830725
0.00911225602952976
0.00894939277626383
0.00878995810244395
0.00863384715679363
0.00848095279620518
0.00833117819081121
0.00818441161384168
0.00804055107880905
0.00789950663133949
0.00776122326748467
0.00762559900075705
0.00749252382325996
0.00736192153160666
0.00723375946720282
0.00710796486440846
0.00698441740208661
0.00686304717938625
0.00674382898616441
0.00662673130974234
0.00651162695348953
0.00639844601655498
0.00628715755921774
0.00617777304063373
0.00607016870191918
0.00596427120447634
0.00586004044125952
0.00575750448720070
0.00565657991964491
0.00555717351835888
0.00545924345742356
0.00536280365971338
0.00526783458736752
0.00517422331040455
0.00508192742994765
0.00499093399715064
0.00490127526953739
0.00481284565098625
0.00472559139805605
0.00463948506606839
0.00455456045953318
0.00447076784571382
0.00438802752618099
0.00430631102493229
0.00422562177971447
0.00414597342692307
0.00406727721539561
0.00398949819470660
0.00391261820209393
0.00383666726054607
0.00376159328819943
0.00368734208324660
0.00361389170140402
0.00354124695551718
0.00346941105414973
0.00339831839363411
0.00332794399301048
0.00325827318455926
0.00318932287053542
0.00312105466276669
0.00305343023037656
0.00298643267111009
0.00292005900558673
0.00285430791600357
0.00278913700348375
0.00272452690205381
0.00266046363154354
0.00259694850975587
0.00253395947781569
0.00247147138287579
0.00240946972910396
0.00234794431785145
0.00228688672663865
0.00222627655816808
0.00216609880094549
0.00210634079260361
0.00204698895404270
0.00198803096667016
0.00192945560051322
0.00187125065157082
0.00181340208237700
0.00175589006859203
0.00169871105787760
0.00164185639857098
0.00158531508988253
0.00152906513023290
0.00147309139353630
0.00141739754672263
0.00136197436517137
0.00130680867085325
0.00125186935215998
0.00119715829985229
0.00114267700362045
0.00108841566588616
0.00103435274343632
0.000980460677000995
0.000926754649961745
0.000873229562994199
0.000819874644491806
0.000766656319127772
0.000713567997887453
0.000660621770180327
0.000607809328118364
0.000555114520021319
0.000502501192252320
0.000449983164553385
0.000397561582840104
0.000345227148007462
0.000292953635777177
0.000240721175972913
0.000188545404612899
0.000136419864462785
8.43331880399139e-05
3.22544551039146e-05
-1.98159126482757e-05
-7.18739572242084e-05
-0.000123928387582369
-0.000175994620871110
-0.000228094423757067
-0.000280223097986321
-0.000332386608049519
-0.000384594218674209
-0.000436860156402442
-0.000489195828823921
-0.000541607097296890
-0.000594103203630583
-0.000637831170667629
-0.000639608543043904
-0.000628943048279103
-0.000618260192893109
-0.000607558888266112
-0.000596813064818434
-0.000586036530832936
-0.000575244928057427
-0.000564437723641156
-0.000553595396912043
-0.000542720405859030
-0.000531830695520260
-0.000520926959174666
-0.000509994901525258
-0.000499028134092621
-0.000488046538512246
-0.000477051971167389
-0.000466035459538979
-0.000454984868380915
-0.000443918944872252
-0.000432841058004828
-0.000421746028240173
-0.000410619233695356
-0.000399476367684385
-0.000388322512342904
-0.000377155060712945
-0.000365959591446804
-0.000354747391813044
-0.000343525239902384
-0.000332292012717543
-0.000321035191130699
-0.000309761369886074
-0.000298478639147734
-0.000287186746814250
-0.000275875780715766
-0.000264548187382068
-0.000253212704419530
-0.000241869658414097
-0.000230511709776413
-0.000219138274089526
-0.000207757934261207
-0.000196371503891527
-0.000184973832089906
-0.000173562506704027
-0.000162145325689482
-0.000150723412043549
-0.000139293499906796
-0.000127852243205699
-0.000116406299709838
-0.000104956970033408
-9.35024149818869e-05
-8.20392254563927e-05
-7.05726382911734e-05
-5.91040801511388e-05
-4.76326486277617e-05
-3.61555488329173e-05
-2.46765072841052e-05
-1.31969283008813e-05
-1.71659782621333e-06
9.76639220394811e-06
2.12496650460772e-05
3.27319862053086e-05
4.42131505627517e-05
5.56939344762187e-05
6.71731765602591e-05
7.86499279967640e-05
9.01237229710461e-05
0.000101594211978850
0.000113061131459591
0.000124524023047031
0.000135982164814351
0.000147434216040307
0.000158880531958735
0.000170321198513303
0.000181755413563097
0.000193180799333268
0.000204598238178821
0.000216008343164597
0.000227410300690525
0.000238800804790129
0.000250181070133934
0.000261552328581200
0.000272913686317765
0.000284261098261597
0.000295595893674781
0.000306920003425085
0.000318232470672992
0.000329528499761757
0.000340809643407004
0.000352078353868097
0.000363333645657628
0.000374570064217387
0.000385789374257384
0.000396994469214483
0.000408184369330856
0.000419352955417250
0.000430502284392149
0.000441635645033298
0.000452751954450465
0.000463844572062802
0.000474915887104316
0.000485969417535870
0.000497004057548918
0.000508012593604820
0.000518997907681286
0.000529963643789891
0.000540908570071378
0.000551825043268758
0.000562716432373868
0.000573586559015200
0.000584433795992617
0.000595250322432214
0.000606040034447000
0.000616806713558421
0.000627548526301534
0.000638257222084088
0.000648937613751563
0.000659593139050729
0.000670221678037744
0.000680814521754123
0.000691376884115800
0.000701911801799091
0.000712416524606579
0.000722882343579777
0.000733316306099566
0.000743721506138039
0.000751836020911579
0.000750432503496627
0.000746540916856319
0.000742659643456323
0.000738786907127475
0.000734921447362625
0.000731065670584512
0.000727219691384697
0.000723380759565761
0.000719549849155958
0.000715728679028671
0.000711916848113445
0.000708111663508643
0.000704315531637004
0.000700529140047882
0.000696750999051009
0.000692980077322356
0.000689218609397322
0.000685466652571687
0.000681722144197389
0.000677985771823782
0.000674258967845354
0.000670541102008529
0.000666830398144144
0.000663128689717142
0.000659436320502201
0.000655752259175290
0.000652075875482833
0.000648408659115098
0.000644750667367865
0.000641100353255086
0.000637458518917676
0.000633825794609208
0.000630201836555005
0.000626585670726817
0.000622978328448673
0.000619380038903692
0.000615790057246741
0.000612208326182040
0.000608635475963163
0.000605071449294331
0.000601515673217749
0.000597968434212315
0.000594430018756925
0.000590900197668463
0.000587378913651148
0.000583866224000760
0.000580362128717299
0.000576866799688103
0.000573380065025835
0.000569901861705136
0.000566432224103474
0.000562971593398351
0.000559519453927752
0.000556075662452229
0.000552640797659154
0.000549214951221774
0.000545797372565377
0.000542388130444900
0.000538988353587198
0.000535597291417561
0.000532214222009165
0.000528839981880392
0.000525475430467935
0.000522119015056169
0.000518770638242269
0.000515431910037639
0.000512102435101399
0.000508780700824973
0.000505467417676024
0.000502164522251901
0.000498869951904541
0.000495582978977545
0.000492305614552773
0.000489038334185195
0.000485778616860514
0.000482526857919606
0.000479286008095118
0.000476053947443207
0.000472829192003184
0.000469613598158305
0.000466409119694652
0.000463212187085160
0.000460022702927005
0.000456844328420498
0.000453675608252839
0.000450513883899858
0.000447360742454649
0.000444219667500605
0.000441086407690886
0.000437960109318378
0.000434844788817225
0.000431740228463465
0.000428642492037044
0.000425552628050729
0.000422475649885226
0.000419407042633110
0.000416344949911125
0.000413293411071726
0.000410253910075602
0.000407221141333572
0.000404195643425961
0.000401183512623712
0.000398180721033522
0.000395184019984695
0.000392197076407119
0.000389223454098280
0.000386256621339313
0.000383296538023173
0.000380350515091325
0.000377415315332227
0.000374487185872321
0.000372657290454966
0.000373875954496476
0.000375618794706439
0.000377358369056969
0.000379094368150858
0.000380826883661353
0.000382556053098324
0.000384282271802650
0.000386005597070110
0.000387725547616158
0.000389442243761929
0.000391155811558138
0.000392866004632934
0.000394572834445473
0.000396276518719717
0.000397976919945794
0.000399673826129321
0.000401367460723838
0.000403057852377235
0.000404744674503568
0.000406428139097221
0.000408108291994819
0.000409784978497756
0.000411458089744051
0.000413127912212602
0.000414794199531558
0.000416456888675559
0.000418116174450258
0.000419771953723251
0.000421424106173401
0.000423072689096486
0.000424717805624912
0.000426359260953026
0.000427997037892096
0.000429631336977349
0.000431261951943979
0.000432888819766630
0.000434512112332639
0.000436131749427914
0.000437747616460898
0.000439359787916103
0.000440968280982264
0.000442572986797399
0.000444173893902352
0.000445771139806994
0.000447364552623986
0.000448954120894174
0.000450539924831647
0.000452121924329361
0.000453700027714068
0.000455274280822391
0.000456844758138845
0.000458411241939466
0.000459973841086237
0.000461532618604514
0.000463087419795692
0.000464638261848507
0.000466185207788315
0.000467728194589758
0.000469267147768323
0.000470802147538102
0.000472333182439939
0.000473860183718898
0.000475383139915824
0.000476902096867339
0.000478416997277665
0.000479927801039756
0.000481434571178969
0.000482937284776992
0.000484435832971845
0.000485930324625508
0.000487420696712625
0.000488906914855726
0.000490389013432281
0.000491866952335243
0.000493340731564612
0.000494810316742921
0.000496275736518060
0.000497736985160450
0.000499193965267266
0.000500646779970911
0.000502095326138983
0.000503539678255994
0.000504979727459965
0.000506415582612874
0.000507847134852742
0.000509274384179569
0.000510697410807446
0.000512116077226501
0.000513530463650828
0.000514940518514222
0.000516346224627952
0.000517747639287797
0.000519144676550086
0.000520537451006380
0.000521925825146807
0.000523309781782634
0.000524689194863145
0.000526064196168634
0.000527434860183614
0.000528801593708119
0.000530164247773122
0.000531501496889490
0.000531200396108993
0.000528121028709484
0.000524781355124492
0.000521449089883790
0.000518119219606673
0.000514799020857137
0.000511487193020988
0.000508178367483685
0.000504878755107729
0.000501588046495908
0.000498300151106862
0.000495020609442468
0.000491750418449291
0.000488483436019767
0.000485223993714827
0.000481974131264221
0.000478728021687174
0.000475488552690972
0.000472258818247709
0.000469033472661157
0.000465813982703271
0.000462604124165922
0.000459399473814930
0.000456199917058737
0.000453009802647007
0.000449825732940017
0.000446646092196782
0.000443475590130380
0.000440311476543394
0.000437150989779250
0.000433998730689045
0.000430853335633226
0.000427711469997425
0.000424577826305983
0.000421452295696921
0.000418331102378368
0.000415217982035148
0.000412113501895479
0.000409013616877327
0.000405921134473888
0.000402837326651467
0.000399758646801313
0.000396686796608076
0.000393623689750793
0.000390566352578508
0.000387515392426482
0.000384473112585052
0.000381437318625863
0.000378407534993945
0.000375386271244441
0.000372372129360330
0.000369363837375307
0.000366363859007892
0.000363371432224217
0.000360384952742455
0.000357406460292357
0.000354435886118988
0.000351471476971494
0.000348514814213391
0.000345566178593997
0.000342624149177981
0.000339689562483725
0.000336763054494379
0.000333843588156336
0.000330931427030180
0.000328027258665266
0.000325130510103800
0.000322241106861267
0.000319359530222216
0.000316485648406353
0.000313619329633386
0.000310760636928672
0.000307909782286595
0.000305066794355046
0.000302231386655126
0.000299403702426285
0.000296584280248849
0.000293772495598822
0.000290968233884646
0.000288172566537396
0.000285384771630252
0.000282604287664573
0.000279832455361601
0.000277068999701594
0.000274312671636558
0.000271564777510267
0.000268825970494606
0.000266094239507715
0.000263370478363754
0.000260656491879779
0.000257949753311911
0.000255250394440445
0.000252561400375493
0.000249880307398536
0.000247206112833432
0.000244541624173378
0.000241885563722490
0.000239392779054480
0.000242902741425764
0.000254129964012911
0.000265838557091638
0.000277525584038956
0.000289193840888905
0.000300830206907978
0.000312440153843117
0.000324026895987553
0.000335579111695254
0.000347100891884879
0.000358596126939855
0.000370054194222660
0.000381477912685648
0.000392871401895364
0.000404225334098905
0.000415541101583712
0.000426823139043120
0.000438063264639814
0.000449261633072398
0.000460422787896189
0.000471539739026086
0.000482611695780331
0.000493642863669141
0.000504627627706123
0.000515564481012276
0.000526456930089306
0.000537300958503070
0.000548094371825212
0.000558839897334838
0.000569534922344400
0.000580176948757913
0.000590767787122008
0.000601305970664731
0.000611789092963343
0.000622217841567196
0.000632591815405835
0.000642908837239637
0.000653168735181265
0.000663371566526498
0.000673515669697731
0.000683600357145608
0.000693625628870130
0.000703590396251486
0.000713493971740322
0.000723335782378843
0.000733115369800814
0.000742832161048437
0.000752485124797683
0.000762074089161213
0.000771598939547468
0.000781058243561960
0.000790451714725791
0.000799779639517859
0.000809041101205693
0.000818234610099023
0.000827361369409221
0.000836420863474271
0.000845410685871432
0.000854332383586753
0.000863185956620232
0.000871969227732249
0.000880682311514363
0.000889326754952620
0.000897900552694737
0.000906402444233565
0.000914834664104505
0.000923196524758204
0.000931485275997243
0.000939702808582348
0.000947850096541770
0.000955924275086533
0.000963925516103976
0.000971855996833720
0.000979714456768616
0.000987498203007028
0.000995210501408386
0.00100285152386003
0.00101041783261519
0.00101791103195569
0.00102533295534648
0.00103268194120994
0.00103995592689803
0.00104715823556594
0.00105428898180524
0.00106134495705227
0.00106832765099731
0.00107523918358420
0.00108207823701000
0.00108884229026041
0.00109553495296956
0.00110215668350366
0.00110870438789064
0.00111517909745452
0.00112158321861803
0.00112791629301495
0.00113417516937740
0.00114036294167747
0.00114648104230966
0.00115252740862590
0.00115850095200637
0.00116440482371896
0.00116974484766536
0.00116763395655654
0.00115986006519220
0.00115200813697617
0.00114422272916015
0.00113650132072985
0.00112884626081223
0.00112125709104104
0.00111372957152861
0.00110626559303566
0.00109886584311155
0.00109152745696729
0.00108424905950419
0.00107703288525763
0.00106987790290360
0.00106278056010375
0.00105574263302726
0.00104876486651926
0.00104184433849500
0.00103498001763043
0.00102817396657363
0.00102142521129635
0.00101473054323492
0.00100809133748806
0.00100150851078824
0.000994980115078964
0.000988503743937482
0.000982081918378097
0.000975714237330352
0.000969398065188388
0.000963133115473310
0.000956921049762722
0.000950760951324153
0.000944650012664405
0.000938589436994850
0.000932579969160620
0.000926620348654567
0.000920708226349730
0.000914845321119495
0.000909031690259641
0.000903266015967239
0.000897546464777346
0.000891874927450685
0.000886251002916798
0.000880673258781200
0.000875140434536739
0.000869654191761023
0.000864214072087815
0.000858818643122627
0.000853466873541428
0.000848160367626045
0.000842898495122902
0.000837680052820630
0.000832504238578315
0.000827372083719990
0.000822283359062536
0.000817237090577701
0.000812232075054115
0.000807269458407369
0.000802349011454344
0.000797469989349908
0.000792631303474248
0.000787833526785161
0.000783076831169985
0.000778360643670925
0.000773683818372390
0.000769046756344837
0.000764449400292487
0.000759891635623780
0.000755372717493584
0.000750892187535661
0.000746450389524688
0.000742047036981769
0.000737681900723786
0.000733354293201383
0.000729064271710341
0.000724811721659101
0.000720596471160323
0.000716418692101347
0.000712280275242897
0.000708182194613224
0.000704125023170123
0.000700108589026256
0.000696131860857591
0.000692191572804697
0.000688285433036392
0.000684412066453970
0.000680570957395413
0.000676762449635398
0.000672986428582368
0.000669242836940542
0.000665531560118362
0.000661852483524268
0.000658205836341378
0.000654590759133001
0.000651006621645560
0.000647453137400158
0.000643930249101017
0.000640438472410151
0.000636976776003530
0.000633544415036019
0.000630141274916060
0.000626766954573196
0.000623422313444120
0.000620106663979477
0.000616819032151017
0.000613559016888281
0.000610326331712374
0.000607121434989530
0.000603944956973325
0.000600795293381931
0.000597671813961776
0.000594574346825519
0.000591502720085823
0.000588458136954056
0.000585440139063984
0.000582446950246441
0.000579478685092987
0.000576534713350045
0.000573615436088074
0.000570722228405782
0.000567853783959395
0.000565008802134718
0.000562187156881038
0.000559388590367345
0.000556613211455621
0.000553862767667141
0.000551135769311638
0.000548431013177742
0.000545748184138665
0.000543087224898629
0.000540447912004093
0.000537832113297468
0.000535239175606870
0.000532667265467353
0.000530115947430993
0.000527585169931588
0.000525075110586056
0.000524670419036199
0.000531265409630006
0.000539272426062024
0.000547214446161762
0.000555091521495423
0.000562904184913754
0.000570654911594432
0.000578345661053115
0.000585973104405015
0.000593537293216332
0.000601038456670185
0.000608476881245471
0.000615854973364929
0.000623173878944151
0.000630431592630853
0.000637627770650357
0.000644763100552019
0.000651837754223176
0.000658853164058317
0.000665811278113945
0.000672710262925115
0.000679550118491828
0.000686331073997201
0.000693053702399030
0.000699718404767771
0.000706327243751488
0.000712879760983942
0.000719375555394679
0.000725814741575257
0.000732197835187691
0.000738525180006659
0.000744797520877295
0.000751016404785645
0.000757181144182355
0.000763291624475866
0.000769348475919753
0.000775351984992913
0.000781302495470024
0.000787200809491998
0.000793047786495529
0.000798843483776395
0.000804587729447259
0.000810281153761694
0.000815924043198599
0.000821516856124210
0.000827059993608982
0.000832554372385389
0.000838000164340769
0.000843397713249799
0.000848746961816700
0.000854048769478163
0.000859303308121529
0.000864510978817252
0.000869672469114688
0.000874787950901175
0.000879858111726067
0.000884883008885144
0.000889863100744642
0.000894798960262355
0.000899690759325623
0.000904539185483800
0.000909344181441105
0.000914106606634233
0.000918826518358961
0.000923504776051984
0.000928141207825962
0.000932736730413368
0.000937291401109981
0.000941805792873596
0.000946280134887332
0.000950714885517424
0.000955110273946990
0.000959466643950709
0.000963784969556830
0.000968065136173796
0.000972307831350960
0.000976513112384102
0.000980681781414136
0.000984813895736840
0.000988909856422671
0.000992969606175850
0.000996994176320408
0.00100098368144790
0.00100493880910769
0.00100885950200399
0.00101274661957350
0.00101660021911199
0.00102042052980258
0.00102420841108197
0.00102796340458392
0.00103168625515356
0.00103537730656558
0.00103903713177775
0.00104266613186055
0.00104626453599709
0.00104983285984939
0.00105337110341744
0.00105687989695482
0.00106035958423621
0.00106381010796583
0.00106723169732679
0.00107062515446001
0.00107399070854861
0.00107732893255038
0.00108063999835266
0.00108392447891325
0.00108718214504902
0.00109041414267558
0.00109361978424355
0.00109680044485166
0.00109995526506321
0.00110308476054022
0.00110618979071937
0.00110927069937535
0.00111232754380393
0.00111536089696291
0.00111837104533119
0.00112135838997922
0.00112432264442811
0.00112726495459345
0.00113018497670055
0.00113308345559456
0.00113595941724722
0.00113881440864457
0.00114164831519507
0.00114446193903962
0.00114725482181199
0.00115002799483620
0.00115278111433758
0.00115551549811906
0.00115822994296928
0.00116092622505738
0.00116360337035513
0.00116626252477811
0.00116890294348119
0.00117152514212639
0.00117412998015039
0.00117671722837008
0.00117928786081372
0.00118184153370662
0.00118437899189391
0.00118689989160093
0.00118940509226436
0.00119189436470108
0.00119436851105202
0.00119682701565515
0.00119927113901761
0.00120169916226604
0.00120411343452738
0.00120651235151982
0.00120889803318718
0.00121126927631811
0.00121362797167333
0.00121597234308366
0.00121830439590140
0.00122062315609830
0.00122292965499838
0.00122522314775651
0.00122750500947139
0.00122977460988947
0.00123203246467274
0.00123427863111699
0.00123651230708131
0.00123873595628421
0.00124094780255653
0.00124314967936322
0.00124534049808446
0.00124752134734007
0.00124969228442582
0.00125185273638392
0.00125400419290464
0.00125614550807238
0.00125827788509852
0.00126040086561681
0.00126251519447241
0.00126462052789061
0.00126671635020942
0.00126880426571066
0.00127088393061965
0.00127295494386593
0.00127501890973133
0.00127707485418759
0.00127912340748830
0.00128116451233768
0.00128319851251039
0.00128522557989379
0.00128724582907942
0.00128925926006729
0.00129126621663207
0.00129326692795689
0.00129525858654854
0.00129723150942030
0.00129918088372667
0.00130110212580530
0.00130299563672665
0.00130486428127969
0.00130672112290215
0.00130857366734115
0.00131042626907592
0.00131227973024739
0.00131413250386951
0.00131598172515329
0.00131782550333802
0.00131966217684609
0.00132149220404374
0.00132331449631115
0.00132512911094411
0.00132693748033711
0.00132873771372941
0.00133053147269862
0.00133231772592072
0.00133409687446616
0.00133586834537715
0.00133763316997771
0.00133938985857758
0.00134113978627547
0.00134288180715579
0.00134461678065522
0.00134634413381598
0.00134806398122963
0.00134977597912148
0.00135147961182952
0.00135317636904402
0.00135486464648315
0.00135654604842874
0.00135821897059897
0.00135988484538831
0.00136154224040228
0.00136319264533116
0.00136483445589310
0.00136646904718683
0.00136809527329675
0.00136971410825112
0.00137132474990901
0.00137292737015777
0.00137452237006785
0.00137610814535744
0.00137768698785770
0.00137925631925856
0.00138081883246166
0.00138237269400206
0.00138391853413332
0.00138545600908078
0.00138698609287267
0.00138850706663563
0.00139002053465147
0.00139152540830038
0.00139302248972327
0.00139451103407502
0.00139599155701764
0.00139746365748067
0.00139892722087255
0.00140038253367219
0.00140182879373866
0.00140326760535379
0.00140469736423576
0.00140611898711704
0.00140753195833561
0.00140893730921550
0.00141033343547490
0.00141172154032516
0.00141310116540006
0.00141447225340381
0.00141583526270264
0.00141718944845144
0.00141853549819954
0.00141987226603136
0.00142120118434138
0.00142252122180558
0.00142383283679020
0.00142513574281633
0.00142642993988397
0.00142771554258468
0.00142899329576360
0.00143026119406845
0.00143152164392196
0.00143277292645074
0.00143401635945774
0.00143525022406955
0.00143647612456801
0.00143769320151643
0.00143890134032324
0.00144010134312936
0.00144129252238544
0.00144247499268303
0.00144364892590947
0.00144481409288165
0.00144597043630379
0.00144711801347165
0.00144825688168103
0.00144938721281927
0.00145050883499902
0.00145162169092450
0.00145272583789150
0.00145382144778734
0.00145490811954159
0.00145598625422469
0.00145705562265352
0.00145811628212387
0.00145916817533995
0.00146021141689332
0.00146124572030509
0.00146227142934993
0.00146328825754895
0.00146429672056416
0.00146529584436731
0.00146628597273308
0.00146726796509815
0.00146824067554695
0.00146920461974147
0.00147015979768174
0.00147110626666351
0.00147204379750369
0.00147297261938537
0.00147389238853390
0.00147480356331549
0.00147570579995548
0.00147659904115809
0.00147748363069800
0.00147835905291318
0.00147922565157831
0.00148008365587652
0.00148093226366689
0.00148177210520299
0.00148260318048483
0.00148342514573772
0.00148423777177856
0.00148504191804402
0.00148583643861853
0.00148662242212189
0.00148739877993429
0.00148816637149243
0.00148892513950052
0.00148967439640922
0.00149041431410585
0.00149114563743555
0.00149186727777852
0.00149258015186722
0.00149328317108185
0.00149397753863377
0.00149466205131161
0.00149533722477739
0.00149600363198891
0.00149666001243901
0.00149730699638127
0.00149794441192835
0.00149857271744649
0.00149919070972432
0.00149979953467743
0.00150039902041847
0.00150098721889096
0.00150156733865853
0.00150213657222799
0.00150269583633181
0.00150324576122358
0.00150378462802990
0.00150431369725793
0.00150483336997811
0.00150534123976771
0.00150583954116214
0.00150632758661203
0.00150680428749758
0.00150727078973438
0.00150772577551949
0.00150817061995163
0.00150860440629832
0.00150902610323554
0.00150943679938309
0.00150983672392409
0.00151022398609782
0.00151059950263675
0.00151096413297757
0.00151131524151442
0.00151165414605024
0.00151198164872594
0.00151229459827364
0.00151259585948232
0.00151288279674612
0.00151315661327642
0.00151341644963651
0.00151366207664328
0.00151389315052206
0.00151410881183614
0.00151431020650113
0.00151449429784071
0.00151466366416495
0.00151481647200891
0.00151495037224563
0.00151506811507253
0.00151516798161622
0.00151524682060883
0.00151530755413512
0.00151534743199766
0.00151536725633737
0.00151536267267501
0.00151533631661643
0.00151528646928826
0.00151521003671839
0.00151510799293507
0.00151497667100843
0.00151481607093845
0.00151462430196442
0.00151440067653698
0.00151414187150092
0.00151384811603936
0.00151351144603894
0.00151313472628864
0.00151270684140724
0.00151222922378922
0.00151169190396894
0.00151109751755228
0.00151043695451027
0.00150972482526670
0.00150894743613027
0.00150809739594541
0.00150716765733125
0.00150611335769243
0.00150490733882946
0.00150350336304827
0.00150188286651630
0.00150003926021891
0.00149809085994079
0.00149609393013742
0.00149412444501244
0.00149221036490624
0.00149021950845550
0.00148739511300441
0.00148317785715335
0.00147675219277673
0.00146746334370629
0.00145508499161295
0.00144247390406322
0.00143215046510211
0.00142862138885878
0.00143717054941571
0.00146283945970803
0.00149779796391592
0.00153239762465672
0.00155413426830528
0.00156061189995391
0.00155457957110365
0.00154487527033596
0.00153599929465269
0.00153074120367100
0.00152911199818054
0.00153051729176466
0.00153309113277195
0.00153554883523416
0.00153714154331306
0.00153749666255449
0.00153716383137130
0.00153648688173635
0.00153587312934620
0.00153538474012163
0.00153536061859846
0.00153546346452269
0.00153577945074670
0.00153585399255585
0.00153596835493175
0.00153608111302584
0.00153611566238088
0.00153603264079637
0.00153600301887836
0.00153598199132728
0.00153598388208800
0.00153604083409284
0.00153605802282669
0.00153608879066029
0.00153614832097521
0.00153609388998467
0.00153618533404877
0.00153616247303275
0.00153614402379174
0.00153619879855696
0.00153616803072336
0.00153628944048015
0.00153622481084086
0.00153621816453043
0.00153621214847358
0.00153634083479437
0.00153636283637370
0.00153620722103654
0.00153634083479437
0.00153637211828998
0.00153637973862866
0.00153623426464448
0.00153642992973151
0.00153637418093805
0.00153637991051600
0.00153634599141453
0.00153646235914272
0.00153651971221801
0.00153623237388375
0.00153657654963129
0.00153646098404401
0.00153641921542074
0.00153644597254978
0.00153648476179251
0.00153650452883644
0.00153647290156615
0.00153644133159164
0.00153660273380252
0.00153642935677372
0.00153647135458010
0.00153660783312690
0.00153649157999027
0.00153652756173980
0.00153652802010604
0.00153653816145901
0.00153662221436756
0.00153640884488465
0.00153660187436583
0.00153654601098081
0.00153653741661388
0.00153653896359993
0.00153656847092637
0.00153646528122747
0.00153664983093328
0.00153649198106072
0.00153669486541598
0.00153638162938938
0.00153654354726229
0.00153662020901528
0.00153651426911896
0.00153653443723334
0.00153652928061319
0.00153643502905589
0.00153668501054190
0.00153637148803641
0.00153672930017947
0.00153630279039677
0.00153648040731326
0.00153663946039719
0.00153648017813015
0.00153635447118989
0.00153645336370533
0.00153660938011295
0.00153632863079333
0.00153636862324743
0.00153653804686745
0.00153652045706314
0.00153621060148754
0.00153641073564538
0.00153638758815045
0.00153644625902867
0.00153638798922091
0.00153615800396194
0.00153631379118644
0.00153635097614734
0.00153629047180418
0.00153610741178863
0.00153643732088707
0.00153632983400470
0.00153592257560392
0.00153618940204912
0.00153632610977903
0.00153601843144305
0.00153615680075057
0.00153610672423928
0.00153597356884769
0.00153615966553955
0.00153583582979374
0.00153599637256794
0.00153627202256317
0.00153547675714353
0.00153618080768219
0.00153576478302714
0.00153570359113462
0.00153616419190613
0.00153548391911597
0.00153582133396152
0.00153546249049443
0.00153572530623506
0.00153574891209622
0.00153556906064433
0.00153548804441210
0.00153541522147634
0.00153559759394253
0.00153510175626662
0.00153587662438875
0.00153501122893499
0.00153531243284789
0.00153530452603032
0.00153480633922745
0.00153564211276321
0.00153465691183448
0.00153497158025557
0.00153520649295157
0.00153464390569253
0.00153486993754271
0.00153518059525923
0.00153458397430716
0.00153414359894582
0.00153479734379007
0.00153478748891599
0.00153424661675739
0.00153446600229714
0.00153385849514696
0.00153467644969529
0.00153409088682867
0.00153384342635695
0.00153430362605800
0.00153402201730170
0.00153321941802228
0.00153400637555389
0.00153317959745551
0.00153441638415208
0.00153283461956707
0.00153358874661702
0.00153300410048287
0.00153288228965562
0.00153365320436897
0.00153277251094207
0.00153282230097447
0.00153220619945737
0.00153256469914978
0.00153255134923315
0.00153233815163759
0.00153256865255857
0.00153158774881330
0.00153210753612505
0.00153119309548402
0.00153224241039002
0.00153110875609657
0.00153141144969974
0.00153121303441529
0.00153006706152925
0.00153134315313056
0.00153045970950625
0.00153049351401616
0.00152986051024410
0.00153039937705042
0.00152927683813820
0.00152963556701373
0.00152904381620292
0.00152993648444774
0.00152773111259850
0.00152952206407452
0.00152777064668636
0.00152828745461757
0.00152791348506469
0.00152732620332468
0.00152510753885459
0.00152907607372679
0.00152564938504145
0.00152645313023646
0.00152593649419259
0.00152340631256929
0.00152702763501764
0.00152446502398313
0.00152252453052258
0.00152476943645969
0.00152173911997702
0.00152297458887066
0.00152101226571812
0.00152467289307121
0.00151874025887730
0.00151990926466671
0.00151818741190078
0.00152095130300871
0.00151633051298254
0.00151778296099320
0.00151486889764716
0.00151079791792120
0.00152425520683856
0.00150658770945102
0.00151273336935315
0.00150823135347791
0.00150929510692035
0.00150584034330305
0.00151485932925199
0.00149785079062463
0.00150449085580818
0.00149173274728822
0.00148969926277752
0.00151850064792738
0.00146531303310117
0.00150204684703727
0.00148603158804355
0.00143134958469608
0.00154129634676446
0.00141361069676727
0.00140253542258739
0.00156268474666513
0.00137620795460535
0.00132319090931474
0.00142647978721214
0.00144379566040081
0.000949114327916726
-0.000472371203919224
0
0