0 0
1e-05 0
2e-05 0
3e-05 0
4e-05 0
5e-05 0
6e-05 0
7e-05 0
8e-05 0
9e-05 0
0.0001 0
0.00011 0
0.00012 0
0.00013 0
0.00014 0
0.00015 0
0.00016 0
0.00017 0
0.00018 0
0.00019 0
0.0002 0
0.00021 0
0.00022 0
0.00023 0
0.00024 0
0.00025 0
0.00026 0
0.00027 0
0.00028 0
0.00029 0
0.0003 0
0.00031 0
0.00032 0
0.00033 0
0.00034 0
0.00035 0
0.00036 0
0.00037 0
0.00038 0
0.00039 0
0.0004 0
0.00041 0
0.00042 0
0.00043 0
0.00044 0
0.00045 0
0.00046 0
0.00047 0
0.00048 0
0.00049 0
0.0005 0
0.00051 0
0.00052 0
0.00053 0
0.00054 0
0.00055 0
0.00056 0
0.00057 0
0.00058 0
0.00059 0
0.0006 0
0.00061 0
0.00062 0
0.00063 0
0.00064 0
0.00065 0
0.00066 0
0.00067 0
0.00068 0
0.00069 0
0.0007 0
0.00071 0
0.00072 0
0.00073 0
0.00074 0
0.00075 0
0.00076 0
0.00077 0
0.00078 0
0.00079 0
0.0008 0
0.00081 0
0.00082 0
0.00083 0
0.00084 0
0.00085 0
0.00086 0
0.00087 0
0.00088 0
0.00089 0
0.0009 0
0.00091 0
0.00092 0
0.00093 0
0.00094 0
0.00095 0
0.00096 0
0.00097 0
0.00098 0
0.00099 0
0.001 0
0.00101 0
0.00102 0
0.00103 0
0.00104 0
0.00105 0
0.00106 0
0.00107 0
0.00108 0
0.00109 0
0.0011 0
0.00111 0
0.00112 0
0.00113 0
0.00114 0
0.00115 0
0.00116 0
0.00117 0
0.00118 0
0.00119 0
0.0012 0
0.00121 0
0.00122 0
0.00123 0
0.00124 0
0.00125 0
0.00126 0
0.00127 0
0.00128 0
0.00129 0
0.0013 0
0.00131 0
0.00132 0
0.00133 0
0.00134 0
0.00135 0
0.00136 0
0.00137 0
0.00138 0
0.00139 0
0.0014 0
0.00141 0
0.00142 0
0.00143 0
0.00144 0
0.00145 0
0.00146 0
0.00147 0
0.00148 0
0.00149 0
0.0015 0
0.00151 0
0.00152 0
0.00153 0
0.00154 0
0.00155 0
0.00156 0
0.00157 0
0.00158 0
0.00159 0
0.0016 0
0.00161 0
0.00162 0
0.00163 0
0.00164 0
0.00165 0
0.00166 0
0.00167 0
0.00168 0
0.00169 0
0.0017 0
0.00171 0
0.00172 0
0.00173 0
0.00174 0
0.00175 0
0.00176 0
0.00177 0
0.00178 0
0.00179 0
0.0018 0
0.00181 0
0.00182 0
0.00183 0
0.00184 0
0.00185 0
0.00186 0
0.00187 0
0.00188 0
0.00189 0
0.0019 0
0.00191 0
0.00192 0
0.00193 0
0.00194 0
0.00195 0
0.00196 0
0.00197 0
0.00198 0
0.00199 0
0.002 0
0.00201 0
0.00202 0
0.00203 0
0.00204 0
0.00205 0
0.00206 0
0.00207 0
0.00208 0
0.00209 0
0.0021 0
0.00211 0
0.00212 0
0.00213 0
0.00214 0
0.00215 0
0.00216 0
0.00217 0
0.00218 0
0.00219 0
0.0022 0
0.00221 0
0.00222 0
0.00223 0
0.00224 0
0.00225 0
0.00226 0
0.00227 0
0.00228 0
0.00229 0
0.0023 0
0.00231 0
0.00232 0
0.00233 0
0.00234 0
0.00235 0
0.00236 0
0.00237 0
0.00238 0
0.00239 0
0.0024 0
0.00241 0
0.00242 0
0.00243 0
0.00244 0
0.00245 0
0.00246 0
0.00247 0
0.00248 0
0.00249 0
0.0025 0
0.00251 0
0.00252 0
0.00253 0
0.00254 0
0.00255 0
0.00256 0
0.00257 0
0.00258 0
0.00259 0
0.0026 0
0.00261 0
0.00262 0
0.00263 0
0.00264 0
0.00265 0
0.00266 0
0.00267 0
0.00268 0
0.00269 0
0.0027 0
0.00271 0
0.00272 0
0.00273 0
0.00274 0
0.00275 0
0.00276 0
0.00277 0
0.00278 0
0.00279 0
0.0028 0
0.00281 0
0.00282 0
0.00283 0
0.00284 0
0.00285 0
0.00286 0
0.00287 0
0.00288 0
0.00289 0
0.0029 0
0.00291 0
0.00292 0
0.00293 0
0.00294 0
0.00295 0
0.00296 0
0.00297 0
0.00298 0
0.00299 0
0.003 0
0.00301 0
0.00302 0
0.00303 0
0.00304 0
0.00305 0
0.00306 0
0.00307 0
0.00308 0
0.00309 0
0.0031 0
0.00311 0
0.00312 0
0.00313 0
0.00314 0
0.00315 0
0.00316 0
0.00317 0
0.00318 0
0.00319 0
0.0032 0
0.00321 0
0.00322 0
0.00323 0
0.00324 0
0.00325 0
0.00326 0
0.00327 0
0.00328 0
0.00329 0
0.0033 0
0.00331 0
0.00332 0
0.00333 0
0.00334 0
0.00335 0
0.00336 0
0.00337 0
0.00338 0
0.00339 0
0.0034 0
0.00341 0
0.00342 0
0.00343 0
0.00344 0
0.00345 0
0.00346 0
0.00347 0
0.00348 0
0.00349 0
0.0035 0
0.00351 0
0.00352 0
0.00353 0
0.00354 0
0.00355 0
0.00356 0
0.00357 0
0.00358 0
0.00359 0
0.0036 0
0.00361 0
0.00362 0
0.00363 0
0.00364 0
0.00365 0
0.00366 0
0.00367 0
0.00368 0
0.00369 0
0.0037 0
0.00371 0
0.00372 0
0.00373 0
0.00374 0
0.00375 0
0.00376 0
0.00377 0
0.00378 0
0.00379 0
0.0038 0
0.00381 0
0.00382 0
0.00383 0
0.00384 0
0.00385 0
0.00386 0
0.00387 0
0.00388 0
0.00389 0
0.0039 0
0.00391 0
0.00392 0
0.00393 0
0.00394 0
0.00395 0
0.00396 0
0.00397 0
0.00398 0
0.00399 0
0.004 0
0.00401 0
0.00402 0
0.00403 0
0.00404 0
0.00405 0
0.00406 0
0.00407 0
0.00408 0
0.00409 0
0.0041 0
0.00411 0
0.00412 0
0.00413 0
0.00414 0
0.00415 0
0.00416 0
0.00417 0
0.00418 0
0.00419 0
0.0042 0
0.00421 0
0.00422 0
0.00423 0
0.00424 0
0.00425 0
0.00426 0
0.00427 0
0.00428 0
0.00429 0
0.0043 0
0.00431 0
0.00432 0
0.00433 0
0.00434 0
0.00435 0
0.00436 0
0.00437 0
0.00438 0
0.00439 0
0.0044 0
0.00441 0
0.00442 0
0.00443 0
0.00444 0
0.00445 0
0.00446 0
0.00447 0
0.00448 0
0.00449 0
0.0045 0
0.00451 0
0.00452 0
0.00453 0
0.00454 0
0.00455 0
0.00456 0
0.00457 0
0.00458 0
0.00459 0
0.0046 0
0.00461 0
0.00462 0
0.00463 0
0.00464 0
0.00465 0
0.00466 0
0.00467 0
0.00468 0
0.00469 0
0.0047 0
0.00471 0
0.00472 0
0.00473 0
0.00474 0
0.00475 0
0.00476 0
0.00477 0
0.00478 0
0.00479 0
0.0048 0
0.00481 0
0.00482 0
0.00483 0
0.00484 0
0.00485 -1.29351e-08
0.00486 -5.14996e-08
0.00487 -1.15333e-07
0.00488 -2.04073e-07
0.00489 -3.1736e-07
0.0049 -4.54833e-07
0.00491 -6.1613e-07
0.00492 -8.00891e-07
0.00493 -1.00875e-06
0.00494 -1.23936e-06
0.00495 -1.49234e-06
0.00496 -1.76735e-06
0.00497 -2.06401e-06
0.00498 -2.38198e-06
0.00499 -2.72087e-06
0.005 -3.08035e-06
0.00501 -3.46004e-06
0.00502 -3.85958e-06
0.00503 -4.27862e-06
0.00504 -4.71678e-06
0.00505 -5.17372e-06
0.00506 -5.64907e-06
0.00507 -6.14247e-06
0.00508 -6.65355e-06
0.00509 -7.18197e-06
0.0051 -7.72734e-06
0.00511 -8.28933e-06
0.00512 -8.86756e-06
0.00513 -9.46167e-06
0.00514 -1.00713e-05
0.00515 -1.06961e-05
0.00516 -1.13357e-05
0.00517 -1.19897e-05
0.00518 -1.26578e-05
0.00519 -1.33397e-05
0.0052 -1.40348e-05
0.00521 -1.4743e-05
0.00522 -1.54638e-05
0.00523 -1.61969e-05
0.00524 -1.69419e-05
0.00525 -1.76985e-05
0.00526 -1.84662e-05
0.00527 -1.92448e-05
0.00528 -2.00338e-05
0.00529 -2.0833e-05
0.0053 -2.16419e-05
0.00531 -2.24601e-05
0.00532 -2.32874e-05
0.00533 -2.41234e-05
0.00534 -2.49677e-05
0.00535 -2.58199e-05
0.00536 -2.66797e-05
0.00537 -2.75467e-05
0.00538 -2.84206e-05
0.00539 -2.93009e-05
0.0054 -3.01874e-05
0.00541 -3.10797e-05
0.00542 -3.19774e-05
0.00543 -3.28801e-05
0.00544 -3.37876e-05
0.00545 -3.46994e-05
0.00546 -3.56151e-05
0.00547 -3.65344e-05
0.00548 -3.7457e-05
0.00549 -3.83825e-05
0.0055 -3.93106e-05
0.00551 -4.02407e-05
0.00552 -4.11727e-05
0.00553 -4.21061e-05
0.00554 -4.30407e-05
0.00555 -4.39759e-05
0.00556 -4.49115e-05
0.00557 -4.58471e-05
0.00558 -4.67823e-05
0.00559 -4.77168e-05
0.0056 -4.86503e-05
0.00561 -4.95823e-05
0.00562 -5.05124e-05
0.00563 -5.14404e-05
0.00564 -5.23659e-05
0.00565 -5.32885e-05
0.00566 -5.42079e-05
0.00567 -5.51236e-05
0.00568 -5.60354e-05
0.00569 -5.69428e-05
0.0057 -5.78456e-05
0.00571 -5.87433e-05
0.00572 -5.96356e-05
0.00573 -6.05221e-05
0.00574 -6.14024e-05
0.00575 -6.22763e-05
0.00576 -6.31433e-05
0.00577 -6.40031e-05
0.00578 -6.48553e-05
0.00579 -6.56996e-05
0.0058 -6.65355e-05
0.00581 -6.73628e-05
0.00582 -6.81811e-05
0.00583 -6.899e-05
0.00584 -6.97892e-05
0.00585 -7.05782e-05
0.00586 -7.13568e-05
0.00587 -7.21245e-05
0.00588 -7.28811e-05
0.00589 -7.36261e-05
0.0059 -7.43591e-05
0.00591 -7.508e-05
0.00592 -7.57881e-05
0.00593 -7.64833e-05
0.00594 -7.71652e-05
0.00595 -7.78333e-05
0.00596 -7.84873e-05
0.00597 -7.91269e-05
0.00598 -7.97517e-05
0.00599 -8.03613e-05
0.006 -8.09554e-05
0.00601 -8.15337e-05
0.00602 -8.20956e-05
0.00603 -8.2641e-05
0.00604 -8.31694e-05
0.00605 -8.36805e-05
0.00606 -8.41739e-05
0.00607 -8.46493e-05
0.00608 -8.51062e-05
0.00609 -8.55444e-05
0.0061 -8.59634e-05
0.00611 -8.63629e-05
0.00612 -8.67426e-05
0.00613 -8.71021e-05
0.00614 -8.7441e-05
0.00615 -8.7759e-05
0.00616 -8.80556e-05
0.00617 -8.83306e-05
0.00618 -8.85836e-05
0.00619 -8.88142e-05
0.0062 -8.90221e-05
0.00621 -8.92069e-05
0.00622 -8.93682e-05
0.00623 -8.95056e-05
0.00624 -8.96189e-05
0.00625 -8.97077e-05
0.00626 -8.97715e-05
0.00627 -8.981e-05
0.00628 -8.9823e-05
0.00629 -8.98099e-05
0.0063 -8.97705e-05
0.00631 -8.97044e-05
0.00632 -8.96112e-05
0.00633 -8.94906e-05
0.00634 -8.93422e-05
0.00635 -8.91656e-05
0.00636 -8.89605e-05
0.00637 -8.87265e-05
0.00638 -8.84633e-05
0.00639 -8.81705e-05
0.0064 -8.78477e-05
0.00641 -8.74946e-05
0.00642 -8.71108e-05
0.00643 -8.6696e-05
0.00644 -8.62498e-05
0.00645 -8.57718e-05
0.00646 -8.52617e-05
0.00647 -8.47191e-05
0.00648 -8.41436e-05
0.00649 -8.35349e-05
0.0065 -8.28927e-05
0.00651 -8.22165e-05
0.00652 -8.1506e-05
0.00653 -8.07609e-05
0.00654 -7.99808e-05
0.00655 -7.91653e-05
0.00656 -7.8314e-05
0.00657 -7.74267e-05
0.00658 -7.65029e-05
0.00659 -7.55423e-05
0.0066 -7.45445e-05
0.00661 -7.35091e-05
0.00662 -7.24359e-05
0.00663 -7.13243e-05
0.00664 -7.01742e-05
0.00665 -6.89851e-05
0.00666 -6.77566e-05
0.00667 -6.64884e-05
0.00668 -6.51802e-05
0.00669 -6.38315e-05
0.0067 -6.2442e-05
0.00671 -6.10114e-05
0.00672 -5.95393e-05
0.00673 -5.80253e-05
0.00674 -5.64691e-05
0.00675 -5.48702e-05
0.00676 -5.32284e-05
0.00677 -5.15433e-05
0.00678 -4.98145e-05
0.00679 -4.80417e-05
0.0068 -4.62245e-05
0.00681 -4.43625e-05
0.00682 -4.24554e-05
0.00683 -4.05028e-05
0.00684 -3.85044e-05
0.00685 -3.64597e-05
0.00686 -3.43685e-05
0.00687 -3.22304e-05
0.00688 -3.0045e-05
0.00689 -2.78119e-05
0.0069 -2.55308e-05
0.00691 -2.32013e-05
0.00692 -2.08232e-05
0.00693 -1.83959e-05
0.00694 -1.59191e-05
0.00695 -1.33926e-05
0.00696 -1.08159e-05
0.00697 -8.18862e-06
0.00698 -5.51046e-06
0.00699 -2.78104e-06
0.007 -2.48386e-17
0.00701 2.79127e-06
0.00702 5.5631e-06
0.00703 8.33348e-06
0.00704 1.11203e-05
0.00705 1.39417e-05
0.00706 1.68155e-05
0.00707 1.97596e-05
0.00708 2.27921e-05
0.00709 2.5931e-05
0.0071 2.91941e-05
0.00711 3.25995e-05
0.00712 3.61651e-05
0.00713 3.99089e-05
0.00714 4.38488e-05
0.00715 4.80028e-05
0.00716 5.2389e-05
0.00717 5.70251e-05
0.00718 6.19293e-05
0.00719 6.71194e-05
0.0072 7.26135e-05
0.00721 7.84294e-05
0.00722 8.45852e-05
0.00723 9.10989e-05
0.00724 9.79883e-05
0.00725 0.000105272
0.00726 0.000112966
0.00727 0.000121091
0.00728 0.000129663
0.00729 0.000138701
0.0073 0.000148223
0.00731 0.000158246
0.00732 0.000168788
0.00733 0.000179868
0.00734 0.000191504
0.00735 0.000203712
0.00736 0.000216513
0.00737 0.000229922
0.00738 0.000243959
0.00739 0.000258641
0.0074 0.000273986
0.00741 0.000290013
0.00742 0.000306738
0.00743 0.000324181
0.00744 0.000342359
0.00745 0.00036129
0.00746 0.000380992
0.00747 0.000401483
0.00748 0.00042278
0.00749 0.000444903
0.0075 0.000467869
0.00751 0.000491695
0.00752 0.0005164
0.00753 0.000542002
0.00754 0.000568519
0.00755 0.000595969
0.00756 0.000624369
0.00757 0.000653737
0.00758 0.000684093
0.00759 0.000715452
0.0076 0.000747835
0.00761 0.000781258
0.00762 0.000815739
0.00763 0.000851297
0.00764 0.000887949
0.00765 0.000925713
0.00766 0.000964608
0.00767 0.00100465
0.00768 0.00104586
0.00769 0.00108825
0.0077 0.00113185
0.00771 0.00117666
0.00772 0.00122272
0.00773 0.00127003
0.00774 0.00131861
0.00775 0.00136849
0.00776 0.00141967
0.00777 0.00147219
0.00778 0.00152605
0.00779 0.00158127
0.0078 0.00163788
0.00781 0.00169588
0.00782 0.0017553
0.00783 0.00181616
0.00784 0.00187847
0.00785 0.00194226
0.00786 0.00200753
0.00787 0.00207431
0.00788 0.00214262
0.00789 0.00221247
0.0079 0.00228388
0.00791 0.00235687
0.00792 0.00243146
0.00793 0.00250766
0.00794 0.0025855
0.00795 0.00266499
0.00796 0.00274615
0.00797 0.00282899
0.00798 0.00291354
0.00799 0.00299981
0.008 0.00308783
0.00801 0.0031776
0.00802 0.00326915
0.00803 0.00336249
0.00804 0.00345765
0.00805 0.00355464
0.00806 0.00365348
0.00807 0.00375418
0.00808 0.00385677
0.00809 0.00396127
0.0081 0.00406768
0.00811 0.00417603
0.00812 0.00428634
0.00813 0.00439862
0.00814 0.0045129
0.00815 0.00462918
0.00816 0.0047475
0.00817 0.00486786
0.00818 0.00499029
0.00819 0.00511479
0.0082 0.0052414
0.00821 0.00537013
0.00822 0.00550099
0.00823 0.00563401
0.00824 0.0057692
0.00825 0.00590658
0.00826 0.00604617
0.00827 0.00618798
0.00828 0.00633204
0.00829 0.00647836
0.0083 0.00662696
0.00831 0.00677786
0.00832 0.00693108
0.00833 0.00708662
0.00834 0.00724452
0.00835 0.00740479
0.00836 0.00756745
0.00837 0.00773252
0.00838 0.0079
0.00839 0.00806993
0.0084 0.00824232
0.00841 0.00841719
0.00842 0.00859455
0.00843 0.00877443
0.00844 0.00895683
0.00845 0.00914179
0.00846 0.00932931
0.00847 0.00951942
0.00848 0.00971214
0.00849 0.00990747
0.0085 0.0101054
0.00851 0.0103061
0.00852 0.0105094
0.00853 0.0107154
0.00854 0.0109241
0.00855 0.0111355
0.00856 0.0113497
0.00857 0.0115667
0.00858 0.0117864
0.00859 0.0120089
0.0086 0.0122343
0.00861 0.0124625
0.00862 0.0126935
0.00863 0.0129275
0.00864 0.0131643
0.00865 0.013404
0.00866 0.0136466
0.00867 0.0138922
0.00868 0.0141408
0.00869 0.0143923
0.0087 0.0146468
0.00871 0.0149044
0.00872 0.015165
0.00873 0.0154286
0.00874 0.0156953
0.00875 0.0159651
0.00876 0.016238
0.00877 0.016514
0.00878 0.0167932
0.00879 0.0170755
0.0088 0.0173611
0.00881 0.0176498
0.00882 0.0179417
0.00883 0.0182368
0.00884 0.0185352
0.00885 0.0188369
0.00886 0.0191418
0.00887 0.0194501
0.00888 0.0197617
0.00889 0.0200766
0.0089 0.0203949
0.00891 0.0207165
0.00892 0.0210416
0.00893 0.02137
0.00894 0.0217019
0.00895 0.0220373
0.00896 0.0223761
0.00897 0.0227184
0.00898 0.0230641
0.00899 0.0234135
0.009 0.0237663
0.00901 0.0241227
0.00902 0.0244827
0.00903 0.0248462
0.00904 0.0252134
0.00905 0.0255842
0.00906 0.0259587
0.00907 0.0263368
0.00908 0.0267186
0.00909 0.0271041
0.0091 0.0274933
0.00911 0.0278862
0.00912 0.0282829
0.00913 0.0286834
0.00914 0.0290876
0.00915 0.0294957
0.00916 0.0299076
0.00917 0.0303233
0.00918 0.0307429
0.00919 0.0311664
0.0092 0.0315938
0.00921 0.032025
0.00922 0.0324603
0.00923 0.0328994
0.00924 0.0333426
0.00925 0.0337897
0.00926 0.0342408
0.00927 0.034696
0.00928 0.0351551
0.00929 0.0356184
0.0093 0.0360857
0.00931 0.0365571
0.00932 0.0370327
0.00933 0.0375123
0.00934 0.0379961
0.00935 0.0384841
0.00936 0.0389763
0.00937 0.0394727
0.00938 0.0399732
0.00939 0.0404781
0.0094 0.0409871
0.00941 0.0415005
0.00942 0.0420181
0.00943 0.0425401
0.00944 0.0430664
0.00945 0.043597
0.00946 0.044132
0.00947 0.0446714
0.00948 0.0452151
0.00949 0.0457633
0.0095 0.046316
0.00951 0.046873
0.00952 0.0474346
0.00953 0.0480006
0.00954 0.0485712
0.00955 0.0491463
0.00956 0.0497259
0.00957 0.0503101
0.00958 0.0508988
0.00959 0.0514922
0.0096 0.0520902
0.00961 0.0526928
0.00962 0.0533
0.00963 0.053912
0.00964 0.0545286
0.00965 0.0551499
0.00966 0.0557759
0.00967 0.0564067
0.00968 0.0570423
0.00969 0.0576826
0.0097 0.0583277
0.00971 0.0589776
0.00972 0.0596324
0.00973 0.060292
0.00974 0.0609565
0.00975 0.0616258
0.00976 0.0623001
0.00977 0.0629793
0.00978 0.0636634
0.00979 0.0643525
0.0098 0.0650465
0.00981 0.0657456
0.00982 0.0664496
0.00983 0.0671587
0.00984 0.0678729
0.00985 0.0685921
0.00986 0.0693163
0.00987 0.0700457
0.00988 0.0707802
0.00989 0.0715199
0.0099 0.0722647
0.00991 0.0730146
0.00992 0.0737698
0.00993 0.0745301
0.00994 0.0752957
0.00995 0.0760666
0.00996 0.0768426
0.00997 0.077624
0.00998 0.0784107
0.00999 0.0792027
0.01 0.08
0.01001 0.0822508
0.01002 0.087375
0.01003 0.09533
0.01004 0.106073
0.01005 0.119562
0.01006 0.135755
0.01007 0.154608
0.01008 0.176079
0.01009 0.200127
0.0101 0.226707
0.01011 0.255778
0.01012 0.287297
0.01013 0.321222
0.01014 0.35751
0.01015 0.396119
0.01016 0.437006
0.01017 0.480129
0.01018 0.525444
0.01019 0.57291
0.0102 0.622485
0.01021 0.674124
0.01022 0.727787
0.01023 0.783431
0.01024 0.841012
0.01025 0.900489
0.01026 0.961819
0.01027 1.02496
0.01028 1.08987
0.01029 1.1565
0.0103 1.22482
0.01031 1.29477
0.01032 1.36633
0.01033 1.43944
0.01034 1.51406
0.01035 1.59016
0.01036 1.66768
0.01037 1.74658
0.01038 1.82683
0.01039 1.90838
0.0104 1.99119
0.01041 2.07521
0.01042 2.16041
0.01043 2.24673
0.01044 2.33415
0.01045 2.42261
0.01046 2.51207
0.01047 2.60249
0.01048 2.69383
0.01049 2.78604
0.0105 2.87909
0.01051 2.97293
0.01052 3.06751
0.01053 3.1628
0.01054 3.25875
0.01055 3.35532
0.01056 3.45247
0.01057 3.55016
0.01058 3.64833
0.01059 3.74696
0.0106 3.846
0.01061 3.9454
0.01062 4.04512
0.01063 4.14512
0.01064 4.24536
0.01065 4.34579
0.01066 4.44638
0.01067 4.54708
0.01068 4.64784
0.01069 4.74863
0.0107 4.8494
0.01071 4.95011
0.01072 5.05072
0.01073 5.15118
0.01074 5.25145
0.01075 5.3515
0.01076 5.45127
0.01077 5.55073
0.01078 5.64983
0.01079 5.74852
0.0108 5.84678
0.01081 5.94455
0.01082 6.04179
0.01083 6.13846
0.01084 6.23452
0.01085 6.32993
0.01086 6.42463
0.01087 6.5186
0.01088 6.61178
0.01089 6.70414
0.0109 6.79563
0.01091 6.8862
0.01092 6.97583
0.01093 7.06446
0.01094 7.15205
0.01095 7.23856
0.01096 7.32395
0.01097 7.40817
0.01098 7.49119
0.01099 7.57295
0.011 7.65342
0.01101 7.73402
0.01102 7.81612
0.01103 7.89966
0.01104 7.98453
0.01105 8.07067
0.01106 8.15797
0.01107 8.24635
0.01108 8.33572
0.01109 8.42601
0.0111 8.51712
0.01111 8.60897
0.01112 8.70147
0.01113 8.79454
0.01114 8.88808
0.01115 8.98202
0.01116 9.07627
0.01117 9.17073
0.01118 9.26533
0.01119 9.35998
0.0112 9.45459
0.01121 9.54907
0.01122 9.64335
0.01123 9.73732
0.01124 9.83092
0.01125 9.92404
0.01126 10.0166
0.01127 10.1085
0.01128 10.1997
0.01129 10.2901
0.0113 10.3796
0.01131 10.4681
0.01132 10.5556
0.01133 10.6418
0.01134 10.7269
0.01135 10.8105
0.01136 10.8928
0.01137 10.9736
0.01138 11.0528
0.01139 11.1303
0.0114 11.206
0.01141 11.2799
0.01142 11.3519
0.01143 11.4219
0.01144 11.4897
0.01145 11.5553
0.01146 11.6187
0.01147 11.6797
0.01148 11.7383
0.01149 11.7943
0.0115 11.8477
0.01151 11.899
0.01152 11.949
0.01153 11.9976
0.01154 12.0448
0.01155 12.0906
0.01156 12.1352
0.01157 12.1784
0.01158 12.2203
0.01159 12.2609
0.0116 12.3003
0.01161 12.3384
0.01162 12.3753
0.01163 12.4109
0.01164 12.4453
0.01165 12.4786
0.01166 12.5106
0.01167 12.5415
0.01168 12.5713
0.01169 12.5999
0.0117 12.6274
0.01171 12.6538
0.01172 12.6791
0.01173 12.7033
0.01174 12.7265
0.01175 12.7486
0.01176 12.7697
0.01177 12.7898
0.01178 12.809
0.01179 12.8271
0.0118 12.8443
0.01181 12.8605
0.01182 12.8758
0.01183 12.8902
0.01184 12.9036
0.01185 12.9162
0.01186 12.9279
0.01187 12.9388
0.01188 12.9488
0.01189 12.958
0.0119 12.9664
0.01191 12.974
0.01192 12.9808
0.01193 12.9868
0.01194 12.9921
0.01195 12.9967
0.01196 13.0006
0.01197 13.0037
0.01198 13.0062
0.01199 13.008
0.012 13.0091
0.01201 13.0096
0.01202 13.0095
0.01203 13.0087
0.01204 13.0074
0.01205 13.0055
0.01206 13.003
0.01207 13
0.01208 12.9962
0.01209 12.9914
0.0121 12.9855
0.01211 12.9787
0.01212 12.9708
0.01213 12.9618
0.01214 12.9518
0.01215 12.9408
0.01216 12.9287
0.01217 12.9155
0.01218 12.9013
0.01219 12.886
0.0122 12.8696
0.01221 12.8521
0.01222 12.8335
0.01223 12.8138
0.01224 12.7931
0.01225 12.7712
0.01226 12.7482
0.01227 12.7241
0.01228 12.6989
0.01229 12.6725
0.0123 12.645
0.01231 12.6163
0.01232 12.5865
0.01233 12.5556
0.01234 12.5235
0.01235 12.4902
0.01236 12.4558
0.01237 12.4202
0.01238 12.3834
0.01239 12.3454
0.0124 12.3062
0.01241 12.2659
0.01242 12.2243
0.01243 12.1815
0.01244 12.1375
0.01245 12.0923
0.01246 12.0458
0.01247 11.9982
0.01248 11.9492
0.01249 11.8991
0.0125 11.8477
0.01251 11.7938
0.01252 11.7364
0.01253 11.6757
0.01254 11.6119
0.01255 11.5451
0.01256 11.4757
0.01257 11.4037
0.01258 11.3295
0.01259 11.2532
0.0126 11.1749
0.01261 11.095
0.01262 11.0136
0.01263 10.931
0.01264 10.8473
0.01265 10.7627
0.01266 10.6774
0.01267 10.5917
0.01268 10.5058
0.01269 10.4198
0.0127 10.334
0.01271 10.2485
0.01272 10.1636
0.01273 10.0795
0.01274 9.99641
0.01275 9.91447
0.01276 9.83393
0.01277 9.75499
0.01278 9.67785
0.01279 9.60272
0.0128 9.5298
0.01281 9.45819
0.01282 9.38686
0.01283 9.31581
0.01284 9.24503
0.01285 9.17453
0.01286 9.1043
0.01287 9.03435
0.01288 8.96468
0.01289 8.89528
0.0129 8.82616
0.01291 8.75731
0.01292 8.68874
0.01293 8.62044
0.01294 8.55243
0.01295 8.48468
0.01296 8.41722
0.01297 8.35002
0.01298 8.28311
0.01299 8.21647
0.013 8.15011
0.01301 8.08402
0.01302 8.01821
0.01303 7.95267
0.01304 7.88741
0.01305 7.82243
0.01306 7.75772
0.01307 7.69329
0.01308 7.62913
0.01309 7.56525
0.0131 7.50165
0.01311 7.43832
0.01312 7.37527
0.01313 7.3125
0.01314 7.25
0.01315 7.18777
0.01316 7.12582
0.01317 7.06415
0.01318 7.00275
0.01319 6.94163
0.0132 6.88079
0.01321 6.81977
0.01322 6.75818
0.01323 6.69614
0.01324 6.63374
0.01325 6.57109
0.01326 6.5083
0.01327 6.44545
0.01328 6.38267
0.01329 6.32004
0.0133 6.25768
0.01331 6.19569
0.01332 6.13417
0.01333 6.07322
0.01334 6.01295
0.01335 5.95347
0.01336 5.89486
0.01337 5.83725
0.01338 5.78073
0.01339 5.7254
0.0134 5.67137
0.01341 5.61874
0.01342 5.56761
0.01343 5.51809
0.01344 5.47029
0.01345 5.4243
0.01346 5.38022
0.01347 5.33817
0.01348 5.29824
0.01349 5.26054
0.0135 5.22517
0.01351 5.19131
0.01352 5.15806
0.01353 5.12542
0.01354 5.09338
0.01355 5.06193
0.01356 5.03108
0.01357 5.0008
0.01358 4.97111
0.01359 4.94198
0.0136 4.91342
0.01361 4.88542
0.01362 4.85798
0.01363 4.83108
0.01364 4.80472
0.01365 4.7789
0.01366 4.7536
0.01367 4.72883
0.01368 4.70458
0.01369 4.68084
0.0137 4.65761
0.01371 4.63487
0.01372 4.61263
0.01373 4.59088
0.01374 4.56961
0.01375 4.54881
0.01376 4.52849
0.01377 4.50862
0.01378 4.48922
0.01379 4.47027
0.0138 4.45176
0.01381 4.4337
0.01382 4.41607
0.01383 4.39887
0.01384 4.38209
0.01385 4.36572
0.01386 4.34977
0.01387 4.33422
0.01388 4.31907
0.01389 4.30431
0.0139 4.28994
0.01391 4.27595
0.01392 4.26234
0.01393 4.24909
0.01394 4.23621
0.01395 4.22368
0.01396 4.2115
0.01397 4.19967
0.01398 4.18818
0.01399 4.17702
0.014 4.16619
0.01401 4.15568
0.01402 4.14548
0.01403 4.13559
0.01404 4.12601
0.01405 4.11672
0.01406 4.10773
0.01407 4.09902
0.01408 4.09059
0.01409 4.08243
0.0141 4.07454
0.01411 4.06692
0.01412 4.05954
0.01413 4.05242
0.01414 4.04554
0.01415 4.0389
0.01416 4.03249
0.01417 4.02631
0.01418 4.02035
0.01419 4.0146
0.0142 4.00906
0.01421 4.00372
0.01422 3.99857
0.01423 3.99362
0.01424 3.98885
0.01425 3.98426
0.01426 3.97984
0.01427 3.97559
0.01428 3.9715
0.01429 3.96756
0.0143 3.96377
0.01431 3.96013
0.01432 3.95662
0.01433 3.95324
0.01434 3.94998
0.01435 3.94685
0.01436 3.94382
0.01437 3.94091
0.01438 3.93809
0.01439 3.93537
0.0144 3.93274
0.01441 3.93019
0.01442 3.92772
0.01443 3.92532
0.01444 3.92298
0.01445 3.9207
0.01446 3.91848
0.01447 3.91631
0.01448 3.91417
0.01449 3.91207
0.0145 3.91
0.01451 3.90795
0.01452 3.90591
0.01453 3.90388
0.01454 3.90186
0.01455 3.89985
0.01456 3.89785
0.01457 3.89587
0.01458 3.89389
0.01459 3.89193
0.0146 3.88997
0.01461 3.88803
0.01462 3.8861
0.01463 3.88417
0.01464 3.88226
0.01465 3.88036
0.01466 3.87847
0.01467 3.87659
0.01468 3.87473
0.01469 3.87287
0.0147 3.87102
0.01471 3.86918
0.01472 3.86736
0.01473 3.86554
0.01474 3.86373
0.01475 3.86194
0.01476 3.86015
0.01477 3.85838
0.01478 3.85661
0.01479 3.85486
0.0148 3.85312
0.01481 3.85138
0.01482 3.84966
0.01483 3.84794
0.01484 3.84624
0.01485 3.84455
0.01486 3.84286
0.01487 3.84119
0.01488 3.83952
0.01489 3.83787
0.0149 3.83623
0.01491 3.83459
0.01492 3.83297
0.01493 3.83135
0.01494 3.82975
0.01495 3.82815
0.01496 3.82657
0.01497 3.82499
0.01498 3.82343
0.01499 3.82187
0.015 3.82032
0.01501 3.81879
0.01502 3.81726
0.01503 3.81574
0.01504 3.81423
0.01505 3.81273
0.01506 3.81124
0.01507 3.80976
0.01508 3.80829
0.01509 3.80683
0.0151 3.80538
0.01511 3.80393
0.01512 3.8025
0.01513 3.80107
0.01514 3.79966
0.01515 3.79825
0.01516 3.79685
0.01517 3.79546
0.01518 3.79408
0.01519 3.79271
0.0152 3.79135
0.01521 3.79
0.01522 3.78866
0.01523 3.78732
0.01524 3.786
0.01525 3.78468
0.01526 3.78337
0.01527 3.78207
0.01528 3.78078
0.01529 3.7795
0.0153 3.77822
0.01531 3.77696
0.01532 3.7757
0.01533 3.77446
0.01534 3.77322
0.01535 3.77199
0.01536 3.77076
0.01537 3.76955
0.01538 3.76835
0.01539 3.76715
0.0154 3.76596
0.01541 3.76478
0.01542 3.76361
0.01543 3.76245
0.01544 3.76129
0.01545 3.76014
0.01546 3.759
0.01547 3.75787
0.01548 3.75675
0.01549 3.75564
0.0155 3.75453
0.01551 3.75343
0.01552 3.75234
0.01553 3.75126
0.01554 3.75019
0.01555 3.74912
0.01556 3.74806
0.01557 3.74701
0.01558 3.74597
0.01559 3.74493
0.0156 3.7439
0.01561 3.74289
0.01562 3.74187
0.01563 3.74087
0.01564 3.73987
0.01565 3.73888
0.01566 3.7379
0.01567 3.73693
0.01568 3.73596
0.01569 3.735
0.0157 3.73405
0.01571 3.73311
0.01572 3.73217
0.01573 3.73124
0.01574 3.73032
0.01575 3.72941
0.01576 3.7285
0.01577 3.7276
0.01578 3.72671
0.01579 3.72582
0.0158 3.72494
0.01581 3.72407
0.01582 3.72321
0.01583 3.72235
0.01584 3.7215
0.01585 3.72066
0.01586 3.71982
0.01587 3.71899
0.01588 3.71817
0.01589 3.71735
0.0159 3.71655
0.01591 3.71574
0.01592 3.71495
0.01593 3.71416
0.01594 3.71338
0.01595 3.7126
0.01596 3.71184
0.01597 3.71108
0.01598 3.71032
0.01599 3.70957
0.016 3.70883
0.01601 3.7081
0.01602 3.70737
0.01603 3.70664
0.01604 3.70593
0.01605 3.70522
0.01606 3.70452
0.01607 3.70382
0.01608 3.70313
0.01609 3.70245
0.0161 3.70177
0.01611 3.7011
0.01612 3.70043
0.01613 3.69977
0.01614 3.69912
0.01615 3.69847
0.01616 3.69783
0.01617 3.6972
0.01618 3.69657
0.01619 3.69594
0.0162 3.69533
0.01621 3.69472
0.01622 3.69411
0.01623 3.69351
0.01624 3.69292
0.01625 3.69233
0.01626 3.69175
0.01627 3.69117
0.01628 3.6906
0.01629 3.69004
0.0163 3.68948
0.01631 3.68892
0.01632 3.68838
0.01633 3.68783
0.01634 3.6873
0.01635 3.68677
0.01636 3.68624
0.01637 3.68572
0.01638 3.6852
0.01639 3.68469
0.0164 3.68419
0.01641 3.68369
0.01642 3.6832
0.01643 3.68271
0.01644 3.68222
0.01645 3.68175
0.01646 3.68127
0.01647 3.6808
0.01648 3.68034
0.01649 3.67988
0.0165 3.67943
0.01651 3.67898
0.01652 3.67854
0.01653 3.6781
0.01654 3.67767
0.01655 3.67724
0.01656 3.67682
0.01657 3.6764
0.01658 3.67599
0.01659 3.67558
0.0166 3.67517
0.01661 3.67477
0.01662 3.67438
0.01663 3.67399
0.01664 3.6736
0.01665 3.67322
0.01666 3.67285
0.01667 3.67247
0.01668 3.67211
0.01669 3.67174
0.0167 3.67139
0.01671 3.67103
0.01672 3.67068
0.01673 3.67034
0.01674 3.67
0.01675 3.66966
0.01676 3.66933
0.01677 3.669
0.01678 3.66867
0.01679 3.66835
0.0168 3.66804
0.01681 3.66773
0.01682 3.66742
0.01683 3.66712
0.01684 3.66682
0.01685 3.66652
0.01686 3.66623
0.01687 3.66594
0.01688 3.66566
0.01689 3.66538
0.0169 3.6651
0.01691 3.66483
0.01692 3.66456
0.01693 3.66429
0.01694 3.66403
0.01695 3.66377
0.01696 3.66352
0.01697 3.66327
0.01698 3.66302
0.01699 3.66278
0.017 3.66254
0.01701 3.6623
0.01702 3.66207
0.01703 3.66184
0.01704 3.66162
0.01705 3.66139
0.01706 3.66117
0.01707 3.66096
0.01708 3.66075
0.01709 3.66054
0.0171 3.66033
0.01711 3.66013
0.01712 3.65993
0.01713 3.65973
0.01714 3.65954
0.01715 3.65935
0.01716 3.65916
0.01717 3.65897
0.01718 3.65879
0.01719 3.65861
0.0172 3.65844
0.01721 3.65826
0.01722 3.65809
0.01723 3.65793
0.01724 3.65776
0.01725 3.6576
0.01726 3.65744
0.01727 3.65729
0.01728 3.65713
0.01729 3.65698
0.0173 3.65683
0.01731 3.65669
0.01732 3.65654
0.01733 3.6564
0.01734 3.65627
0.01735 3.65613
0.01736 3.656
0.01737 3.65587
0.01738 3.65574
0.01739 3.65561
0.0174 3.65549
0.01741 3.65537
0.01742 3.65525
0.01743 3.65513
0.01744 3.65501
0.01745 3.6549
0.01746 3.65479
0.01747 3.65468
0.01748 3.65457
0.01749 3.65447
0.0175 3.65437
0.01751 3.65427
0.01752 3.65417
0.01753 3.65407
0.01754 3.65398
0.01755 3.65388
0.01756 3.65379
0.01757 3.6537
0.01758 3.65362
0.01759 3.65353
0.0176 3.65345
0.01761 3.65336
0.01762 3.65328
0.01763 3.6532
0.01764 3.65313
0.01765 3.65305
0.01766 3.65297
0.01767 3.6529
0.01768 3.65283
0.01769 3.65276
0.0177 3.65269
0.01771 3.65262
0.01772 3.65256
0.01773 3.65249
0.01774 3.65243
0.01775 3.65237
0.01776 3.6523
0.01777 3.65224
0.01778 3.65219
0.01779 3.65213
0.0178 3.65207
0.01781 3.65202
0.01782 3.65196
0.01783 3.65191
0.01784 3.65185
0.01785 3.6518
0.01786 3.65175
0.01787 3.6517
0.01788 3.65165
0.01789 3.65161
0.0179 3.65156
0.01791 3.65151
0.01792 3.65147
0.01793 3.65142
0.01794 3.65138
0.01795 3.65133
0.01796 3.65129
0.01797 3.65125
0.01798 3.6512
0.01799 3.65116
0.018 3.65112
0.01801 3.65108
0.01802 3.65104
0.01803 3.651
0.01804 3.65096
0.01805 3.65092
0.01806 3.65088
0.01807 3.65084
0.01808 3.6508
0.01809 3.65077
0.0181 3.65073
0.01811 3.65069
0.01812 3.65065
0.01813 3.65062
0.01814 3.65058
0.01815 3.65054
0.01816 3.6505
0.01817 3.65046
0.01818 3.65043
0.01819 3.65039
0.0182 3.65035
0.01821 3.65031
0.01822 3.65028
0.01823 3.65024
0.01824 3.6502
0.01825 3.65016
0.01826 3.65012
0.01827 3.65008
0.01828 3.65004
0.01829 3.65
0.0183 3.64996
0.01831 3.64992
0.01832 3.64989
0.01833 3.64986
0.01834 3.64983
0.01835 3.64981
0.01836 3.64979
0.01837 3.64977
0.01838 3.64975
0.01839 3.64974
0.0184 3.64973
0.01841 3.64973
0.01842 3.64972
0.01843 3.64972
0.01844 3.64972
0.01845 3.64973
0.01846 3.64973
0.01847 3.64975
0.01848 3.64976
0.01849 3.64978
0.0185 3.64979
0.01851 3.64982
0.01852 3.64984
0.01853 3.64987
0.01854 3.6499
0.01855 3.64993
0.01856 3.64997
0.01857 3.65001
0.01858 3.65005
0.01859 3.6501
0.0186 3.65014
0.01861 3.6502
0.01862 3.65025
0.01863 3.65031
0.01864 3.65036
0.01865 3.65043
0.01866 3.65049
0.01867 3.65056
0.01868 3.65063
0.01869 3.6507
0.0187 3.65078
0.01871 3.65086
0.01872 3.65094
0.01873 3.65102
0.01874 3.65111
0.01875 3.6512
0.01876 3.65129
0.01877 3.65139
0.01878 3.65149
0.01879 3.65159
0.0188 3.65169
0.01881 3.6518
0.01882 3.65191
0.01883 3.65202
0.01884 3.65214
0.01885 3.65225
0.01886 3.65237
0.01887 3.6525
0.01888 3.65262
0.01889 3.65275
0.0189 3.65288
0.01891 3.65302
0.01892 3.65315
0.01893 3.65329
0.01894 3.65344
0.01895 3.65358
0.01896 3.65373
0.01897 3.65388
0.01898 3.65403
0.01899 3.65419
0.019 3.65435
0.01901 3.65451
0.01902 3.65467
0.01903 3.65484
0.01904 3.65501
0.01905 3.65518
0.01906 3.65535
0.01907 3.65553
0.01908 3.65571
0.01909 3.65589
0.0191 3.65608
0.01911 3.65627
0.01912 3.65646
0.01913 3.65665
0.01914 3.65685
0.01915 3.65705
0.01916 3.65725
0.01917 3.65745
0.01918 3.65766
0.01919 3.65787
0.0192 3.65808
0.01921 3.65829
0.01922 3.65851
0.01923 3.65873
0.01924 3.65895
0.01925 3.65917
0.01926 3.6594
0.01927 3.65963
0.01928 3.65986
0.01929 3.6601
0.0193 3.66034
0.01931 3.66058
0.01932 3.66082
0.01933 3.66106
0.01934 3.66131
0.01935 3.66156
0.01936 3.66181
0.01937 3.66207
0.01938 3.66233
0.01939 3.66259
0.0194 3.66285
0.01941 3.66312
0.01942 3.66339
0.01943 3.66366
0.01944 3.66393
0.01945 3.66421
0.01946 3.66448
0.01947 3.66476
0.01948 3.66505
0.01949 3.66533
0.0195 3.66562
0.01951 3.66591
0.01952 3.66621
0.01953 3.6665
0.01954 3.6668
0.01955 3.6671
0.01956 3.6674
0.01957 3.66771
0.01958 3.66802
0.01959 3.66833
0.0196 3.66864
0.01961 3.66896
0.01962 3.66928
0.01963 3.6696
0.01964 3.66992
0.01965 3.67024
0.01966 3.67057
0.01967 3.6709
0.01968 3.67124
0.01969 3.67157
0.0197 3.67191
0.01971 3.67225
0.01972 3.67259
0.01973 3.67294
0.01974 3.67328
0.01975 3.67363
0.01976 3.67398
0.01977 3.67434
0.01978 3.6747
0.01979 3.67506
0.0198 3.67542
0.01981 3.67578
0.01982 3.67615
0.01983 3.67652
0.01984 3.67689
0.01985 3.67726
0.01986 3.67764
0.01987 3.67802
0.01988 3.6784
0.01989 3.67878
0.0199 3.67916
0.01991 3.67955
0.01992 3.67994
0.01993 3.68034
0.01994 3.68073
0.01995 3.68113
0.01996 3.68153
0.01997 3.68193
0.01998 3.68233
0.01999 3.68274
0.02 3.68315
0.02001 3.68356
0.02002 3.68397
0.02003 3.68439
0.02004 3.68481
0.02005 3.68523
0.02006 3.68565
0.02007 3.68607
0.02008 3.6865
0.02009 3.68693
0.0201 3.68736
0.02011 3.68779
0.02012 3.68823
0.02013 3.68867
0.02014 3.68911
0.02015 3.68955
0.02016 3.69
0.02017 3.69045
0.02018 3.6909
0.02019 3.69135
0.0202 3.6918
0.02021 3.69226
0.02022 3.69272
0.02023 3.69318
0.02024 3.69364
0.02025 3.69411
0.02026 3.69457
0.02027 3.69504
0.02028 3.69552
0.02029 3.69599
0.0203 3.69647
0.02031 3.69695
0.02032 3.69743
0.02033 3.69791
0.02034 3.69839
0.02035 3.69888
0.02036 3.69937
0.02037 3.69986
0.02038 3.70036
0.02039 3.70085
0.0204 3.70135
0.02041 3.70185
0.02042 3.70235
0.02043 3.70286
0.02044 3.70337
0.02045 3.70387
0.02046 3.70439
0.02047 3.7049
0.02048 3.70541
0.02049 3.70593
0.0205 3.70645
0.02051 3.70697
0.02052 3.7075
0.02053 3.70802
0.02054 3.70855
0.02055 3.70908
0.02056 3.70961
0.02057 3.71015
0.02058 3.71069
0.02059 3.71122
0.0206 3.71176
0.02061 3.71231
0.02062 3.71285
0.02063 3.7134
0.02064 3.71395
0.02065 3.7145
0.02066 3.71505
0.02067 3.71561
0.02068 3.71617
0.02069 3.71672
0.0207 3.71729
0.02071 3.71785
0.02072 3.71842
0.02073 3.71898
0.02074 3.71955
0.02075 3.72012
0.02076 3.7207
0.02077 3.72127
0.02078 3.72185
0.02079 3.72243
0.0208 3.72301
0.02081 3.7236
0.02082 3.72418
0.02083 3.72477
0.02084 3.72536
0.02085 3.72595
0.02086 3.72654
0.02087 3.72714
0.02088 3.72774
0.02089 3.72834
0.0209 3.72894
0.02091 3.72954
0.02092 3.73015
0.02093 3.73076
0.02094 3.73137
0.02095 3.73198
0.02096 3.73259
0.02097 3.73321
0.02098 3.73382
0.02099 3.73444
0.021 3.73506
0.02101 3.73569
0.02102 3.73631
0.02103 3.73694
0.02104 3.73757
0.02105 3.7382
0.02106 3.73883
0.02107 3.73947
0.02108 3.7401
0.02109 3.74074
0.0211 3.74138
0.02111 3.74202
0.02112 3.74267
0.02113 3.74331
0.02114 3.74396
0.02115 3.74461
0.02116 3.74526
0.02117 3.74592
0.02118 3.74657
0.02119 3.74723
0.0212 3.74789
0.02121 3.74855
0.02122 3.74921
0.02123 3.74988
0.02124 3.75054
0.02125 3.75121
0.02126 3.75188
0.02127 3.75255
0.02128 3.75323
0.02129 3.7539
0.0213 3.75458
0.02131 3.75526
0.02132 3.75594
0.02133 3.75663
0.02134 3.75731
0.02135 3.758
0.02136 3.75869
0.02137 3.75938
0.02138 3.76007
0.02139 3.76076
0.0214 3.76146
0.02141 3.76216
0.02142 3.76285
0.02143 3.76356
0.02144 3.76426
0.02145 3.76496
0.02146 3.76567
0.02147 3.76638
0.02148 3.76709
0.02149 3.7678
0.0215 3.76851
0.02151 3.76923
0.02152 3.76994
0.02153 3.77066
0.02154 3.77138
0.02155 3.7721
0.02156 3.77283
0.02157 3.77355
0.02158 3.77428
0.02159 3.77501
0.0216 3.77574
0.02161 3.77647
0.02162 3.77721
0.02163 3.77794
0.02164 3.77868
0.02165 3.77942
0.02166 3.78016
0.02167 3.7809
0.02168 3.78165
0.02169 3.78239
0.0217 3.78314
0.02171 3.78389
0.02172 3.78464
0.02173 3.78539
0.02174 3.78615
0.02175 3.7869
0.02176 3.78766
0.02177 3.78842
0.02178 3.78918
0.02179 3.78994
0.0218 3.79071
0.02181 3.79147
0.02182 3.79224
0.02183 3.79301
0.02184 3.79378
0.02185 3.79455
0.02186 3.79532
0.02187 3.7961
0.02188 3.79688
0.02189 3.79765
0.0219 3.79843
0.02191 3.79922
0.02192 3.8
0.02193 3.8008
0.02194 3.80161
0.02195 3.80245
0.02196 3.80332
0.02197 3.8042
0.02198 3.80511
0.02199 3.80603
0.022 3.80698
0.02201 3.80795
0.02202 3.80894
0.02203 3.80995
0.02204 3.81098
0.02205 3.81203
0.02206 3.81311
0.02207 3.8142
0.02208 3.81531
0.02209 3.81644
0.0221 3.81759
0.02211 3.81876
0.02212 3.81995
0.02213 3.82115
0.02214 3.82238
0.02215 3.82362
0.02216 3.82488
0.02217 3.82616
0.02218 3.82746
0.02219 3.82877
0.0222 3.8301
0.02221 3.83145
0.02222 3.83282
0.02223 3.8342
0.02224 3.8356
0.02225 3.83701
0.02226 3.83844
0.02227 3.83989
0.02228 3.84135
0.02229 3.84283
0.0223 3.84432
0.02231 3.84583
0.02232 3.84735
0.02233 3.84889
0.02234 3.85044
0.02235 3.85201
0.02236 3.85359
0.02237 3.85518
0.02238 3.85679
0.02239 3.85841
0.0224 3.86004
0.02241 3.86169
0.02242 3.86335
0.02243 3.86502
0.02244 3.86671
0.02245 3.86841
0.02246 3.87012
0.02247 3.87184
0.02248 3.87357
0.02249 3.87531
0.0225 3.87707
0.02251 3.87884
0.02252 3.88061
0.02253 3.8824
0.02254 3.8842
0.02255 3.88601
0.02256 3.88783
0.02257 3.88966
0.02258 3.8915
0.02259 3.89334
0.0226 3.8952
0.02261 3.89707
0.02262 3.89894
0.02263 3.90083
0.02264 3.90272
0.02265 3.90462
0.02266 3.90653
0.02267 3.90844
0.02268 3.91037
0.02269 3.9123
0.0227 3.91424
0.02271 3.91618
0.02272 3.91814
0.02273 3.9201
0.02274 3.92206
0.02275 3.92403
0.02276 3.92601
0.02277 3.928
0.02278 3.92999
0.02279 3.93198
0.0228 3.93398
0.02281 3.93599
0.02282 3.938
0.02283 3.94001
0.02284 3.94203
0.02285 3.94405
0.02286 3.94608
0.02287 3.94811
0.02288 3.95015
0.02289 3.95219
0.0229 3.95423
0.02291 3.95627
0.02292 3.95832
0.02293 3.96037
0.02294 3.96242
0.02295 3.96448
0.02296 3.96653
0.02297 3.96859
0.02298 3.97065
0.02299 3.97272
0.023 3.97478
0.02301 3.97684
0.02302 3.97891
0.02303 3.98097
0.02304 3.98304
0.02305 3.98511
0.02306 3.98717
0.02307 3.98924
0.02308 3.9913
0.02309 3.99337
0.0231 3.99543
0.02311 3.9975
0.02312 3.99956
0.02313 4.00162
0.02314 4.00368
0.02315 4.00574
0.02316 4.0078
0.02317 4.00985
0.02318 4.0119
0.02319 4.01395
0.0232 4.016
0.02321 4.01804
0.02322 4.02008
0.02323 4.02212
0.02324 4.02415
0.02325 4.02618
0.02326 4.0282
0.02327 4.03022
0.02328 4.03224
0.02329 4.03425
0.0233 4.03626
0.02331 4.03826
0.02332 4.04026
0.02333 4.04225
0.02334 4.04424
0.02335 4.04622
0.02336 4.0482
0.02337 4.05016
0.02338 4.05213
0.02339 4.05408
0.0234 4.05603
0.02341 4.05797
0.02342 4.05991
0.02343 4.06184
0.02344 4.06376
0.02345 4.06567
0.02346 4.06757
0.02347 4.06947
0.02348 4.07136
0.02349 4.07324
0.0235 4.07511
0.02351 4.07697
0.02352 4.07882
0.02353 4.08067
0.02354 4.0825
0.02355 4.08432
0.02356 4.08614
0.02357 4.08794
0.02358 4.08973
0.02359 4.09152
0.0236 4.09329
0.02361 4.09505
0.02362 4.0968
0.02363 4.09854
0.02364 4.10027
0.02365 4.10198
0.02366 4.10368
0.02367 4.10538
0.02368 4.10705
0.02369 4.10872
0.0237 4.11037
0.02371 4.11202
0.02372 4.11364
0.02373 4.11526
0.02374 4.11686
0.02375 4.11844
0.02376 4.12002
0.02377 4.12158
0.02378 4.12312
0.02379 4.12465
0.0238 4.12617
0.02381 4.12767
0.02382 4.12915
0.02383 4.13062
0.02384 4.13207
0.02385 4.13351
0.02386 4.13493
0.02387 4.13634
0.02388 4.13773
0.02389 4.1391
0.0239 4.14046
0.02391 4.1418
0.02392 4.14312
0.02393 4.14443
0.02394 4.14572
0.02395 4.14699
0.02396 4.14824
0.02397 4.14947
0.02398 4.15069
0.02399 4.15188
0.024 4.15306
0.02401 4.15422
0.02402 4.15536
0.02403 4.15648
0.02404 4.15758
0.02405 4.15866
0.02406 4.15973
0.02407 4.16077
0.02408 4.16179
0.02409 4.16279
0.0241 4.16377
0.02411 4.16473
0.02412 4.16566
0.02413 4.16658
0.02414 4.16747
0.02415 4.16835
0.02416 4.1692
0.02417 4.17003
0.02418 4.17083
0.02419 4.17162
0.0242 4.17238
0.02421 4.17312
0.02422 4.17383
0.02423 4.17452
0.02424 4.17519
0.02425 4.17584
0.02426 4.17646
0.02427 4.17705
0.02428 4.17762
0.02429 4.17817
0.0243 4.17869
0.02431 4.17919
0.02432 4.17966
0.02433 4.18011
0.02434 4.18053
0.02435 4.18093
0.02436 4.1813
0.02437 4.18164
0.02438 4.18196
0.02439 4.18225
0.0244 4.18252
0.02441 4.18275
0.02442 4.18296
0.02443 4.18315
0.02444 4.1833
0.02445 4.18343
0.02446 4.18353
0.02447 4.1836
0.02448 4.18364
0.02449 4.18366
0.0245 4.18364
0.02451 4.1836
0.02452 4.18353
0.02453 4.18342
0.02454 4.18329
0.02455 4.18313
0.02456 4.18294
0.02457 4.18272
0.02458 4.18247
0.02459 4.18219
0.0246 4.18187
0.02461 4.18153
0.02462 4.18116
0.02463 4.18075
0.02464 4.18031
0.02465 4.17984
0.02466 4.17934
0.02467 4.17881
0.02468 4.17824
0.02469 4.17764
0.0247 4.17701
0.02471 4.17635
0.02472 4.17565
0.02473 4.17492
0.02474 4.17415
0.02475 4.17336
0.02476 4.17252
0.02477 4.17166
0.02478 4.17076
0.02479 4.16982
0.0248 4.16885
0.02481 4.16785
0.02482 4.16681
0.02483 4.16573
0.02484 4.16462
0.02485 4.16348
0.02486 4.16229
0.02487 4.16107
0.02488 4.15982
0.02489 4.15853
0.0249 4.1572
0.02491 4.15583
0.02492 4.15443
0.02493 4.15299
0.02494 4.15151
0.02495 4.15
0.02496 4.14845
0.02497 4.14688
0.02498 4.14528
0.02499 4.14366
0.025 4.14201
0.02501 4.14034
0.02502 4.13864
0.02503 4.13692
0.02504 4.13517
0.02505 4.1334
0.02506 4.1316
0.02507 4.12977
0.02508 4.12793
0.02509 4.12605
0.0251 4.12415
0.02511 4.12223
0.02512 4.12028
0.02513 4.11831
0.02514 4.11631
0.02515 4.11429
0.02516 4.11225
0.02517 4.11017
0.02518 4.10808
0.02519 4.10596
0.0252 4.10381
0.02521 4.10165
0.02522 4.09945
0.02523 4.09723
0.02524 4.09499
0.02525 4.09273
0.02526 4.09043
0.02527 4.08812
0.02528 4.08578
0.02529 4.08342
0.0253 4.08103
0.02531 4.07862
0.02532 4.07619
0.02533 4.07373
0.02534 4.07124
0.02535 4.06874
0.02536 4.06621
0.02537 4.06365
0.02538 4.06107
0.02539 4.05847
0.0254 4.05585
0.02541 4.0532
0.02542 4.05052
0.02543 4.04783
0.02544 4.04511
0.02545 4.04236
0.02546 4.0396
0.02547 4.03681
0.02548 4.03399
0.02549 4.03116
0.0255 4.0283
0.02551 4.02541
0.02552 4.02251
0.02553 4.01958
0.02554 4.01662
0.02555 4.01365
0.02556 4.01065
0.02557 4.00763
0.02558 4.00458
0.02559 4.00152
0.0256 3.99842
0.02561 3.99531
0.02562 3.99217
0.02563 3.98902
0.02564 3.98583
0.02565 3.98263
0.02566 3.9794
0.02567 3.97615
0.02568 3.97288
0.02569 3.96959
0.0257 3.96627
0.02571 3.96293
0.02572 3.95957
0.02573 3.95618
0.02574 3.95277
0.02575 3.94935
0.02576 3.94589
0.02577 3.94242
0.02578 3.93892
0.02579 3.93541
0.0258 3.93187
0.02581 3.9283
0.02582 3.92472
0.02583 3.92111
0.02584 3.91749
0.02585 3.91384
0.02586 3.91016
0.02587 3.90647
0.02588 3.90276
0.02589 3.89902
0.0259 3.89526
0.02591 3.89148
0.02592 3.88768
0.02593 3.88385
0.02594 3.88001
0.02595 3.87614
0.02596 3.87225
0.02597 3.86834
0.02598 3.86441
0.02599 3.86046
0.026 3.85649
0.02601 3.85249
0.02602 3.84848
0.02603 3.84444
0.02604 3.84038
0.02605 3.8363
0.02606 3.8322
0.02607 3.82808
0.02608 3.82394
0.02609 3.81977
0.0261 3.81559
0.02611 3.81138
0.02612 3.80716
0.02613 3.80291
0.02614 3.79864
0.02615 3.79435
0.02616 3.79005
0.02617 3.78572
0.02618 3.78137
0.02619 3.77699
0.0262 3.7726
0.02621 3.76819
0.02622 3.76376
0.02623 3.75931
0.02624 3.75483
0.02625 3.75034
0.02626 3.74583
0.02627 3.74129
0.02628 3.73674
0.02629 3.73217
0.0263 3.72757
0.02631 3.72296
0.02632 3.71832
0.02633 3.71367
0.02634 3.70899
0.02635 3.7043
0.02636 3.69958
0.02637 3.69485
0.02638 3.6901
0.02639 3.68532
0.0264 3.68053
0.02641 3.67572
0.02642 3.67088
0.02643 3.66603
0.02644 3.66116
0.02645 3.65627
0.02646 3.65136
0.02647 3.64643
0.02648 3.64148
0.02649 3.63651
0.0265 3.63152
0.02651 3.62651
0.02652 3.62149
0.02653 3.61644
0.02654 3.61138
0.02655 3.60629
0.02656 3.60119
0.02657 3.59607
0.02658 3.59092
0.02659 3.58576
0.0266 3.58058
0.02661 3.57539
0.02662 3.57017
0.02663 3.56493
0.02664 3.55968
0.02665 3.5544
0.02666 3.54911
0.02667 3.5438
0.02668 3.53847
0.02669 3.53312
0.0267 3.52776
0.02671 3.52237
0.02672 3.51697
0.02673 3.51155
0.02674 3.50611
0.02675 3.50065
0.02676 3.49517
0.02677 3.48968
0.02678 3.48416
0.02679 3.47863
0.0268 3.47308
0.02681 3.46751
0.02682 3.46193
0.02683 3.45632
0.02684 3.4507
0.02685 3.44506
0.02686 3.4394
0.02687 3.43373
0.02688 3.42803
0.02689 3.42232
0.0269 3.41659
0.02691 3.41085
0.02692 3.40508
0.02693 3.3993
0.02694 3.3935
0.02695 3.38768
0.02696 3.38185
0.02697 3.376
0.02698 3.37013
0.02699 3.36424
0.027 3.35834
0.02701 3.35242
0.02702 3.34648
0.02703 3.34052
0.02704 3.33455
0.02705 3.32856
0.02706 3.32255
0.02707 3.31652
0.02708 3.31048
0.02709 3.30442
0.0271 3.29835
0.02711 3.29226
0.02712 3.28615
0.02713 3.28002
0.02714 3.27388
0.02715 3.26772
0.02716 3.26154
0.02717 3.25535
0.02718 3.24914
0.02719 3.24291
0.0272 3.23667
0.02721 3.23041
0.02722 3.22413
0.02723 3.21784
0.02724 3.21153
0.02725 3.20521
0.02726 3.19886
0.02727 3.19251
0.02728 3.18613
0.02729 3.17974
0.0273 3.17333
0.02731 3.16691
0.02732 3.16047
0.02733 3.15402
0.02734 3.14755
0.02735 3.14106
0.02736 3.13456
0.02737 3.12804
0.02738 3.12148
0.02739 3.11487
0.0274 3.10819
0.02741 3.10145
0.02742 3.09465
0.02743 3.0878
0.02744 3.08088
0.02745 3.07391
0.02746 3.06689
0.02747 3.0598
0.02748 3.05266
0.02749 3.04546
0.0275 3.03821
0.02751 3.03091
0.02752 3.02355
0.02753 3.01614
0.02754 3.00867
0.02755 3.00115
0.02756 2.99358
0.02757 2.98596
0.02758 2.97829
0.02759 2.97057
0.0276 2.9628
0.02761 2.95498
0.02762 2.94711
0.02763 2.93919
0.02764 2.93123
0.02765 2.92322
0.02766 2.91516
0.02767 2.90705
0.02768 2.8989
0.02769 2.89071
0.0277 2.88247
0.02771 2.87419
0.02772 2.86586
0.02773 2.85749
0.02774 2.84908
0.02775 2.84062
0.02776 2.83213
0.02777 2.82359
0.02778 2.81502
0.02779 2.8064
0.0278 2.79775
0.02781 2.78905
0.02782 2.78032
0.02783 2.77155
0.02784 2.76274
0.02785 2.7539
0.02786 2.74502
0.02787 2.73611
0.02788 2.72716
0.02789 2.71817
0.0279 2.70915
0.02791 2.7001
0.02792 2.69102
0.02793 2.6819
0.02794 2.67275
0.02795 2.66357
0.02796 2.65436
0.02797 2.64512
0.02798 2.63585
0.02799 2.62655
0.028 2.61722
0.02801 2.60786
0.02802 2.59847
0.02803 2.58906
0.02804 2.57962
0.02805 2.57016
0.02806 2.56067
0.02807 2.55115
0.02808 2.54161
0.02809 2.53205
0.0281 2.52246
0.02811 2.51285
0.02812 2.50322
0.02813 2.49356
0.02814 2.48389
0.02815 2.47419
0.02816 2.46447
0.02817 2.45473
0.02818 2.44498
0.02819 2.4352
0.0282 2.42541
0.02821 2.4156
0.02822 2.40577
0.02823 2.39592
0.02824 2.38606
0.02825 2.37618
0.02826 2.36629
0.02827 2.35639
0.02828 2.34646
0.02829 2.33653
0.0283 2.32658
0.02831 2.31662
0.02832 2.30665
0.02833 2.29667
0.02834 2.28667
0.02835 2.27667
0.02836 2.26666
0.02837 2.25663
0.02838 2.2466
0.02839 2.23656
0.0284 2.22651
0.02841 2.21646
0.02842 2.20639
0.02843 2.19632
0.02844 2.18625
0.02845 2.17617
0.02846 2.16609
0.02847 2.156
0.02848 2.14591
0.02849 2.13581
0.0285 2.12572
0.02851 2.11562
0.02852 2.10552
0.02853 2.09541
0.02854 2.08531
0.02855 2.07521
0.02856 2.06511
0.02857 2.05501
0.02858 2.04491
0.02859 2.03481
0.0286 2.02472
0.02861 2.01463
0.02862 2.00454
0.02863 1.99446
0.02864 1.98438
0.02865 1.97431
0.02866 1.96425
0.02867 1.95419
0.02868 1.94413
0.02869 1.93409
0.0287 1.92405
0.02871 1.91402
0.02872 1.904
0.02873 1.89399
0.02874 1.88399
0.02875 1.874
0.02876 1.86402
0.02877 1.85405
0.02878 1.8441
0.02879 1.83416
0.0288 1.82423
0.02881 1.81431
0.02882 1.80441
0.02883 1.79453
0.02884 1.78465
0.02885 1.7748
0.02886 1.76496
0.02887 1.75514
0.02888 1.74533
0.02889 1.73555
0.0289 1.72578
0.02891 1.71603
0.02892 1.7063
0.02893 1.69659
0.02894 1.6869
0.02895 1.67723
0.02896 1.66759
0.02897 1.65796
0.02898 1.64836
0.02899 1.63878
0.029 1.62923
0.02901 1.6197
0.02902 1.61019
0.02903 1.60071
0.02904 1.59126
0.02905 1.58183
0.02906 1.57243
0.02907 1.56305
0.02908 1.55371
0.02909 1.54439
0.0291 1.5351
0.02911 1.52584
0.02912 1.51661
0.02913 1.50741
0.02914 1.49824
0.02915 1.4891
0.02916 1.48
0.02917 1.47093
0.02918 1.46189
0.02919 1.45288
0.0292 1.44391
0.02921 1.43498
0.02922 1.42608
0.02923 1.41721
0.02924 1.40838
0.02925 1.39959
0.02926 1.39083
0.02927 1.38212
0.02928 1.37344
0.02929 1.3648
0.0293 1.3562
0.02931 1.34764
0.02932 1.33912
0.02933 1.33064
0.02934 1.3222
0.02935 1.31381
0.02936 1.30545
0.02937 1.29714
0.02938 1.28888
0.02939 1.28065
0.0294 1.27248
0.02941 1.26434
0.02942 1.25626
0.02943 1.24822
0.02944 1.24022
0.02945 1.23228
0.02946 1.22438
0.02947 1.21653
0.02948 1.20873
0.02949 1.20098
0.0295 1.19327
0.02951 1.18562
0.02952 1.17802
0.02953 1.17047
0.02954 1.16297
0.02955 1.15553
0.02956 1.14814
0.02957 1.1408
0.02958 1.13352
0.02959 1.12629
0.0296 1.11911
0.02961 1.11199
0.02962 1.10493
0.02963 1.09792
0.02964 1.09098
0.02965 1.08409
0.02966 1.07725
0.02967 1.07048
0.02968 1.06377
0.02969 1.05711
0.0297 1.05052
0.02971 1.04398
0.02972 1.03751
0.02973 1.0311
0.02974 1.02475
0.02975 1.01847
0.02976 1.01225
0.02977 1.00609
0.02978 1
0.02979 0.99397
0.0298 0.988
0.02981 0.982089
0.02982 0.976237
0.02983 0.970443
0.02984 0.964707
0.02985 0.959029
0.02986 0.953407
0.02987 0.947841
0.02988 0.942332
0.02989 0.936878
0.0299 0.931479
0.02991 0.926135
0.02992 0.920844
0.02993 0.915608
0.02994 0.910424
0.02995 0.905293
0.02996 0.900214
0.02997 0.895187
0.02998 0.890211
0.02999 0.885286
0.03 0.880412
0.03001 0.875587
0.03002 0.870812
0.03003 0.866085
0.03004 0.861407
0.03005 0.856777
0.03006 0.852195
0.03007 0.847659
0.03008 0.84317
0.03009 0.838728
0.0301 0.834331
0.03011 0.829979
0.03012 0.825672
0.03013 0.821409
0.03014 0.817189
0.03015 0.813014
0.03016 0.808881
0.03017 0.80479
0.03018 0.800741
0.03019 0.796734
0.0302 0.792768
0.03021 0.788842
0.03022 0.784956
0.03023 0.78111
0.03024 0.777303
0.03025 0.773534
0.03026 0.769804
0.03027 0.766112
0.03028 0.762456
0.03029 0.758838
0.0303 0.755255
0.03031 0.751709
0.03032 0.748198
0.03033 0.744721
0.03034 0.74128
0.03035 0.737872
0.03036 0.734497
0.03037 0.731156
0.03038 0.727847
0.03039 0.724571
0.0304 0.721326
0.03041 0.718112
0.03042 0.714928
0.03043 0.711775
0.03044 0.708652
0.03045 0.705558
0.03046 0.702493
0.03047 0.699456
0.03048 0.696447
0.03049 0.693466
0.0305 0.690511
0.03051 0.687583
0.03052 0.684681
0.03053 0.681804
0.03054 0.678952
0.03055 0.676125
0.03056 0.673323
0.03057 0.670544
0.03058 0.667788
0.03059 0.665054
0.0306 0.662343
0.03061 0.659654
0.03062 0.656986
0.03063 0.654339
0.03064 0.651713
0.03065 0.649106
0.03066 0.646519
0.03067 0.643951
0.03068 0.641401
0.03069 0.638869
0.0307 0.636355
0.03071 0.633858
0.03072 0.631378
0.03073 0.628914
0.03074 0.626466
0.03075 0.624032
0.03076 0.621614
0.03077 0.61921
0.03078 0.61682
0.03079 0.614443
0.0308 0.612079
0.03081 0.609727
0.03082 0.607388
0.03083 0.60506
0.03084 0.602743
0.03085 0.600436
0.03086 0.59814
0.03087 0.595853
0.03088 0.593576
0.03089 0.591307
0.0309 0.589046
0.03091 0.586794
0.03092 0.584548
0.03093 0.582309
0.03094 0.580077
0.03095 0.57785
0.03096 0.575629
0.03097 0.573413
0.03098 0.571202
0.03099 0.568994
0.031 0.56679
0.03101 0.564589
0.03102 0.562391
0.03103 0.560195
0.03104 0.558
0.03105 0.555807
0.03106 0.553614
0.03107 0.551422
0.03108 0.549229
0.03109 0.547036
0.0311 0.544842
0.03111 0.542646
0.03112 0.540448
0.03113 0.538248
0.03114 0.536044
0.03115 0.533837
0.03116 0.531627
0.03117 0.529411
0.03118 0.527191
0.03119 0.524966
0.0312 0.522735
0.03121 0.520497
0.03122 0.518253
0.03123 0.516001
0.03124 0.513742
0.03125 0.511475
0.03126 0.509199
0.03127 0.506914
0.03128 0.50462
0.03129 0.502315
0.0313 0.5
0.03131 0.497685
0.03132 0.49538
0.03133 0.493086
0.03134 0.490802
0.03135 0.488528
0.03136 0.486265
0.03137 0.484011
0.03138 0.481768
0.03139 0.479535
0.0314 0.477313
0.03141 0.4751
0.03142 0.472897
0.03143 0.470704
0.03144 0.468521
0.03145 0.466349
0.03146 0.464185
0.03147 0.462032
0.03148 0.459888
0.03149 0.457755
0.0315 0.45563
0.03151 0.453516
0.03152 0.451411
0.03153 0.449315
0.03154 0.447229
0.03155 0.445153
0.03156 0.443086
0.03157 0.441028
0.03158 0.43898
0.03159 0.436941
0.0316 0.434911
0.03161 0.43289
0.03162 0.430879
0.03163 0.428876
0.03164 0.426883
0.03165 0.424899
0.03166 0.422924
0.03167 0.420957
0.03168 0.419
0.03169 0.417051
0.0317 0.415112
0.03171 0.413181
0.03172 0.411258
0.03173 0.409345
0.03174 0.40744
0.03175 0.405544
0.03176 0.403656
0.03177 0.401777
0.03178 0.399906
0.03179 0.398044
0.0318 0.39619
0.03181 0.394344
0.03182 0.392507
0.03183 0.390678
0.03184 0.388858
0.03185 0.387045
0.03186 0.385241
0.03187 0.383444
0.03188 0.381656
0.03189 0.379876
0.0319 0.378104
0.03191 0.376339
0.03192 0.374583
0.03193 0.372834
0.03194 0.371094
0.03195 0.36936
0.03196 0.367635
0.03197 0.365918
0.03198 0.364207
0.03199 0.362505
0.032 0.36081
0.03201 0.359123
0.03202 0.357443
0.03203 0.35577
0.03204 0.354105
0.03205 0.352447
0.03206 0.350797
0.03207 0.349154
0.03208 0.347518
0.03209 0.345889
0.0321 0.344267
0.03211 0.342652
0.03212 0.341045
0.03213 0.339444
0.03214 0.33785
0.03215 0.336264
0.03216 0.334684
0.03217 0.333111
0.03218 0.331544
0.03219 0.329985
0.0322 0.328432
0.03221 0.326886
0.03222 0.325346
0.03223 0.323813
0.03224 0.322286
0.03225 0.320766
0.03226 0.319253
0.03227 0.317745
0.03228 0.316245
0.03229 0.31475
0.0323 0.313262
0.03231 0.31178
0.03232 0.310304
0.03233 0.308834
0.03234 0.307371
0.03235 0.305913
0.03236 0.304462
0.03237 0.303016
0.03238 0.301576
0.03239 0.300143
0.0324 0.298715
0.03241 0.297293
0.03242 0.295876
0.03243 0.294466
0.03244 0.293061
0.03245 0.291662
0.03246 0.290268
0.03247 0.28888
0.03248 0.287497
0.03249 0.28612
0.0325 0.284748
0.03251 0.283382
0.03252 0.282021
0.03253 0.280665
0.03254 0.279315
0.03255 0.277969
0.03256 0.276629
0.03257 0.275294
0.03258 0.273964
0.03259 0.27264
0.0326 0.27132
0.03261 0.270005
0.03262 0.268695
0.03263 0.26739
0.03264 0.266089
0.03265 0.264794
0.03266 0.263503
0.03267 0.262217
0.03268 0.260936
0.03269 0.259659
0.0327 0.258387
0.03271 0.257119
0.03272 0.255856
0.03273 0.254597
0.03274 0.253343
0.03275 0.252093
0.03276 0.250847
0.03277 0.249606
0.03278 0.248368
0.03279 0.247135
0.0328 0.245907
0.03281 0.244682
0.03282 0.243461
0.03283 0.242245
0.03284 0.241032
0.03285 0.239823
0.03286 0.238618
0.03287 0.237417
0.03288 0.23622
0.03289 0.235027
0.0329 0.233837
0.03291 0.232651
0.03292 0.231469
0.03293 0.23029
0.03294 0.229115
0.03295 0.227943
0.03296 0.226775
0.03297 0.22561
0.03298 0.224449
0.03299 0.223291
0.033 0.222136
0.03301 0.220984
0.03302 0.219836
0.03303 0.218691
0.03304 0.217549
0.03305 0.21641
0.03306 0.215274
0.03307 0.214141
0.03308 0.213011
0.03309 0.211884
0.0331 0.21076
0.03311 0.209639
0.03312 0.20852
0.03313 0.207404
0.03314 0.206291
0.03315 0.205181
0.03316 0.204073
0.03317 0.202968
0.03318 0.201865
0.03319 0.200765
0.0332 0.199667
0.03321 0.198572
0.03322 0.197479
0.03323 0.196388
0.03324 0.1953
0.03325 0.194214
0.03326 0.19313
0.03327 0.192048
0.03328 0.190969
0.03329 0.189891
0.0333 0.188815
0.03331 0.187742
0.03332 0.18667
0.03333 0.1856
0.03334 0.184532
0.03335 0.183466
0.03336 0.182402
0.03337 0.181339
0.03338 0.180279
0.03339 0.179219
0.0334 0.178162
0.03341 0.177106
0.03342 0.176051
0.03343 0.174998
0.03344 0.173946
0.03345 0.172896
0.03346 0.171847
0.03347 0.170799
0.03348 0.169753
0.03349 0.168708
0.0335 0.167664
0.03351 0.166621
0.03352 0.165579
0.03353 0.164538
0.03354 0.163498
0.03355 0.16246
0.03356 0.161422
0.03357 0.160385
0.03358 0.159349
0.03359 0.158313
0.0336 0.157279
0.03361 0.156245
0.03362 0.155212
0.03363 0.154179
0.03364 0.153147
0.03365 0.152116
0.03366 0.151085
0.03367 0.150054
0.03368 0.149024
0.03369 0.147994
0.0337 0.146965
0.03371 0.145936
0.03372 0.144907
0.03373 0.143878
0.03374 0.14285
0.03375 0.141821
0.03376 0.140793
0.03377 0.139764
0.03378 0.138736
0.03379 0.137708
0.0338 0.136679
0.03381 0.135651
0.03382 0.134622
0.03383 0.133593
0.03384 0.132563
0.03385 0.131534
0.03386 0.130504
0.03387 0.129473
0.03388 0.128442
0.03389 0.127411
0.0339 0.126379
0.03391 0.125347
0.03392 0.124314
0.03393 0.12328
0.03394 0.122246
0.03395 0.121211
0.03396 0.120175
0.03397 0.119138
0.03398 0.118101
0.03399 0.117062
0.034 0.116023
0.03401 0.114983
0.03402 0.113941
0.03403 0.112899
0.03404 0.111855
0.03405 0.11081
0.03406 0.109764
0.03407 0.108717
0.03408 0.107668
0.03409 0.106619
0.0341 0.105567
0.03411 0.104515
0.03412 0.103461
0.03413 0.102405
0.03414 0.101348
0.03415 0.100289
0.03416 0.0992288
0.03417 0.0981667
0.03418 0.097103
0.03419 0.0960375
0.0342 0.0949702
0.03421 0.0939011
0.03422 0.0928301
0.03423 0.0917571
0.03424 0.0906822
0.03425 0.0896053
0.03426 0.0885263
0.03427 0.0874452
0.03428 0.086362
0.03429 0.0852767
0.0343 0.084189
0.03431 0.0830992
0.03432 0.082007
0.03433 0.0809125
0.03434 0.0798155
0.03435 0.0787162
0.03436 0.0776143
0.03437 0.07651
0.03438 0.0754031
0.03439 0.0742935
0.0344 0.0731814
0.03441 0.0720665
0.03442 0.0709489
0.03443 0.0698285
0.03444 0.0687053
0.03445 0.0675793
0.03446 0.0664503
0.03447 0.0653185
0.03448 0.0641836
0.03449 0.0630457
0.0345 0.0619047
0.03451 0.0607606
0.03452 0.0596133
0.03453 0.0584629
0.03454 0.0573092
0.03455 0.0561522
0.03456 0.0549919
0.03457 0.0538282
0.03458 0.0526611
0.03459 0.0514906
0.0346 0.0503166
0.03461 0.049139
0.03462 0.0479578
0.03463 0.046773
0.03464 0.0455846
0.03465 0.0443924
0.03466 0.0431965
0.03467 0.0419968
0.03468 0.0407933
0.03469 0.0395858
0.0347 0.0383745
0.03471 0.0371592
0.03472 0.0359399
0.03473 0.0347165
0.03474 0.033489
0.03475 0.0322575
0.03476 0.0310217
0.03477 0.0297817
0.03478 0.0285375
0.03479 0.0272889
0.0348 0.026036
0.03481 0.0247787
0.03482 0.023517
0.03483 0.0222508
0.03484 0.0209801
0.03485 0.0197049
0.03486 0.018425
0.03487 0.0171405
0.03488 0.0158513
0.03489 0.0145574
0.0349 0.0132587
0.03491 0.0119552
0.03492 0.0106468
0.03493 0.00933355
0.03494 0.00801535
0.03495 0.00669216
0.03496 0.00536395
0.03497 0.00403067
0.03498 0.00269228
0.03499 0.00134874
0.035 0