0 0
1E-5 1.73174E-4
2E-5 3.47708E-4
3E-5 5.23597E-4
4E-5 7.00832E-4
5E-5 8.79408E-4
6E-5 0.00105932
7E-5 0.00124055
8E-5 0.00142311
9E-5 0.00160698
1E-4 0.00179215
1.1E-4 0.00197862
1.2E-4 0.00216639
1.3E-4 0.00235544
1.4E-4 0.00254577
1.5E-4 0.00273737
1.6E-4 0.00293023
1.7E-4 0.00312436
1.8E-4 0.00331973
1.9E-4 0.00351635
2E-4 0.00371421
2.1E-4 0.0039133
2.2E-4 0.00411361
2.3E-4 0.00431513
2.4E-4 0.00451787
2.5E-4 0.00472181
2.6E-4 0.00492695
2.7E-4 0.00513327
2.8E-4 0.00534078
2.9E-4 0.00554947
3E-4 0.00575932
3.1E-4 0.00597034
3.2E-4 0.00618251
3.3E-4 0.00639583
3.4E-4 0.00661029
3.5E-4 0.00682588
3.6E-4 0.00704261
3.7E-4 0.00726045
3.8E-4 0.00747941
3.9E-4 0.00769947
4E-4 0.00792064
4.1E-4 0.0081429
4.2E-4 0.00836624
4.3E-4 0.00859067
4.4E-4 0.00881617
4.5E-4 0.00904273
4.6E-4 0.00927036
4.7E-4 0.00949903
4.8E-4 0.00972875
4.9E-4 0.00995951
5E-4 0.0101913
5.1E-4 0.0104241
5.2E-4 0.010658
5.3E-4 0.0108928
5.4E-4 0.0111287
5.5E-4 0.0113655
5.6E-4 0.0116033
5.7E-4 0.0118422
5.8E-4 0.012082
5.9E-4 0.0123227
6E-4 0.0125645
6.1E-4 0.0128072
6.2E-4 0.0130508
6.3E-4 0.0132954
6.4E-4 0.0135409
6.5E-4 0.0137873
6.6E-4 0.0140347
6.7E-4 0.014283
6.8E-4 0.0145322
6.9E-4 0.0147823
7E-4 0.0150333
7.1E-4 0.0152852
7.2E-4 0.0155379
7.3E-4 0.0157916
7.4E-4 0.0160461
7.5E-4 0.0163014
7.6E-4 0.0165576
7.7E-4 0.0168147
7.8E-4 0.0170726
7.9E-4 0.0173313
8E-4 0.0175909
8.1E-4 0.0178513
8.2E-4 0.0181125
8.3E-4 0.0183745
8.4E-4 0.0186373
8.5E-4 0.0189008
8.6E-4 0.0191652
8.7E-4 0.0194304
8.8E-4 0.0196963
8.9E-4 0.019963
9E-4 0.0202304
9.1E-4 0.0204986
9.2E-4 0.0207676
9.3E-4 0.0210372
9.4E-4 0.0213077
9.5E-4 0.0215788
9.6E-4 0.0218506
9.7E-4 0.0221232
9.8E-4 0.0223965
9.9E-4 0.0226704
1E-3 0.0229451
0.00101 0.0232204
0.00102 0.0234964
0.00103 0.0237731
0.00104 0.0240504
0.00105 0.0243284
0.00106 0.024607
0.00107 0.0248863
0.00108 0.0251662
0.00109 0.0254468
0.0011 0.0257279
0.00111 0.0260097
0.00112 0.0262921
0.00113 0.0265751
0.00114 0.0268586
0.00115 0.0271428
0.00116 0.0274275
0.00117 0.0277129
0.00118 0.0279987
0.00119 0.0282852
0.0012 0.0285722
0.00121 0.0288597
0.00122 0.0291478
0.00123 0.0294364
0.00124 0.0297255
0.00125 0.0300152
0.00126 0.0303053
0.00127 0.030596
0.00128 0.0308872
0.00129 0.0311788
0.0013 0.0314709
0.00131 0.0317636
0.00132 0.0320566
0.00133 0.0323502
0.00134 0.0326442
0.00135 0.0329386
0.00136 0.0332335
0.00137 0.0335289
0.00138 0.0338246
0.00139 0.0341208
0.0014 0.0344174
0.00141 0.0347144
0.00142 0.0350118
0.00143 0.0353096
0.00144 0.0356078
0.00145 0.0359064
0.00146 0.0362053
0.00147 0.0365046
0.00148 0.0368043
0.00149 0.0371043
0.0015 0.0374047
0.00151 0.0377054
0.00152 0.0380064
0.00153 0.0383078
0.00154 0.0386095
0.00155 0.0389115
0.00156 0.0392138
0.00157 0.0395164
0.00158 0.0398193
0.00159 0.0401225
0.0016 0.0404259
0.00161 0.0407296
0.00162 0.0410336
0.00163 0.0413379
0.00164 0.0416424
0.00165 0.0419471
0.00166 0.0422521
0.00167 0.0425573
0.00168 0.0428628
0.00169 0.0431684
0.0017 0.0434743
0.00171 0.0437803
0.00172 0.0440866
0.00173 0.0443931
0.00174 0.0446997
0.00175 0.0450065
0.00176 0.0453135
0.00177 0.0456206
0.00178 0.0459279
0.00179 0.0462353
0.0018 0.0465429
0.00181 0.0468506
0.00182 0.0471585
0.00183 0.0474664
0.00184 0.0477745
0.00185 0.0480827
0.00186 0.048391
0.00187 0.0486993
0.00188 0.0490078
0.00189 0.0493163
0.0019 0.049625
0.00191 0.0499336
0.00192 0.0502424
0.00193 0.0505512
0.00194 0.05086
0.00195 0.0511689
0.00196 0.0514778
0.00197 0.0517867
0.00198 0.0520957
0.00199 0.0524046
0.002 0.0527136
0.00201 0.0530225
0.00202 0.0533315
0.00203 0.0536404
0.00204 0.0539493
0.00205 0.0542582
0.00206 0.054567
0.00207 0.0548758
0.00208 0.0551846
0.00209 0.0554933
0.0021 0.0558019
0.00211 0.0561104
0.00212 0.0564189
0.00213 0.0567273
0.00214 0.0570356
0.00215 0.0573438
0.00216 0.0576519
0.00217 0.0579599
0.00218 0.0582677
0.00219 0.0585755
0.0022 0.0588831
0.00221 0.0591905
0.00222 0.0594978
0.00223 0.059805
0.00224 0.060112
0.00225 0.0604188
0.00226 0.0607255
0.00227 0.061032
0.00228 0.0613382
0.00229 0.0616443
0.0023 0.0619502
0.00231 0.0622559
0.00232 0.0625614
0.00233 0.0628666
0.00234 0.0631716
0.00235 0.0634764
0.00236 0.063781
0.00237 0.0640852
0.00238 0.0643893
0.00239 0.064693
0.0024 0.0649965
0.00241 0.0652998
0.00242 0.0656027
0.00243 0.0659054
0.00244 0.0662077
0.00245 0.0665097
0.00246 0.0668115
0.00247 0.0671129
0.00248 0.067414
0.00249 0.0677147
0.0025 0.0680152
0.00251 0.0683152
0.00252 0.068615
0.00253 0.0689143
0.00254 0.0692133
0.00255 0.0695119
0.00256 0.0698102
0.00257 0.0701081
0.00258 0.0704055
0.00259 0.0707026
0.0026 0.0709992
0.00261 0.0712955
0.00262 0.0715913
0.00263 0.0718867
0.00264 0.0721816
0.00265 0.0724762
0.00266 0.0727702
0.00267 0.0730638
0.00268 0.073357
0.00269 0.0736497
0.0027 0.0739419
0.00271 0.0742336
0.00272 0.0745249
0.00273 0.0748156
0.00274 0.0751058
0.00275 0.0753956
0.00276 0.0756848
0.00277 0.0759734
0.00278 0.0762616
0.00279 0.0765492
0.0028 0.0768363
0.00281 0.0771228
0.00282 0.0774088
0.00283 0.0776942
0.00284 0.077979
0.00285 0.0782632
0.00286 0.0785469
0.00287 0.07883
0.00288 0.0791125
0.00289 0.0793943
0.0029 0.0796756
0.00291 0.0799562
0.00292 0.0802362
0.00293 0.0805156
0.00294 0.0807943
0.00295 0.0810724
0.00296 0.0813498
0.00297 0.0816266
0.00298 0.0819027
0.00299 0.0821781
0.003 0.0824529
0.00301 0.082727
0.00302 0.0830003
0.00303 0.083273
0.00304 0.0835449
0.00305 0.0838162
0.00306 0.0840867
0.00307 0.0843565
0.00308 0.0846255
0.00309 0.0848938
0.0031 0.0851614
0.00311 0.0854282
0.00312 0.0856942
0.00313 0.0859595
0.00314 0.086224
0.00315 0.0864877
0.00316 0.0867506
0.00317 0.0870127
0.00318 0.087274
0.00319 0.0875345
0.0032 0.0877942
0.00321 0.0880531
0.00322 0.0883111
0.00323 0.0885683
0.00324 0.0888246
0.00325 0.0890801
0.00326 0.0893347
0.00327 0.0895885
0.00328 0.0898414
0.00329 0.0900934
0.0033 0.0903445
0.00331 0.0905948
0.00332 0.0908441
0.00333 0.0910925
0.00334 0.09134
0.00335 0.0915866
0.00336 0.0918322
0.00337 0.092077
0.00338 0.0923207
0.00339 0.0925636
0.0034 0.0928055
0.00341 0.0930464
0.00342 0.0932863
0.00343 0.0935253
0.00344 0.0937633
0.00345 0.0940003
0.00346 0.0942363
0.00347 0.0944713
0.00348 0.0947052
0.00349 0.0949382
0.0035 0.0951702
0.00351 0.0954011
0.00352 0.0956309
0.00353 0.0958598
0.00354 0.0960876
0.00355 0.0963143
0.00356 0.0965399
0.00357 0.0967645
0.00358 0.096988
0.00359 0.0972104
0.0036 0.0974318
0.00361 0.097652
0.00362 0.0978711
0.00363 0.0980891
0.00364 0.098306
0.00365 0.0985218
0.00366 0.0987364
0.00367 0.0989499
0.00368 0.0991622
0.00369 0.0993734
0.0037 0.0995835
0.00371 0.0997923
0.00372 0.1
0.00373 0.100207
0.00374 0.100415
0.00375 0.100623
0.00376 0.100831
0.00377 0.10104
0.00378 0.101249
0.00379 0.101459
0.0038 0.101669
0.00381 0.101879
0.00382 0.10209
0.00383 0.102302
0.00384 0.102514
0.00385 0.102727
0.00386 0.102941
0.00387 0.103155
0.00388 0.103369
0.00389 0.103585
0.0039 0.103801
0.00391 0.104018
0.00392 0.104235
0.00393 0.104453
0.00394 0.104673
0.00395 0.104892
0.00396 0.105113
0.00397 0.105335
0.00398 0.105557
0.00399 0.105781
0.004 0.106005
0.00401 0.10623
0.00402 0.106456
0.00403 0.106684
0.00404 0.106912
0.00405 0.107141
0.00406 0.107372
0.00407 0.107603
0.00408 0.107835
0.00409 0.108069
0.0041 0.108304
0.00411 0.10854
0.00412 0.108777
0.00413 0.109015
0.00414 0.109255
0.00415 0.109496
0.00416 0.109738
0.00417 0.109982
0.00418 0.110226
0.00419 0.110473
0.0042 0.11072
0.00421 0.110969
0.00422 0.111219
0.00423 0.111471
0.00424 0.111725
0.00425 0.111979
0.00426 0.112236
0.00427 0.112493
0.00428 0.112753
0.00429 0.113014
0.0043 0.113276
0.00431 0.113541
0.00432 0.113806
0.00433 0.114074
0.00434 0.114343
0.00435 0.114614
0.00436 0.114887
0.00437 0.115161
0.00438 0.115437
0.00439 0.115715
0.0044 0.115995
0.00441 0.116277
0.00442 0.11656
0.00443 0.116846
0.00444 0.117133
0.00445 0.117422
0.00446 0.117713
0.00447 0.118007
0.00448 0.118302
0.00449 0.118599
0.0045 0.118899
0.00451 0.1192
0.00452 0.119503
0.00453 0.119809
0.00454 0.120117
0.00455 0.120427
0.00456 0.120739
0.00457 0.121053
0.00458 0.12137
0.00459 0.121689
0.0046 0.12201
0.00461 0.122333
0.00462 0.122659
0.00463 0.122987
0.00464 0.123317
0.00465 0.12365
0.00466 0.123986
0.00467 0.124323
0.00468 0.124663
0.00469 0.125006
0.0047 0.125351
0.00471 0.125699
0.00472 0.126049
0.00473 0.126402
0.00474 0.126757
0.00475 0.127115
0.00476 0.127476
0.00477 0.127839
0.00478 0.128205
0.00479 0.128574
0.0048 0.128945
0.00481 0.129319
0.00482 0.129696
0.00483 0.130076
0.00484 0.130459
0.00485 0.130844
0.00486 0.131232
0.00487 0.131624
0.00488 0.132018
0.00489 0.132415
0.0049 0.132815
0.00491 0.133218
0.00492 0.133624
0.00493 0.134032
0.00494 0.134445
0.00495 0.13486
0.00496 0.135278
0.00497 0.135699
0.00498 0.136123
0.00499 0.136551
0.005 0.136982
0.00501 0.137416
0.00502 0.137853
0.00503 0.138293
0.00504 0.138737
0.00505 0.139184
0.00506 0.139635
0.00507 0.140088
0.00508 0.140545
0.00509 0.141006
0.0051 0.141469
0.00511 0.141937
0.00512 0.142407
0.00513 0.142882
0.00514 0.143359
0.00515 0.14384
0.00516 0.144325
0.00517 0.144814
0.00518 0.145305
0.00519 0.145801
0.0052 0.1463
0.00521 0.146803
0.00522 0.147309
0.00523 0.14782
0.00524 0.148333
0.00525 0.148851
0.00526 0.149372
0.00527 0.149898
0.00528 0.150427
0.00529 0.15096
0.0053 0.151496
0.00531 0.152037
0.00532 0.152581
0.00533 0.15313
0.00534 0.153682
0.00535 0.154238
0.00536 0.154799
0.00537 0.155363
0.00538 0.155931
0.00539 0.156504
0.0054 0.15708
0.00541 0.157661
0.00542 0.158246
0.00543 0.158835
0.00544 0.159428
0.00545 0.160025
0.00546 0.160627
0.00547 0.161232
0.00548 0.161842
0.00549 0.162457
0.0055 0.163075
0.00551 0.163698
0.00552 0.164326
0.00553 0.164957
0.00554 0.165593
0.00555 0.166234
0.00556 0.166879
0.00557 0.167528
0.00558 0.168182
0.00559 0.168841
0.0056 0.169504
0.00561 0.170171
0.00562 0.170843
0.00563 0.17152
0.00564 0.172201
0.00565 0.172887
0.00566 0.173578
0.00567 0.174273
0.00568 0.174973
0.00569 0.175678
0.0057 0.176388
0.00571 0.177102
0.00572 0.177821
0.00573 0.178545
0.00574 0.179274
0.00575 0.180008
0.00576 0.180746
0.00577 0.18149
0.00578 0.182238
0.00579 0.182992
0.0058 0.18375
0.00581 0.184513
0.00582 0.185282
0.00583 0.186055
0.00584 0.186834
0.00585 0.187618
0.00586 0.188406
0.00587 0.1892
0.00588 0.189999
0.00589 0.190804
0.0059 0.191613
0.00591 0.192428
0.00592 0.193248
0.00593 0.194073
0.00594 0.194904
0.00595 0.19574
0.00596 0.196581
0.00597 0.197428
0.00598 0.19828
0.00599 0.199137
0.006 0.2
0.00601 0.200859
0.00602 0.201705
0.00603 0.202538
0.00604 0.203359
0.00605 0.204168
0.00606 0.204966
0.00607 0.205753
0.00608 0.206529
0.00609 0.207296
0.0061 0.208053
0.00611 0.208802
0.00612 0.209542
0.00613 0.210274
0.00614 0.210998
0.00615 0.211715
0.00616 0.212426
0.00617 0.21313
0.00618 0.213829
0.00619 0.214522
0.0062 0.215211
0.00621 0.215895
0.00622 0.216576
0.00623 0.217253
0.00624 0.217927
0.00625 0.218599
0.00626 0.219269
0.00627 0.219937
0.00628 0.220604
0.00629 0.22127
0.0063 0.221937
0.00631 0.222603
0.00632 0.223271
0.00633 0.22394
0.00634 0.22461
0.00635 0.225283
0.00636 0.225958
0.00637 0.226636
0.00638 0.227318
0.00639 0.228004
0.0064 0.228695
0.00641 0.22939
0.00642 0.230091
0.00643 0.230798
0.00644 0.231511
0.00645 0.232231
0.00646 0.232958
0.00647 0.233693
0.00648 0.234437
0.00649 0.235188
0.0065 0.235949
0.00651 0.23672
0.00652 0.237501
0.00653 0.238292
0.00654 0.239094
0.00655 0.239908
0.00656 0.240734
0.00657 0.241572
0.00658 0.242422
0.00659 0.243287
0.0066 0.244165
0.00661 0.245057
0.00662 0.245964
0.00663 0.246886
0.00664 0.247824
0.00665 0.248777
0.00666 0.249748
0.00667 0.250735
0.00668 0.25174
0.00669 0.252763
0.0067 0.253804
0.00671 0.254864
0.00672 0.255944
0.00673 0.257043
0.00674 0.258163
0.00675 0.259303
0.00676 0.260465
0.00677 0.261648
0.00678 0.262854
0.00679 0.264082
0.0068 0.265333
0.00681 0.266607
0.00682 0.267906
0.00683 0.269229
0.00684 0.270577
0.00685 0.27195
0.00686 0.273349
0.00687 0.274775
0.00688 0.276227
0.00689 0.277707
0.0069 0.279214
0.00691 0.280749
0.00692 0.282313
0.00693 0.283906
0.00694 0.285529
0.00695 0.287182
0.00696 0.288865
0.00697 0.290579
0.00698 0.292325
0.00699 0.294102
0.007 0.295912
0.00701 0.297755
0.00702 0.299631
0.00703 0.30154
0.00704 0.303484
0.00705 0.305463
0.00706 0.307476
0.00707 0.309525
0.00708 0.311611
0.00709 0.313732
0.0071 0.315891
0.00711 0.318087
0.00712 0.320322
0.00713 0.322594
0.00714 0.324906
0.00715 0.327256
0.00716 0.329647
0.00717 0.332077
0.00718 0.334549
0.00719 0.337061
0.0072 0.339616
0.00721 0.342212
0.00722 0.344851
0.00723 0.347532
0.00724 0.350258
0.00725 0.353027
0.00726 0.355841
0.00727 0.358699
0.00728 0.361603
0.00729 0.364553
0.0073 0.367549
0.00731 0.370592
0.00732 0.373682
0.00733 0.376819
0.00734 0.380005
0.00735 0.383239
0.00736 0.386523
0.00737 0.389855
0.00738 0.393238
0.00739 0.396672
0.0074 0.400156
0.00741 0.403691
0.00742 0.407279
0.00743 0.410918
0.00744 0.414611
0.00745 0.418357
0.00746 0.422156
0.00747 0.42601
0.00748 0.429918
0.00749 0.433881
0.0075 0.4379
0.00751 0.441975
0.00752 0.446106
0.00753 0.450294
0.00754 0.45454
0.00755 0.458844
0.00756 0.463205
0.00757 0.467626
0.00758 0.472106
0.00759 0.476646
0.0076 0.481246
0.00761 0.485906
0.00762 0.490628
0.00763 0.495411
0.00764 0.500256
0.00765 0.505164
0.00766 0.510135
0.00767 0.515169
0.00768 0.520267
0.00769 0.52543
0.0077 0.530657
0.00771 0.535949
0.00772 0.541308
0.00773 0.546732
0.00774 0.552224
0.00775 0.557782
0.00776 0.563408
0.00777 0.569102
0.00778 0.574865
0.00779 0.580697
0.0078 0.586598
0.00781 0.592569
0.00782 0.59861
0.00783 0.604723
0.00784 0.610906
0.00785 0.617162
0.00786 0.62349
0.00787 0.62989
0.00788 0.636364
0.00789 0.642911
0.0079 0.649533
0.00791 0.656229
0.00792 0.663
0.00793 0.669846
0.00794 0.676769
0.00795 0.683768
0.00796 0.690843
0.00797 0.697997
0.00798 0.705228
0.00799 0.712537
0.008 0.719925
0.00801 0.727392
0.00802 0.734939
0.00803 0.742567
0.00804 0.750274
0.00805 0.758063
0.00806 0.765934
0.00807 0.773886
0.00808 0.781921
0.00809 0.790039
0.0081 0.79824
0.00811 0.806525
0.00812 0.814894
0.00813 0.823348
0.00814 0.831888
0.00815 0.840513
0.00816 0.849224
0.00817 0.858022
0.00818 0.866907
0.00819 0.87588
0.0082 0.88494
0.00821 0.89409
0.00822 0.903328
0.00823 0.912655
0.00824 0.922073
0.00825 0.931581
0.00826 0.941179
0.00827 0.950869
0.00828 0.960651
0.00829 0.970525
0.0083 0.980491
0.00831 0.990551
0.00832 1.0007
0.00833 1.01095
0.00834 1.02129
0.00835 1.03173
0.00836 1.04226
0.00837 1.05289
0.00838 1.06362
0.00839 1.07444
0.0084 1.08536
0.00841 1.09637
0.00842 1.10749
0.00843 1.1187
0.00844 1.13001
0.00845 1.14143
0.00846 1.15294
0.00847 1.16455
0.00848 1.17627
0.00849 1.18808
0.0085 1.2
0.00851 1.21214
0.00852 1.22461
0.00853 1.23742
0.00854 1.25056
0.00855 1.26403
0.00856 1.27783
0.00857 1.29196
0.00858 1.30642
0.00859 1.3212
0.0086 1.33631
0.00861 1.35174
0.00862 1.36749
0.00863 1.38356
0.00864 1.39995
0.00865 1.41666
0.00866 1.43368
0.00867 1.45102
0.00868 1.46867
0.00869 1.48664
0.0087 1.50491
0.00871 1.52349
0.00872 1.54238
0.00873 1.56157
0.00874 1.58107
0.00875 1.60088
0.00876 1.62098
0.00877 1.64139
0.00878 1.66209
0.00879 1.68309
0.0088 1.70439
0.00881 1.72598
0.00882 1.74786
0.00883 1.77004
0.00884 1.7925
0.00885 1.81526
0.00886 1.8383
0.00887 1.86163
0.00888 1.88525
0.00889 1.90914
0.0089 1.93332
0.00891 1.95778
0.00892 1.98252
0.00893 2.00753
0.00894 2.03282
0.00895 2.05839
0.00896 2.08423
0.00897 2.11034
0.00898 2.13672
0.00899 2.16337
0.009 2.19029
0.00901 2.21748
0.00902 2.24493
0.00903 2.27264
0.00904 2.30061
0.00905 2.32885
0.00906 2.35734
0.00907 2.3861
0.00908 2.4151
0.00909 2.44437
0.0091 2.47388
0.00911 2.50365
0.00912 2.53367
0.00913 2.56394
0.00914 2.59446
0.00915 2.62522
0.00916 2.65623
0.00917 2.68748
0.00918 2.71897
0.00919 2.7507
0.0092 2.78268
0.00921 2.81489
0.00922 2.84734
0.00923 2.88002
0.00924 2.91293
0.00925 2.94608
0.00926 2.97946
0.00927 3.01307
0.00928 3.0469
0.00929 3.08096
0.0093 3.11525
0.00931 3.14976
0.00932 3.1845
0.00933 3.21945
0.00934 3.25462
0.00935 3.29001
0.00936 3.32562
0.00937 3.36144
0.00938 3.39748
0.00939 3.43373
0.0094 3.47019
0.00941 3.50686
0.00942 3.54374
0.00943 3.58082
0.00944 3.61811
0.00945 3.6556
0.00946 3.6933
0.00947 3.73119
0.00948 3.76929
0.00949 3.80758
0.0095 3.84607
0.00951 3.88476
0.00952 3.92364
0.00953 3.96271
0.00954 4.00197
0.00955 4.04142
0.00956 4.08107
0.00957 4.12089
0.00958 4.16091
0.00959 4.2011
0.0096 4.24148
0.00961 4.28204
0.00962 4.32278
0.00963 4.3637
0.00964 4.40479
0.00965 4.44606
0.00966 4.48751
0.00967 4.52913
0.00968 4.57091
0.00969 4.61287
0.0097 4.655
0.00971 4.69729
0.00972 4.73975
0.00973 4.78237
0.00974 4.82516
0.00975 4.8681
0.00976 4.91121
0.00977 4.95447
0.00978 4.99789
0.00979 5.04147
0.0098 5.0852
0.00981 5.12908
0.00982 5.17312
0.00983 5.2173
0.00984 5.26164
0.00985 5.30612
0.00986 5.35074
0.00987 5.39551
0.00988 5.44043
0.00989 5.48548
0.0099 5.53067
0.00991 5.57601
0.00992 5.62148
0.00993 5.66708
0.00994 5.71282
0.00995 5.75869
0.00996 5.8047
0.00997 5.85083
0.00998 5.89709
0.00999 5.94348
0.01 5.99
0.01001 6.03718
0.01002 6.08553
0.01003 6.13503
0.01004 6.18564
0.01005 6.23735
0.01006 6.29011
0.01007 6.34391
0.01008 6.3987
0.01009 6.45446
0.0101 6.51117
0.01011 6.56879
0.01012 6.62729
0.01013 6.68665
0.01014 6.74683
0.01015 6.8078
0.01016 6.86954
0.01017 6.93202
0.01018 6.9952
0.01019 7.05906
0.0102 7.12357
0.01021 7.18869
0.01022 7.25441
0.01023 7.32069
0.01024 7.3875
0.01025 7.45481
0.01026 7.52259
0.01027 7.59081
0.01028 7.65945
0.01029 7.72847
0.0103 7.79785
0.01031 7.86755
0.01032 7.93755
0.01033 8.00781
0.01034 8.07832
0.01035 8.14903
0.01036 8.21992
0.01037 8.29095
0.01038 8.36211
0.01039 8.43336
0.0104 8.50467
0.01041 8.57601
0.01042 8.64736
0.01043 8.71868
0.01044 8.78994
0.01045 8.86112
0.01046 8.93218
0.01047 9.0031
0.01048 9.07385
0.01049 9.14439
0.0105 9.2147
0.01051 9.28475
0.01052 9.35451
0.01053 9.42394
0.01054 9.49303
0.01055 9.56174
0.01056 9.63004
0.01057 9.69791
0.01058 9.76531
0.01059 9.83221
0.0106 9.89859
0.01061 9.96441
0.01062 10.0296
0.01063 10.0943
0.01064 10.1582
0.01065 10.2216
0.01066 10.2842
0.01067 10.346
0.01068 10.4072
0.01069 10.4675
0.0107 10.527
0.01071 10.5857
0.01072 10.6434
0.01073 10.7003
0.01074 10.7562
0.01075 10.8112
0.01076 10.8652
0.01077 10.9182
0.01078 10.9701
0.01079 11.0209
0.0108 11.0706
0.01081 11.1191
0.01082 11.1665
0.01083 11.2127
0.01084 11.2577
0.01085 11.3014
0.01086 11.3438
0.01087 11.3849
0.01088 11.4247
0.01089 11.463
0.0109 11.5
0.01091 11.5359
0.01092 11.5712
0.01093 11.6058
0.01094 11.6397
0.01095 11.673
0.01096 11.7056
0.01097 11.7376
0.01098 11.769
0.01099 11.7998
0.011 11.8299
0.01101 11.8594
0.01102 11.8884
0.01103 11.9167
0.01104 11.9444
0.01105 11.9716
0.01106 11.9982
0.01107 12.0242
0.01108 12.0497
0.01109 12.0746
0.0111 12.099
0.01111 12.1228
0.01112 12.1461
0.01113 12.1689
0.01114 12.1911
0.01115 12.2129
0.01116 12.2341
0.01117 12.2548
0.01118 12.2751
0.01119 12.2948
0.0112 12.3141
0.01121 12.3329
0.01122 12.3512
0.01123 12.3691
0.01124 12.3865
0.01125 12.4035
0.01126 12.4201
0.01127 12.4362
0.01128 12.4519
0.01129 12.4671
0.0113 12.482
0.01131 12.4964
0.01132 12.5105
0.01133 12.5242
0.01134 12.5375
0.01135 12.5504
0.01136 12.5629
0.01137 12.5751
0.01138 12.5869
0.01139 12.5984
0.0114 12.6095
0.01141 12.6203
0.01142 12.6307
0.01143 12.6409
0.01144 12.6507
0.01145 12.6602
0.01146 12.6694
0.01147 12.6783
0.01148 12.687
0.01149 12.6953
0.0115 12.7034
0.01151 12.7112
0.01152 12.7187
0.01153 12.726
0.01154 12.7331
0.01155 12.7399
0.01156 12.7464
0.01157 12.7528
0.01158 12.7589
0.01159 12.7648
0.0116 12.7705
0.01161 12.776
0.01162 12.7813
0.01163 12.7864
0.01164 12.7913
0.01165 12.7961
0.01166 12.8007
0.01167 12.8051
0.01168 12.8094
0.01169 12.8136
0.0117 12.8176
0.01171 12.8215
0.01172 12.8252
0.01173 12.8288
0.01174 12.8323
0.01175 12.8358
0.01176 12.8391
0.01177 12.8423
0.01178 12.8454
0.01179 12.8485
0.0118 12.8515
0.01181 12.8544
0.01182 12.8573
0.01183 12.8601
0.01184 12.8629
0.01185 12.8656
0.01186 12.8683
0.01187 12.871
0.01188 12.8736
0.01189 12.8763
0.0119 12.879
0.01191 12.8816
0.01192 12.8843
0.01193 12.887
0.01194 12.8897
0.01195 12.8924
0.01196 12.8952
0.01197 12.898
0.01198 12.9009
0.01199 12.9038
0.012 12.9068
0.01201 12.9099
0.01202 12.9131
0.01203 12.9163
0.01204 12.9196
0.01205 12.9231
0.01206 12.9266
0.01207 12.9302
0.01208 12.934
0.01209 12.9378
0.0121 12.9414
0.01211 12.9448
0.01212 12.9482
0.01213 12.9514
0.01214 12.9544
0.01215 12.9573
0.01216 12.9601
0.01217 12.9627
0.01218 12.9652
0.01219 12.9675
0.0122 12.9697
0.01221 12.9717
0.01222 12.9736
0.01223 12.9754
0.01224 12.977
0.01225 12.9785
0.01226 12.9798
0.01227 12.981
0.01228 12.982
0.01229 12.9829
0.0123 12.9837
0.01231 12.9843
0.01232 12.9847
0.01233 12.985
0.01234 12.9852
0.01235 12.9852
0.01236 12.9851
0.01237 12.9848
0.01238 12.9844
0.01239 12.9838
0.0124 12.9831
0.01241 12.9823
0.01242 12.9813
0.01243 12.9801
0.01244 12.9788
0.01245 12.9774
0.01246 12.9758
0.01247 12.9741
0.01248 12.9722
0.01249 12.9702
0.0125 12.968
0.01251 12.9657
0.01252 12.9632
0.01253 12.9606
0.01254 12.9578
0.01255 12.9549
0.01256 12.9518
0.01257 12.9486
0.01258 12.9453
0.01259 12.9417
0.0126 12.9381
0.01261 12.9343
0.01262 12.9303
0.01263 12.9262
0.01264 12.922
0.01265 12.9175
0.01266 12.913
0.01267 12.9083
0.01268 12.9034
0.01269 12.8984
0.0127 12.8933
0.01271 12.888
0.01272 12.8825
0.01273 12.8769
0.01274 12.8711
0.01275 12.8652
0.01276 12.8592
0.01277 12.8529
0.01278 12.8466
0.01279 12.8401
0.0128 12.8334
0.01281 12.8266
0.01282 12.8196
0.01283 12.8125
0.01284 12.8052
0.01285 12.7978
0.01286 12.7902
0.01287 12.7824
0.01288 12.7746
0.01289 12.7665
0.0129 12.7583
0.01291 12.75
0.01292 12.7415
0.01293 12.7328
0.01294 12.724
0.01295 12.715
0.01296 12.7059
0.01297 12.6967
0.01298 12.6872
0.01299 12.6777
0.013 12.6679
0.01301 12.658
0.01302 12.648
0.01303 12.6378
0.01304 12.6274
0.01305 12.6169
0.01306 12.6063
0.01307 12.5954
0.01308 12.5845
0.01309 12.5733
0.0131 12.562
0.01311 12.5506
0.01312 12.539
0.01313 12.5272
0.01314 12.5153
0.01315 12.5033
0.01316 12.491
0.01317 12.4786
0.01318 12.4661
0.01319 12.4534
0.0132 12.4406
0.01321 12.4274
0.01322 12.4138
0.01323 12.3998
0.01324 12.3853
0.01325 12.3705
0.01326 12.3552
0.01327 12.3396
0.01328 12.3235
0.01329 12.3071
0.0133 12.2903
0.01331 12.2732
0.01332 12.2557
0.01333 12.2379
0.01334 12.2197
0.01335 12.2012
0.01336 12.1824
0.01337 12.1633
0.01338 12.1439
0.01339 12.1242
0.0134 12.1042
0.01341 12.084
0.01342 12.0635
0.01343 12.0427
0.01344 12.0217
0.01345 12.0005
0.01346 11.979
0.01347 11.9573
0.01348 11.9354
0.01349 11.9133
0.0135 11.891
0.01351 11.8685
0.01352 11.8459
0.01353 11.823
0.01354 11.8001
0.01355 11.7769
0.01356 11.7537
0.01357 11.7303
0.01358 11.7067
0.01359 11.6831
0.0136 11.6594
0.01361 11.6355
0.01362 11.6116
0.01363 11.5876
0.01364 11.5635
0.01365 11.5394
0.01366 11.5152
0.01367 11.4909
0.01368 11.4667
0.01369 11.4423
0.0137 11.418
0.01371 11.3937
0.01372 11.3694
0.01373 11.3451
0.01374 11.3207
0.01375 11.2965
0.01376 11.2722
0.01377 11.248
0.01378 11.2239
0.01379 11.1998
0.0138 11.1758
0.01381 11.1518
0.01382 11.128
0.01383 11.1042
0.01384 11.0806
0.01385 11.057
0.01386 11.0336
0.01387 11.0103
0.01388 10.9872
0.01389 10.9642
0.0139 10.9413
0.01391 10.9186
0.01392 10.8961
0.01393 10.8738
0.01394 10.8517
0.01395 10.8297
0.01396 10.808
0.01397 10.7865
0.01398 10.7652
0.01399 10.7442
0.014 10.7234
0.01401 10.7027
0.01402 10.682
0.01403 10.6613
0.01404 10.6406
0.01405 10.6199
0.01406 10.5991
0.01407 10.5784
0.01408 10.5576
0.01409 10.5368
0.0141 10.516
0.01411 10.4952
0.01412 10.4744
0.01413 10.4536
0.01414 10.4327
0.01415 10.4119
0.01416 10.391
0.01417 10.3702
0.01418 10.3493
0.01419 10.3284
0.0142 10.3075
0.01421 10.2866
0.01422 10.2657
0.01423 10.2448
0.01424 10.2238
0.01425 10.2029
0.01426 10.182
0.01427 10.161
0.01428 10.14
0.01429 10.1191
0.0143 10.0981
0.01431 10.0771
0.01432 10.0561
0.01433 10.0351
0.01434 10.0141
0.01435 9.99315
0.01436 9.97214
0.01437 9.95113
0.01438 9.93011
0.01439 9.90909
0.0144 9.88806
0.01441 9.86703
0.01442 9.846
0.01443 9.82497
0.01444 9.80393
0.01445 9.78288
0.01446 9.76184
0.01447 9.74079
0.01448 9.71974
0.01449 9.69869
0.0145 9.67764
0.01451 9.65658
0.01452 9.63553
0.01453 9.61447
0.01454 9.59341
0.01455 9.57235
0.01456 9.5513
0.01457 9.53024
0.01458 9.50918
0.01459 9.48812
0.0146 9.46707
0.01461 9.44601
0.01462 9.42496
0.01463 9.40391
0.01464 9.38286
0.01465 9.36181
0.01466 9.34076
0.01467 9.31972
0.01468 9.29868
0.01469 9.27764
0.0147 9.25661
0.01471 9.23558
0.01472 9.21455
0.01473 9.19353
0.01474 9.17251
0.01475 9.1515
0.01476 9.13049
0.01477 9.10948
0.01478 9.08848
0.01479 9.06749
0.0148 9.0465
0.01481 9.02552
0.01482 9.00455
0.01483 8.98358
0.01484 8.96262
0.01485 8.94166
0.01486 8.92072
0.01487 8.89978
0.01488 8.87884
0.01489 8.85792
0.0149 8.83701
0.01491 8.8161
0.01492 8.7952
0.01493 8.77431
0.01494 8.75343
0.01495 8.73256
0.01496 8.7117
0.01497 8.69085
0.01498 8.67001
0.01499 8.64918
0.015 8.62836
0.01501 8.60755
0.01502 8.58675
0.01503 8.56597
0.01504 8.54519
0.01505 8.52443
0.01506 8.50368
0.01507 8.48295
0.01508 8.46222
0.01509 8.44151
0.0151 8.42081
0.01511 8.40013
0.01512 8.37946
0.01513 8.3588
0.01514 8.33816
0.01515 8.31753
0.01516 8.29692
0.01517 8.27632
0.01518 8.25574
0.01519 8.23517
0.0152 8.21462
0.01521 8.19408
0.01522 8.17356
0.01523 8.15306
0.01524 8.13257
0.01525 8.1121
0.01526 8.09165
0.01527 8.07122
0.01528 8.0508
0.01529 8.0304
0.0153 8.01002
0.01531 7.98966
0.01532 7.96931
0.01533 7.94899
0.01534 7.92868
0.01535 7.9084
0.01536 7.88813
0.01537 7.86788
0.01538 7.84766
0.01539 7.82745
0.0154 7.80727
0.01541 7.7871
0.01542 7.76696
0.01543 7.74684
0.01544 7.72674
0.01545 7.70666
0.01546 7.68661
0.01547 7.66657
0.01548 7.64656
0.01549 7.62658
0.0155 7.60661
0.01551 7.58667
0.01552 7.56675
0.01553 7.54686
0.01554 7.52699
0.01555 7.50715
0.01556 7.48733
0.01557 7.46753
0.01558 7.44776
0.01559 7.42802
0.0156 7.4083
0.01561 7.3886
0.01562 7.36894
0.01563 7.3493
0.01564 7.32968
0.01565 7.3101
0.01566 7.29054
0.01567 7.271
0.01568 7.2515
0.01569 7.23202
0.0157 7.21257
0.01571 7.19315
0.01572 7.17376
0.01573 7.1544
0.01574 7.13507
0.01575 7.11576
0.01576 7.09649
0.01577 7.07724
0.01578 7.05803
0.01579 7.03884
0.0158 7.01969
0.01581 7.00057
0.01582 6.98148
0.01583 6.96242
0.01584 6.94339
0.01585 6.92439
0.01586 6.90543
0.01587 6.8865
0.01588 6.8676
0.01589 6.84873
0.0159 6.8299
0.01591 6.8111
0.01592 6.79233
0.01593 6.7736
0.01594 6.7549
0.01595 6.73623
0.01596 6.7176
0.01597 6.69901
0.01598 6.68045
0.01599 6.66193
0.016 6.64344
0.01601 6.62498
0.01602 6.60657
0.01603 6.58819
0.01604 6.56984
0.01605 6.55154
0.01606 6.53327
0.01607 6.51503
0.01608 6.49684
0.01609 6.47868
0.0161 6.46056
0.01611 6.44248
0.01612 6.42444
0.01613 6.40644
0.01614 6.38847
0.01615 6.37055
0.01616 6.35266
0.01617 6.33482
0.01618 6.31701
0.01619 6.29925
0.0162 6.28152
0.01621 6.26384
0.01622 6.2462
0.01623 6.22859
0.01624 6.21104
0.01625 6.19352
0.01626 6.17604
0.01627 6.15861
0.01628 6.14122
0.01629 6.12387
0.0163 6.10656
0.01631 6.0893
0.01632 6.07208
0.01633 6.05491
0.01634 6.03778
0.01635 6.02069
0.01636 6.00365
0.01637 5.98665
0.01638 5.9697
0.01639 5.95279
0.0164 5.93593
0.01641 5.91912
0.01642 5.90235
0.01643 5.88563
0.01644 5.86895
0.01645 5.85232
0.01646 5.83572
0.01647 5.81914
0.01648 5.80258
0.01649 5.78604
0.0165 5.76952
0.01651 5.75301
0.01652 5.73653
0.01653 5.72006
0.01654 5.70361
0.01655 5.68718
0.01656 5.67077
0.01657 5.65438
0.01658 5.63801
0.01659 5.62166
0.0166 5.60533
0.01661 5.58901
0.01662 5.57272
0.01663 5.55645
0.01664 5.54019
0.01665 5.52396
0.01666 5.50774
0.01667 5.49155
0.01668 5.47538
0.01669 5.45922
0.0167 5.44309
0.01671 5.42698
0.01672 5.41089
0.01673 5.39481
0.01674 5.37876
0.01675 5.36273
0.01676 5.34672
0.01677 5.33073
0.01678 5.31477
0.01679 5.29882
0.0168 5.2829
0.01681 5.26699
0.01682 5.25111
0.01683 5.23525
0.01684 5.21941
0.01685 5.20359
0.01686 5.1878
0.01687 5.17202
0.01688 5.15627
0.01689 5.14054
0.0169 5.12483
0.01691 5.10914
0.01692 5.09348
0.01693 5.07784
0.01694 5.06222
0.01695 5.04662
0.01696 5.03105
0.01697 5.0155
0.01698 4.99997
0.01699 4.98447
0.017 4.96898
0.01701 4.95352
0.01702 4.93809
0.01703 4.92268
0.01704 4.90729
0.01705 4.89192
0.01706 4.87658
0.01707 4.86126
0.01708 4.84596
0.01709 4.83069
0.0171 4.81544
0.01711 4.80022
0.01712 4.78502
0.01713 4.76984
0.01714 4.75469
0.01715 4.73956
0.01716 4.72446
0.01717 4.70938
0.01718 4.69433
0.01719 4.6793
0.0172 4.6643
0.01721 4.64932
0.01722 4.63436
0.01723 4.61943
0.01724 4.60453
0.01725 4.58965
0.01726 4.57479
0.01727 4.55996
0.01728 4.54516
0.01729 4.53038
0.0173 4.51563
0.01731 4.5009
0.01732 4.4862
0.01733 4.47153
0.01734 4.45688
0.01735 4.44225
0.01736 4.42766
0.01737 4.41309
0.01738 4.39854
0.01739 4.38402
0.0174 4.36953
0.01741 4.35507
0.01742 4.34063
0.01743 4.32622
0.01744 4.31183
0.01745 4.29748
0.01746 4.28314
0.01747 4.26884
0.01748 4.25456
0.01749 4.24032
0.0175 4.22609
0.01751 4.2119
0.01752 4.19773
0.01753 4.18359
0.01754 4.16948
0.01755 4.1554
0.01756 4.14134
0.01757 4.12731
0.01758 4.11331
0.01759 4.09934
0.0176 4.0854
0.01761 4.07148
0.01762 4.0576
0.01763 4.04374
0.01764 4.02991
0.01765 4.01611
0.01766 4.00234
0.01767 3.98859
0.01768 3.97488
0.01769 3.96119
0.0177 3.94754
0.01771 3.93391
0.01772 3.92031
0.01773 3.90674
0.01774 3.8932
0.01775 3.8797
0.01776 3.86622
0.01777 3.85277
0.01778 3.83935
0.01779 3.82596
0.0178 3.8126
0.01781 3.79927
0.01782 3.78597
0.01783 3.7727
0.01784 3.75946
0.01785 3.74625
0.01786 3.73307
0.01787 3.71992
0.01788 3.7068
0.01789 3.69372
0.0179 3.68066
0.01791 3.66764
0.01792 3.65464
0.01793 3.64168
0.01794 3.62875
0.01795 3.61585
0.01796 3.60298
0.01797 3.59015
0.01798 3.57734
0.01799 3.56457
0.018 3.55183
0.01801 3.53912
0.01802 3.52644
0.01803 3.51379
0.01804 3.50118
0.01805 3.4886
0.01806 3.47605
0.01807 3.46353
0.01808 3.45104
0.01809 3.43859
0.0181 3.42617
0.01811 3.41379
0.01812 3.40143
0.01813 3.38911
0.01814 3.37682
0.01815 3.36457
0.01816 3.35235
0.01817 3.34016
0.01818 3.328
0.01819 3.31588
0.0182 3.30379
0.01821 3.29174
0.01822 3.27972
0.01823 3.26773
0.01824 3.25577
0.01825 3.24386
0.01826 3.23197
0.01827 3.22012
0.01828 3.2083
0.01829 3.19652
0.0183 3.18477
0.01831 3.17306
0.01832 3.16138
0.01833 3.14973
0.01834 3.13812
0.01835 3.12655
0.01836 3.11501
0.01837 3.1035
0.01838 3.09203
0.01839 3.0806
0.0184 3.0692
0.01841 3.05783
0.01842 3.0465
0.01843 3.03521
0.01844 3.02395
0.01845 3.01273
0.01846 3.00154
0.01847 2.99039
0.01848 2.97928
0.01849 2.9682
0.0185 2.95716
0.01851 2.94615
0.01852 2.93518
0.01853 2.92425
0.01854 2.91335
0.01855 2.90249
0.01856 2.89167
0.01857 2.88088
0.01858 2.87013
0.01859 2.85942
0.0186 2.84874
0.01861 2.8381
0.01862 2.8275
0.01863 2.81694
0.01864 2.80641
0.01865 2.79592
0.01866 2.78547
0.01867 2.77505
0.01868 2.76468
0.01869 2.75434
0.0187 2.74404
0.01871 2.73378
0.01872 2.72355
0.01873 2.71336
0.01874 2.70322
0.01875 2.69311
0.01876 2.68303
0.01877 2.673
0.01878 2.66301
0.01879 2.65305
0.0188 2.64313
0.01881 2.63325
0.01882 2.62342
0.01883 2.61362
0.01884 2.60385
0.01885 2.59413
0.01886 2.58445
0.01887 2.57481
0.01888 2.5652
0.01889 2.55564
0.0189 2.54611
0.01891 2.53663
0.01892 2.52718
0.01893 2.51778
0.01894 2.50841
0.01895 2.49909
0.01896 2.48981
0.01897 2.48056
0.01898 2.47136
0.01899 2.46219
0.019 2.45307
0.01901 2.44398
0.01902 2.4349
0.01903 2.42585
0.01904 2.41681
0.01905 2.40779
0.01906 2.39879
0.01907 2.38981
0.01908 2.38085
0.01909 2.3719
0.0191 2.36298
0.01911 2.35407
0.01912 2.34518
0.01913 2.33631
0.01914 2.32746
0.01915 2.31863
0.01916 2.30982
0.01917 2.30103
0.01918 2.29225
0.01919 2.28349
0.0192 2.27475
0.01921 2.26604
0.01922 2.25733
0.01923 2.24865
0.01924 2.23999
0.01925 2.23134
0.01926 2.22272
0.01927 2.21411
0.01928 2.20552
0.01929 2.19695
0.0193 2.1884
0.01931 2.17987
0.01932 2.17135
0.01933 2.16286
0.01934 2.15438
0.01935 2.14592
0.01936 2.13749
0.01937 2.12906
0.01938 2.12066
0.01939 2.11228
0.0194 2.10392
0.01941 2.09557
0.01942 2.08724
0.01943 2.07893
0.01944 2.07064
0.01945 2.06237
0.01946 2.05412
0.01947 2.04589
0.01948 2.03767
0.01949 2.02947
0.0195 2.0213
0.01951 2.01314
0.01952 2.005
0.01953 1.99687
0.01954 1.98877
0.01955 1.98069
0.01956 1.97262
0.01957 1.96457
0.01958 1.95654
0.01959 1.94853
0.0196 1.94054
0.01961 1.93257
0.01962 1.92461
0.01963 1.91668
0.01964 1.90876
0.01965 1.90086
0.01966 1.89298
0.01967 1.88512
0.01968 1.87728
0.01969 1.86946
0.0197 1.86165
0.01971 1.85386
0.01972 1.8461
0.01973 1.83835
0.01974 1.83062
0.01975 1.82291
0.01976 1.81521
0.01977 1.80754
0.01978 1.79988
0.01979 1.79224
0.0198 1.78462
0.01981 1.77702
0.01982 1.76944
0.01983 1.76188
0.01984 1.75434
0.01985 1.74681
0.01986 1.7393
0.01987 1.73181
0.01988 1.72434
0.01989 1.71689
0.0199 1.70946
0.01991 1.70205
0.01992 1.69465
0.01993 1.68727
0.01994 1.67992
0.01995 1.67258
0.01996 1.66526
0.01997 1.65795
0.01998 1.65067
0.01999 1.6434
0.02 1.63616
0.02001 1.62893
0.02002 1.62172
0.02003 1.61453
0.02004 1.60736
0.02005 1.6002
0.02006 1.59307
0.02007 1.58595
0.02008 1.57885
0.02009 1.57177
0.0201 1.56471
0.02011 1.55767
0.02012 1.55065
0.02013 1.54364
0.02014 1.53666
0.02015 1.52969
0.02016 1.52274
0.02017 1.51581
0.02018 1.5089
0.02019 1.502
0.0202 1.49513
0.02021 1.48827
0.02022 1.48144
0.02023 1.47462
0.02024 1.46782
0.02025 1.46103
0.02026 1.45427
0.02027 1.44753
0.02028 1.4408
0.02029 1.43409
0.0203 1.4274
0.02031 1.42073
0.02032 1.41408
0.02033 1.40745
0.02034 1.40083
0.02035 1.39424
0.02036 1.38766
0.02037 1.3811
0.02038 1.37456
0.02039 1.36804
0.0204 1.36153
0.02041 1.35505
0.02042 1.34858
0.02043 1.34213
0.02044 1.3357
0.02045 1.32929
0.02046 1.3229
0.02047 1.31653
0.02048 1.31017
0.02049 1.30384
0.0205 1.29752
0.02051 1.29122
0.02052 1.28494
0.02053 1.27867
0.02054 1.27243
0.02055 1.26621
0.02056 1.26
0.02057 1.25381
0.02058 1.24764
0.02059 1.24149
0.0206 1.23536
0.02061 1.22924
0.02062 1.22315
0.02063 1.21707
0.02064 1.21101
0.02065 1.20497
0.02066 1.19895
0.02067 1.19295
0.02068 1.18696
0.02069 1.181
0.0207 1.17505
0.02071 1.16912
0.02072 1.16321
0.02073 1.15732
0.02074 1.15145
0.02075 1.14559
0.02076 1.13976
0.02077 1.13394
0.02078 1.12814
0.02079 1.12236
0.0208 1.1166
0.02081 1.11085
0.02082 1.10513
0.02083 1.09942
0.02084 1.09373
0.02085 1.08806
0.02086 1.08241
0.02087 1.07678
0.02088 1.07116
0.02089 1.06557
0.0209 1.05999
0.02091 1.05443
0.02092 1.04889
0.02093 1.04337
0.02094 1.03787
0.02095 1.03238
0.02096 1.02692
0.02097 1.02147
0.02098 1.01604
0.02099 1.01063
0.021 1.00524
0.02101 0.999865
0.02102 0.99451
0.02103 0.989173
0.02104 0.983855
0.02105 0.978555
0.02106 0.973274
0.02107 0.968012
0.02108 0.962767
0.02109 0.957542
0.0211 0.952334
0.02111 0.947145
0.02112 0.941975
0.02113 0.936823
0.02114 0.93169
0.02115 0.926575
0.02116 0.921479
0.02117 0.916401
0.02118 0.911341
0.02119 0.9063
0.0212 0.901278
0.02121 0.896274
0.02122 0.891288
0.02123 0.886321
0.02124 0.881372
0.02125 0.876442
0.02126 0.87153
0.02127 0.866637
0.02128 0.861762
0.02129 0.856906
0.0213 0.852068
0.02131 0.847248
0.02132 0.842447
0.02133 0.837665
0.02134 0.8329
0.02135 0.828155
0.02136 0.823428
0.02137 0.818719
0.02138 0.814029
0.02139 0.809357
0.0214 0.804703
0.02141 0.800068
0.02142 0.795452
0.02143 0.790854
0.02144 0.786274
0.02145 0.781713
0.02146 0.77717
0.02147 0.772646
0.02148 0.76814
0.02149 0.763652
0.0215 0.759183
0.02151 0.754733
0.02152 0.750301
0.02153 0.745887
0.02154 0.741492
0.02155 0.737115
0.02156 0.732756
0.02157 0.728417
0.02158 0.724095
0.02159 0.719792
0.0216 0.715507
0.02161 0.711241
0.02162 0.706993
0.02163 0.702763
0.02164 0.698552
0.02165 0.69436
0.02166 0.690186
0.02167 0.68603
0.02168 0.681892
0.02169 0.677774
0.0217 0.673673
0.02171 0.669591
0.02172 0.665527
0.02173 0.661482
0.02174 0.657455
0.02175 0.653447
0.02176 0.649456
0.02177 0.645485
0.02178 0.641532
0.02179 0.637597
0.0218 0.63368
0.02181 0.629782
0.02182 0.625902
0.02183 0.622041
0.02184 0.618198
0.02185 0.614374
0.02186 0.610568
0.02187 0.60678
0.02188 0.603011
0.02189 0.59926
0.0219 0.595527
0.02191 0.591813
0.02192 0.588118
0.02193 0.58444
0.02194 0.580781
0.02195 0.577141
0.02196 0.573519
0.02197 0.569915
0.02198 0.566329
0.02199 0.562762
0.022 0.559214
0.02201 0.555684
0.02202 0.552172
0.02203 0.548678
0.02204 0.545203
0.02205 0.541746
0.02206 0.538308
0.02207 0.534888
0.02208 0.531486
0.02209 0.528103
0.0221 0.524738
0.02211 0.521391
0.02212 0.518063
0.02213 0.514753
0.02214 0.511462
0.02215 0.508189
0.02216 0.504934
0.02217 0.501698
0.02218 0.49848
0.02219 0.49528
0.0222 0.492099
0.02221 0.488936
0.02222 0.485792
0.02223 0.482665
0.02224 0.479558
0.02225 0.476468
0.02226 0.473397
0.02227 0.470344
0.02228 0.46731
0.02229 0.464294
0.0223 0.461296
0.02231 0.458316
0.02232 0.455355
0.02233 0.452413
0.02234 0.449488
0.02235 0.446582
0.02236 0.443695
0.02237 0.440825
0.02238 0.437974
0.02239 0.435142
0.0224 0.432327
0.02241 0.429531
0.02242 0.426754
0.02243 0.423994
0.02244 0.421253
0.02245 0.418531
0.02246 0.415826
0.02247 0.41314
0.02248 0.410472
0.02249 0.407823
0.0225 0.405192
0.02251 0.402579
0.02252 0.399985
0.02253 0.397409
0.02254 0.394851
0.02255 0.392312
0.02256 0.389791
0.02257 0.387288
0.02258 0.384803
0.02259 0.382337
0.0226 0.379889
0.02261 0.37746
0.02262 0.375049
0.02263 0.372656
0.02264 0.370281
0.02265 0.367925
0.02266 0.365587
0.02267 0.363267
0.02268 0.360966
0.02269 0.358683
0.0227 0.356418
0.02271 0.354172
0.02272 0.351943
0.02273 0.349734
0.02274 0.347542
0.02275 0.345369
0.02276 0.343214
0.02277 0.341077
0.02278 0.338959
0.02279 0.336859
0.0228 0.334777
0.02281 0.332713
0.02282 0.330668
0.02283 0.328641
0.02284 0.326633
0.02285 0.324642
0.02286 0.32267
0.02287 0.320716
0.02288 0.318781
0.02289 0.316864
0.0229 0.314965
0.02291 0.313084
0.02292 0.311222
0.02293 0.309378
0.02294 0.307552
0.02295 0.305744
0.02296 0.303955
0.02297 0.302184
0.02298 0.300431
0.02299 0.298697
0.023 0.296981
0.02301 0.295283
0.02302 0.293603
0.02303 0.291942
0.02304 0.290299
0.02305 0.288674
0.02306 0.287067
0.02307 0.285479
0.02308 0.283909
0.02309 0.282357
0.0231 0.280824
0.02311 0.279308
0.02312 0.277811
0.02313 0.276332
0.02314 0.274872
0.02315 0.27343
0.02316 0.272006
0.02317 0.2706
0.02318 0.269212
0.02319 0.267843
0.0232 0.266492
0.02321 0.265159
0.02322 0.263845
0.02323 0.262549
0.02324 0.261271
0.02325 0.260011
0.02326 0.258769
0.02327 0.257546
0.02328 0.256341
0.02329 0.255154
0.0233 0.253986
0.02331 0.252835
0.02332 0.251703
0.02333 0.250589
0.02334 0.249494
0.02335 0.248416
0.02336 0.247357
0.02337 0.246316
0.02338 0.245293
0.02339 0.244289
0.0234 0.243303
0.02341 0.242334
0.02342 0.241385
0.02343 0.240453
0.02344 0.23954
0.02345 0.238645
0.02346 0.237768
0.02347 0.236909
0.02348 0.236068
0.02349 0.235246
0.0235 0.234442
0.02351 0.233656
0.02352 0.232888
0.02353 0.232139
0.02354 0.231408
0.02355 0.230695
0.02356 0.23
0.02357 0.229316
0.02358 0.228634
0.02359 0.227955
0.0236 0.227278
0.02361 0.226604
0.02362 0.225932
0.02363 0.225264
0.02364 0.224597
0.02365 0.223933
0.02366 0.223272
0.02367 0.222614
0.02368 0.221957
0.02369 0.221304
0.0237 0.220653
0.02371 0.220004
0.02372 0.219358
0.02373 0.218715
0.02374 0.218074
0.02375 0.217435
0.02376 0.216799
0.02377 0.216166
0.02378 0.215535
0.02379 0.214906
0.0238 0.21428
0.02381 0.213657
0.02382 0.213036
0.02383 0.212417
0.02384 0.211801
0.02385 0.211187
0.02386 0.210576
0.02387 0.209967
0.02388 0.209361
0.02389 0.208757
0.0239 0.208156
0.02391 0.207557
0.02392 0.20696
0.02393 0.206366
0.02394 0.205774
0.02395 0.205185
0.02396 0.204598
0.02397 0.204013
0.02398 0.203431
0.02399 0.202851
0.024 0.202273
0.02401 0.201698
0.02402 0.201125
0.02403 0.200555
0.02404 0.199987
0.02405 0.199421
0.02406 0.198858
0.02407 0.198297
0.02408 0.197738
0.02409 0.197182
0.0241 0.196628
0.02411 0.196076
0.02412 0.195527
0.02413 0.19498
0.02414 0.194435
0.02415 0.193893
0.02416 0.193352
0.02417 0.192815
0.02418 0.192279
0.02419 0.191746
0.0242 0.191215
0.02421 0.190686
0.02422 0.190159
0.02423 0.189635
0.02424 0.189113
0.02425 0.188593
0.02426 0.188076
0.02427 0.18756
0.02428 0.187047
0.02429 0.186536
0.0243 0.186028
0.02431 0.185521
0.02432 0.185017
0.02433 0.184515
0.02434 0.184015
0.02435 0.183518
0.02436 0.183022
0.02437 0.182529
0.02438 0.182038
0.02439 0.181549
0.0244 0.181062
0.02441 0.180578
0.02442 0.180095
0.02443 0.179615
0.02444 0.179137
0.02445 0.178661
0.02446 0.178187
0.02447 0.177715
0.02448 0.177246
0.02449 0.176778
0.0245 0.176313
0.02451 0.17585
0.02452 0.175389
0.02453 0.174929
0.02454 0.174473
0.02455 0.174018
0.02456 0.173565
0.02457 0.173114
0.02458 0.172666
0.02459 0.172219
0.0246 0.171774
0.02461 0.171332
0.02462 0.170892
0.02463 0.170453
0.02464 0.170017
0.02465 0.169583
0.02466 0.16915
0.02467 0.16872
0.02468 0.168292
0.02469 0.167866
0.0247 0.167442
0.02471 0.167019
0.02472 0.166599
0.02473 0.166181
0.02474 0.165765
0.02475 0.165351
0.02476 0.164938
0.02477 0.164528
0.02478 0.16412
0.02479 0.163713
0.0248 0.163309
0.02481 0.162907
0.02482 0.162506
0.02483 0.162108
0.02484 0.161711
0.02485 0.161316
0.02486 0.160923
0.02487 0.160533
0.02488 0.160144
0.02489 0.159757
0.0249 0.159372
0.02491 0.158988
0.02492 0.158607
0.02493 0.158228
0.02494 0.15785
0.02495 0.157474
0.02496 0.157101
0.02497 0.156729
0.02498 0.156359
0.02499 0.15599
0.025 0.155624
0.02501 0.155259
0.02502 0.154897
0.02503 0.154536
0.02504 0.154177
0.02505 0.15382
0.02506 0.153464
0.02507 0.153111
0.02508 0.152759
0.02509 0.152409
0.0251 0.152061
0.02511 0.151715
0.02512 0.15137
0.02513 0.151027
0.02514 0.150686
0.02515 0.150347
0.02516 0.15001
0.02517 0.149674
0.02518 0.14934
0.02519 0.149008
0.0252 0.148677
0.02521 0.148349
0.02522 0.148022
0.02523 0.147697
0.02524 0.147373
0.02525 0.147051
0.02526 0.146731
0.02527 0.146413
0.02528 0.146096
0.02529 0.145781
0.0253 0.145468
0.02531 0.145156
0.02532 0.144847
0.02533 0.144538
0.02534 0.144232
0.02535 0.143927
0.02536 0.143624
0.02537 0.143322
0.02538 0.143022
0.02539 0.142724
0.0254 0.142427
0.02541 0.142132
0.02542 0.141839
0.02543 0.141547
0.02544 0.141257
0.02545 0.140969
0.02546 0.140682
0.02547 0.140397
0.02548 0.140113
0.02549 0.139831
0.0255 0.13955
0.02551 0.139272
0.02552 0.138994
0.02553 0.138718
0.02554 0.138444
0.02555 0.138172
0.02556 0.137901
0.02557 0.137631
0.02558 0.137363
0.02559 0.137097
0.0256 0.136832
0.02561 0.136568
0.02562 0.136307
0.02563 0.136046
0.02564 0.135788
0.02565 0.13553
0.02566 0.135275
0.02567 0.13502
0.02568 0.134767
0.02569 0.134516
0.0257 0.134266
0.02571 0.134018
0.02572 0.133771
0.02573 0.133526
0.02574 0.133282
0.02575 0.133039
0.02576 0.132798
0.02577 0.132559
0.02578 0.132321
0.02579 0.132084
0.0258 0.131849
0.02581 0.131615
0.02582 0.131383
0.02583 0.131152
0.02584 0.130922
0.02585 0.130694
0.02586 0.130467
0.02587 0.130242
0.02588 0.130018
0.02589 0.129795
0.0259 0.129574
0.02591 0.129354
0.02592 0.129135
0.02593 0.128918
0.02594 0.128703
0.02595 0.128488
0.02596 0.128275
0.02597 0.128063
0.02598 0.127853
0.02599 0.127644
0.026 0.127436
0.02601 0.12723
0.02602 0.127025
0.02603 0.126821
0.02604 0.126618
0.02605 0.126417
0.02606 0.126217
0.02607 0.126019
0.02608 0.125821
0.02609 0.125625
0.0261 0.125431
0.02611 0.125237
0.02612 0.125045
0.02613 0.124854
0.02614 0.124664
0.02615 0.124476
0.02616 0.124289
0.02617 0.124103
0.02618 0.123918
0.02619 0.123734
0.0262 0.123552
0.02621 0.123371
0.02622 0.123191
0.02623 0.123013
0.02624 0.122835
0.02625 0.122659
0.02626 0.122484
0.02627 0.12231
0.02628 0.122137
0.02629 0.121966
0.0263 0.121795
0.02631 0.121626
0.02632 0.121458
0.02633 0.121291
0.02634 0.121125
0.02635 0.120961
0.02636 0.120797
0.02637 0.120635
0.02638 0.120474
0.02639 0.120314
0.0264 0.120155
0.02641 0.119997
0.02642 0.11984
0.02643 0.119684
0.02644 0.11953
0.02645 0.119376
0.02646 0.119224
0.02647 0.119073
0.02648 0.118922
0.02649 0.118773
0.0265 0.118625
0.02651 0.118478
0.02652 0.118332
0.02653 0.118187
0.02654 0.118043
0.02655 0.1179
0.02656 0.117759
0.02657 0.117618
0.02658 0.117478
0.02659 0.117339
0.0266 0.117202
0.02661 0.117065
0.02662 0.116929
0.02663 0.116794
0.02664 0.116661
0.02665 0.116528
0.02666 0.116396
0.02667 0.116265
0.02668 0.116135
0.02669 0.116007
0.0267 0.115879
0.02671 0.115752
0.02672 0.115626
0.02673 0.115501
0.02674 0.115377
0.02675 0.115253
0.02676 0.115131
0.02677 0.11501
0.02678 0.114889
0.02679 0.11477
0.0268 0.114651
0.02681 0.114533
0.02682 0.114417
0.02683 0.114301
0.02684 0.114186
0.02685 0.114072
0.02686 0.113958
0.02687 0.113846
0.02688 0.113734
0.02689 0.113624
0.0269 0.113514
0.02691 0.113405
0.02692 0.113297
0.02693 0.113189
0.02694 0.113083
0.02695 0.112977
0.02696 0.112872
0.02697 0.112768
0.02698 0.112665
0.02699 0.112563
0.027 0.112461
0.02701 0.11236
0.02702 0.11226
0.02703 0.112161
0.02704 0.112063
0.02705 0.111965
0.02706 0.111868
0.02707 0.111772
0.02708 0.111677
0.02709 0.111582
0.0271 0.111488
0.02711 0.111395
0.02712 0.111303
0.02713 0.111211
0.02714 0.11112
0.02715 0.11103
0.02716 0.110941
0.02717 0.110852
0.02718 0.110764
0.02719 0.110677
0.0272 0.11059
0.02721 0.110504
0.02722 0.110419
0.02723 0.110334
0.02724 0.11025
0.02725 0.110167
0.02726 0.110084
0.02727 0.110002
0.02728 0.109921
0.02729 0.109841
0.0273 0.109761
0.02731 0.109681
0.02732 0.109603
0.02733 0.109525
0.02734 0.109447
0.02735 0.10937
0.02736 0.109294
0.02737 0.109218
0.02738 0.109143
0.02739 0.109069
0.0274 0.108995
0.02741 0.108922
0.02742 0.108849
0.02743 0.108777
0.02744 0.108706
0.02745 0.108635
0.02746 0.108564
0.02747 0.108495
0.02748 0.108425
0.02749 0.108357
0.0275 0.108288
0.02751 0.108221
0.02752 0.108154
0.02753 0.108087
0.02754 0.108021
0.02755 0.107955
0.02756 0.10789
0.02757 0.107826
0.02758 0.107762
0.02759 0.107698
0.0276 0.107635
0.02761 0.107572
0.02762 0.10751
0.02763 0.107449
0.02764 0.107387
0.02765 0.107327
0.02766 0.107266
0.02767 0.107207
0.02768 0.107147
0.02769 0.107088
0.0277 0.10703
0.02771 0.106972
0.02772 0.106914
0.02773 0.106857
0.02774 0.1068
0.02775 0.106744
0.02776 0.106688
0.02777 0.106632
0.02778 0.106577
0.02779 0.106522
0.0278 0.106468
0.02781 0.106413
0.02782 0.10636
0.02783 0.106306
0.02784 0.106253
0.02785 0.106201
0.02786 0.106149
0.02787 0.106097
0.02788 0.106045
0.02789 0.105994
0.0279 0.105943
0.02791 0.105892
0.02792 0.105842
0.02793 0.105792
0.02794 0.105742
0.02795 0.105693
0.02796 0.105644
0.02797 0.105595
0.02798 0.105547
0.02799 0.105499
0.028 0.105451
0.02801 0.105403
0.02802 0.105356
0.02803 0.105308
0.02804 0.105262
0.02805 0.105215
0.02806 0.105169
0.02807 0.105122
0.02808 0.105077
0.02809 0.105031
0.0281 0.104985
0.02811 0.10494
0.02812 0.104895
0.02813 0.10485
0.02814 0.104806
0.02815 0.104761
0.02816 0.104717
0.02817 0.104673
0.02818 0.104629
0.02819 0.104586
0.0282 0.104542
0.02821 0.104499
0.02822 0.104456
0.02823 0.104413
0.02824 0.10437
0.02825 0.104327
0.02826 0.104285
0.02827 0.104242
0.02828 0.1042
0.02829 0.104158
0.0283 0.104116
0.02831 0.104074
0.02832 0.104032
0.02833 0.10399
0.02834 0.103949
0.02835 0.103907
0.02836 0.103866
0.02837 0.103824
0.02838 0.103783
0.02839 0.103742
0.0284 0.103701
0.02841 0.10366
0.02842 0.103619
0.02843 0.103578
0.02844 0.103537
0.02845 0.103496
0.02846 0.103455
0.02847 0.103414
0.02848 0.103373
0.02849 0.103332
0.0285 0.103292
0.02851 0.103251
0.02852 0.10321
0.02853 0.103169
0.02854 0.103129
0.02855 0.103088
0.02856 0.103047
0.02857 0.103006
0.02858 0.102965
0.02859 0.102925
0.0286 0.102884
0.02861 0.102843
0.02862 0.102802
0.02863 0.102761
0.02864 0.102719
0.02865 0.102678
0.02866 0.102637
0.02867 0.102596
0.02868 0.102554
0.02869 0.102513
0.0287 0.102471
0.02871 0.10243
0.02872 0.102388
0.02873 0.102346
0.02874 0.102304
0.02875 0.102262
0.02876 0.10222
0.02877 0.102177
0.02878 0.102135
0.02879 0.102092
0.0288 0.102049
0.02881 0.102006
0.02882 0.101963
0.02883 0.10192
0.02884 0.101877
0.02885 0.101833
0.02886 0.101789
0.02887 0.101745
0.02888 0.101701
0.02889 0.101657
0.0289 0.101612
0.02891 0.101568
0.02892 0.101523
0.02893 0.101478
0.02894 0.101432
0.02895 0.101387
0.02896 0.101341
0.02897 0.101295
0.02898 0.101249
0.02899 0.101202
0.029 0.101156
0.02901 0.101109
0.02902 0.101061
0.02903 0.101014
0.02904 0.100966
0.02905 0.100918
0.02906 0.10087
0.02907 0.100821
0.02908 0.100772
0.02909 0.100723
0.0291 0.100673
0.02911 0.100624
0.02912 0.100573
0.02913 0.100523
0.02914 0.100472
0.02915 0.100421
0.02916 0.10037
0.02917 0.100318
0.02918 0.100266
0.02919 0.100213
0.0292 0.100161
0.02921 0.100107
0.02922 0.100054
0.02923 0.1
0.02924 0.0999455
0.02925 0.0998902
0.02926 0.099834
0.02927 0.0997771
0.02928 0.0997193
0.02929 0.0996607
0.0293 0.0996013
0.02931 0.0995411
0.02932 0.0994801
0.02933 0.0994182
0.02934 0.0993556
0.02935 0.0992921
0.02936 0.0992279
0.02937 0.0991628
0.02938 0.099097
0.02939 0.0990304
0.0294 0.0989629
0.02941 0.0988947
0.02942 0.0988257
0.02943 0.0987559
0.02944 0.0986854
0.02945 0.098614
0.02946 0.0985419
0.02947 0.098469
0.02948 0.0983953
0.02949 0.0983208
0.0295 0.0982456
0.02951 0.0981696
0.02952 0.0980928
0.02953 0.0980153
0.02954 0.097937
0.02955 0.0978579
0.02956 0.0977781
0.02957 0.0976976
0.02958 0.0976162
0.02959 0.0975342
0.0296 0.0974514
0.02961 0.0973678
0.02962 0.0972835
0.02963 0.0971984
0.02964 0.0971126
0.02965 0.0970261
0.02966 0.0969388
0.02967 0.0968508
0.02968 0.0967621
0.02969 0.0966726
0.0297 0.0965824
0.02971 0.0964915
0.02972 0.0963999
0.02973 0.0963075
0.02974 0.0962144
0.02975 0.0961206
0.02976 0.0960261
0.02977 0.0959309
0.02978 0.095835
0.02979 0.0957383
0.0298 0.095641
0.02981 0.0955429
0.02982 0.0954442
0.02983 0.0953447
0.02984 0.0952445
0.02985 0.0951437
0.02986 0.0950421
0.02987 0.0949399
0.02988 0.094837
0.02989 0.0947334
0.0299 0.0946291
0.02991 0.0945241
0.02992 0.0944184
0.02993 0.0943121
0.02994 0.0942051
0.02995 0.0940974
0.02996 0.0939891
0.02997 0.09388
0.02998 0.0937703
0.02999 0.09366
0.03 0.0935489
0.03001 0.0934373
0.03002 0.0933249
0.03003 0.0932119
0.03004 0.0930983
0.03005 0.0929839
0.03006 0.092869
0.03007 0.0927534
0.03008 0.0926371
0.03009 0.0925202
0.0301 0.0924027
0.03011 0.0922845
0.03012 0.0921657
0.03013 0.0920462
0.03014 0.0919262
0.03015 0.0918054
0.03016 0.0916841
0.03017 0.0915621
0.03018 0.0914395
0.03019 0.0913163
0.0302 0.0911925
0.03021 0.091068
0.03022 0.090943
0.03023 0.0908173
0.03024 0.090691
0.03025 0.0905641
0.03026 0.0904366
0.03027 0.0903084
0.03028 0.0901797
0.03029 0.0900504
0.0303 0.0899205
0.03031 0.0897899
0.03032 0.0896588
0.03033 0.0895271
0.03034 0.0893948
0.03035 0.0892619
0.03036 0.0891285
0.03037 0.0889944
0.03038 0.0888598
0.03039 0.0887246
0.0304 0.0885888
0.03041 0.0884524
0.03042 0.0883155
0.03043 0.088178
0.03044 0.0880399
0.03045 0.0879012
0.03046 0.087762
0.03047 0.0876222
0.03048 0.0874819
0.03049 0.087341
0.0305 0.0871996
0.03051 0.0870576
0.03052 0.086915
0.03053 0.0867719
0.03054 0.0866283
0.03055 0.0864841
0.03056 0.0863393
0.03057 0.0861941
0.03058 0.0860483
0.03059 0.0859019
0.0306 0.085755
0.03061 0.0856076
0.03062 0.0854596
0.03063 0.0853112
0.03064 0.0851622
0.03065 0.0850126
0.03066 0.0848626
0.03067 0.084712
0.03068 0.0845609
0.03069 0.0844093
0.0307 0.0842572
0.03071 0.0841046
0.03072 0.0839515
0.03073 0.0837978
0.03074 0.0836437
0.03075 0.0834891
0.03076 0.0833339
0.03077 0.0831783
0.03078 0.0830221
0.03079 0.0828655
0.0308 0.0827084
0.03081 0.0825508
0.03082 0.0823927
0.03083 0.0822341
0.03084 0.082075
0.03085 0.0819155
0.03086 0.0817555
0.03087 0.081595
0.03088 0.081434
0.03089 0.0812725
0.0309 0.0811106
0.03091 0.0809482
0.03092 0.0807854
0.03093 0.0806221
0.03094 0.0804583
0.03095 0.0802941
0.03096 0.0801294
0.03097 0.0799642
0.03098 0.0797986
0.03099 0.0796326
0.031 0.0794661
0.03101 0.0792991
0.03102 0.0791317
0.03103 0.0789639
0.03104 0.0787956
0.03105 0.0786269
0.03106 0.0784578
0.03107 0.0782882
0.03108 0.0781182
0.03109 0.0779478
0.0311 0.0777769
0.03111 0.0776056
0.03112 0.0774339
0.03113 0.0772618
0.03114 0.0770892
0.03115 0.0769163
0.03116 0.0767429
0.03117 0.0765691
0.03118 0.0763949
0.03119 0.0762203
0.0312 0.0760453
0.03121 0.0758699
0.03122 0.075694
0.03123 0.0755178
0.03124 0.0753412
0.03125 0.0751642
0.03126 0.0749868
0.03127 0.074809
0.03128 0.0746308
0.03129 0.0744523
0.0313 0.0742733
0.03131 0.074094
0.03132 0.0739143
0.03133 0.0737342
0.03134 0.0735537
0.03135 0.0733729
0.03136 0.0731917
0.03137 0.0730101
0.03138 0.0728282
0.03139 0.0726459
0.0314 0.0724632
0.03141 0.0722802
0.03142 0.0720968
0.03143 0.071913
0.03144 0.0717289
0.03145 0.0715445
0.03146 0.0713597
0.03147 0.0711745
0.03148 0.070989
0.03149 0.0708032
0.0315 0.070617
0.03151 0.0704305
0.03152 0.0702437
0.03153 0.0700565
0.03154 0.069869
0.03155 0.0696811
0.03156 0.0694929
0.03157 0.0693044
0.03158 0.0691156
0.03159 0.0689265
0.0316 0.068737
0.03161 0.0685472
0.03162 0.0683571
0.03163 0.0681667
0.03164 0.067976
0.03165 0.0677849
0.03166 0.0675936
0.03167 0.067402
0.03168 0.06721
0.03169 0.0670178
0.0317 0.0668252
0.03171 0.0666324
0.03172 0.0664392
0.03173 0.0662458
0.03174 0.0660521
0.03175 0.0658581
0.03176 0.0656638
0.03177 0.0654693
0.03178 0.0652744
0.03179 0.0650793
0.0318 0.0648839
0.03181 0.0646882
0.03182 0.0644922
0.03183 0.064296
0.03184 0.0640995
0.03185 0.0639028
0.03186 0.0637058
0.03187 0.0635085
0.03188 0.0633109
0.03189 0.0631131
0.0319 0.0629151
0.03191 0.0627168
0.03192 0.0625182
0.03193 0.0623194
0.03194 0.0621204
0.03195 0.0619211
0.03196 0.0617215
0.03197 0.0615218
0.03198 0.0613218
0.03199 0.0611215
0.032 0.060921
0.03201 0.0607203
0.03202 0.0605194
0.03203 0.0603182
0.03204 0.0601168
0.03205 0.0599152
0.03206 0.0597133
0.03207 0.0595113
0.03208 0.059309
0.03209 0.0591065
0.0321 0.0589038
0.03211 0.0587009
0.03212 0.0584978
0.03213 0.0582945
0.03214 0.0580909
0.03215 0.0578872
0.03216 0.0576833
0.03217 0.0574792
0.03218 0.0572749
0.03219 0.0570703
0.0322 0.0568656
0.03221 0.0566607
0.03222 0.0564557
0.03223 0.0562504
0.03224 0.056045
0.03225 0.0558393
0.03226 0.0556335
0.03227 0.0554276
0.03228 0.0552214
0.03229 0.0550151
0.0323 0.0548086
0.03231 0.054602
0.03232 0.0543951
0.03233 0.0541882
0.03234 0.053981
0.03235 0.0537737
0.03236 0.0535663
0.03237 0.0533586
0.03238 0.0531509
0.03239 0.052943
0.0324 0.0527349
0.03241 0.0525267
0.03242 0.0523183
0.03243 0.0521099
0.03244 0.0519012
0.03245 0.0516925
0.03246 0.0514836
0.03247 0.0512745
0.03248 0.0510654
0.03249 0.0508561
0.0325 0.0506467
0.03251 0.0504371
0.03252 0.0502274
0.03253 0.0500177
0.03254 0.0498078
0.03255 0.0495977
0.03256 0.0493876
0.03257 0.0491774
0.03258 0.048967
0.03259 0.0487566
0.0326 0.048546
0.03261 0.0483353
0.03262 0.0481246
0.03263 0.0479137
0.03264 0.0477028
0.03265 0.0474917
0.03266 0.0472806
0.03267 0.0470693
0.03268 0.046858
0.03269 0.0466466
0.0327 0.0464351
0.03271 0.0462236
0.03272 0.0460119
0.03273 0.0458002
0.03274 0.0455884
0.03275 0.0453765
0.03276 0.0451646
0.03277 0.0449526
0.03278 0.0447405
0.03279 0.0445284
0.0328 0.0443162
0.03281 0.0441039
0.03282 0.0438916
0.03283 0.0436792
0.03284 0.0434668
0.03285 0.0432543
0.03286 0.0430418
0.03287 0.0428292
0.03288 0.0426166
0.03289 0.0424039
0.0329 0.0421912
0.03291 0.0419785
0.03292 0.0417657
0.03293 0.0415529
0.03294 0.0413401
0.03295 0.0411272
0.03296 0.0409143
0.03297 0.0407014
0.03298 0.0404885
0.03299 0.0402755
0.033 0.0400625
0.03301 0.0398495
0.03302 0.0396365
0.03303 0.0394235
0.03304 0.0392104
0.03305 0.0389974
0.03306 0.0387844
0.03307 0.0385713
0.03308 0.0383582
0.03309 0.0381452
0.0331 0.0379321
0.03311 0.0377191
0.03312 0.0375061
0.03313 0.037293
0.03314 0.03708
0.03315 0.036867
0.03316 0.036654
0.03317 0.0364411
0.03318 0.0362281
0.03319 0.0360152
0.0332 0.0358023
0.03321 0.0355894
0.03322 0.0353766
0.03323 0.0351637
0.03324 0.034951
0.03325 0.0347382
0.03326 0.0345255
0.03327 0.0343128
0.03328 0.0341002
0.03329 0.0338876
0.0333 0.0336751
0.03331 0.0334626
0.03332 0.0332501
0.03333 0.0330377
0.03334 0.0328254
0.03335 0.0326131
0.03336 0.0324009
0.03337 0.0321887
0.03338 0.0319766
0.03339 0.0317646
0.0334 0.0315526
0.03341 0.0313408
0.03342 0.0311289
0.03343 0.0309172
0.03344 0.0307055
0.03345 0.0304939
0.03346 0.0302824
0.03347 0.030071
0.03348 0.0298596
0.03349 0.0296484
0.0335 0.0294372
0.03351 0.0292261
0.03352 0.0290151
0.03353 0.0288042
0.03354 0.0285934
0.03355 0.0283827
0.03356 0.0281721
0.03357 0.0279616
0.03358 0.0277513
0.03359 0.027541
0.0336 0.0273308
0.03361 0.0271208
0.03362 0.0269108
0.03363 0.026701
0.03364 0.0264913
0.03365 0.0262817
0.03366 0.0260722
0.03367 0.0258629
0.03368 0.0256537
0.03369 0.0254446
0.0337 0.0252357
0.03371 0.0250269
0.03372 0.0248182
0.03373 0.0246097
0.03374 0.0244013
0.03375 0.024193
0.03376 0.0239849
0.03377 0.0237769
0.03378 0.0235691
0.03379 0.0233615
0.0338 0.0231539
0.03381 0.0229466
0.03382 0.0227394
0.03383 0.0225324
0.03384 0.0223255
0.03385 0.0221188
0.03386 0.0219122
0.03387 0.0217059
0.03388 0.0214997
0.03389 0.0212936
0.0339 0.0210878
0.03391 0.0208821
0.03392 0.0206766
0.03393 0.0204713
0.03394 0.0202661
0.03395 0.0200612
0.03396 0.0198564
0.03397 0.0196518
0.03398 0.0194474
0.03399 0.0192433
0.034 0.0190393
0.03401 0.0188355
0.03402 0.0186319
0.03403 0.0184285
0.03404 0.0182253
0.03405 0.0180223
0.03406 0.0178195
0.03407 0.017617
0.03408 0.0174146
0.03409 0.0172125
0.0341 0.0170106
0.03411 0.0168089
0.03412 0.0166074
0.03413 0.0164062
0.03414 0.0162052
0.03415 0.0160044
0.03416 0.0158038
0.03417 0.0156035
0.03418 0.0154034
0.03419 0.0152035
0.0342 0.0150039
0.03421 0.0148046
0.03422 0.0146054
0.03423 0.0144065
0.03424 0.0142079
0.03425 0.0140095
0.03426 0.0138114
0.03427 0.0136135
0.03428 0.0134159
0.03429 0.0132185
0.0343 0.0130214
0.03431 0.0128246
0.03432 0.012628
0.03433 0.0124317
0.03434 0.0122356
0.03435 0.0120399
0.03436 0.0118444
0.03437 0.0116491
0.03438 0.0114542
0.03439 0.0112595
0.0344 0.0110651
0.03441 0.0108711
0.03442 0.0106772
0.03443 0.0104837
0.03444 0.0102905
0.03445 0.0100976
0.03446 0.00990491
0.03447 0.00971257
0.03448 0.00952052
0.03449 0.00932878
0.0345 0.00913734
0.03451 0.0089462
0.03452 0.00875537
0.03453 0.00856486
0.03454 0.00837465
0.03455 0.00818476
0.03456 0.00799519
0.03457 0.00780594
0.03458 0.007617
0.03459 0.00742839
0.0346 0.00724011
0.03461 0.00705215
0.03462 0.00686452
0.03463 0.00667722
0.03464 0.00649026
0.03465 0.00630363
0.03466 0.00611734
0.03467 0.00593139
0.03468 0.00574579
0.03469 0.00556053
0.0347 0.00537561
0.03471 0.00519104
0.03472 0.00500683
0.03473 0.00482296
0.03474 0.00463946
0.03475 0.00445631
0.03476 0.00427352
0.03477 0.00409109
0.03478 0.00390902
0.03479 0.00372732
0.0348 0.00354599
0.03481 0.00336503
0.03482 0.00318445
0.03483 0.00300423
0.03484 0.0028244
0.03485 0.00264494
0.03486 0.00246586
0.03487 0.00228717
0.03488 0.00210886
0.03489 0.00193094
0.0349 0.00175341
0.03491 0.00157627
0.03492 0.00139952
0.03493 0.00122317
0.03494 0.00104722
0.03495 8.71672E-4
0.03496 6.96524E-4
0.03497 5.21781E-4
0.03498 3.47444E-4
0.03499 1.73517E-4
0.035 0
