-1.57435805510269E7
-7.87697421701946E6
-5459.7829980530641
-490.23069061140279
-379.20256469487811
-292.12149662413714
-215.14720345136402
-127.63605262480466
-32.77277558181165
36.07857947861628
48.5772862024531
18.21063441048776
-16.53191916527052
-32.30759294125476
-17.71356077672996
27.85964475279399
60.22102811765819
43.69057698292778
20.18412550514593
25.57542890263189
34.65620287498531
26.89488365513792
11.29238126840118
2.93385461708848
6.78472686868251
12.00773481733314
10.46588349400856
4.17958777289425
-3.3633948788676
-9.24370686261774
-12.03982228329467
-12.07261695000293
-10.5594049101168
-8.87431453993633
-7.70303105651113
-7.15629662214531
-7.12146634000987
-7.32791365065428
-7.50874141431854
-7.54764787980893
-7.43082625251268
-7.18979493731737
-6.90157718294406
-6.64483324839155
-6.45412916754675
-6.33093440448221
-6.25221672110912
-6.16539742534864
-6.01804968230221
-5.78740963290474
-5.47864036539096
-5.14927402538753
-4.92722518141247
-4.9362900728875
-5.22834262725695
-5.78365738372321
-6.41418193740063
-6.67694424294277
-6.10836679645537
-4.50350847756862
-1.99475788522176
0.59407830379165
1.68370686497397
0.00961002780997
-4.82575689948503
-13.05267769556646
-23.85308267777557
-32.30358694659235
-28.6917862232263
-5.14009881906258
31.15655770969984
56.55228519930976
56.78615794501143
41.86497137525511
26.62499710237725
16.16360181997528
9.84507565005033
6.21954948551362
4.18193402994906
3.01043340296466
2.3000127285641
1.83985136525296
1.51213744970239
1.25572495601011
1.04624561141705
0.87381362281087
0.73229707636363
0.61755104692684
0.52560842948728
0.45186293597323
0.39210037331106
0.34301082601875
0.30200441279606
0.26719784253652
0.23733128083387
0.21155173969141
0.18921569945934
0.16980276999485
0.15290697042833
0.13816779936945
0.12524474807193
0.11386202308948
0.10379138987971
0.09483699110108
0.08684759147017
0.07969692014708
0.07327603900904
0.06749610094546
0.06228097385278
0.05756658544332
0.05329705607011
0.04941712133647
0.04588081806279
0.04265650673906
0.03971086564819
0.03700923790764
0.03452679456185
0.03224500546211
0.03014589680221
0.02820877394134
0.02641822393355
0.02476417037462
0.02323125565789
0.02180742391092
0.0204849168391
0.01925495530543
0.01810998271161
0.01704074702163
0.01604213761456
0.01511233677272
0.01424161387136
0.0134229603539
0.01265703184064
0.01193908302303
0.01126436897025
0.01063103730769
0.01003339152288
0.0094696853225
0.00894064423214
0.00844141038648
0.00796891105828
0.00752328816136
0.00710216392607
0.00670306454473
0.00632474538982
0.00596664444366
0.00562842309143
0.00530732544077
0.00500101037389
0.00471018719401
0.0044345748975
0.00417277012963
0.00392350127074
0.00368528434925
0.00345826698391
0.00324268292213
0.00303724773265
0.00284089744452
0.00265325921881
0.0024744482567
0.00230419333255
0.00214100398013
0.00198384925497
0.0018331629994
0.00168990186612
0.00155362078487
0.00142247215196
0.00129584272389
0.00117453943213
0.00105892123693
9.48208965179657E-4
8.41766126045372E-4
7.38907099631115E-4
6.39618440238715E-4
5.45247455714174E-4
4.55047297982487E-4
3.67595771451887E-4
2.83377654176589E-4
2.02630866679741E-4
1.24849492814072E-4
4.9621722360732E-5
-2.31685063800216E-5
-9.31201504708958E-5
-1.59850074816457E-4
-2.24314975113362E-4
-2.8728893918933E-4
-3.47552820752632E-4
-4.04871656892694E-4
-4.60795375328701E-4
-5.15638476568438E-4
-5.68359427971866E-4
-6.18580943757225E-4
-6.67384195066381E-4
-7.14841559803285E-4
-7.60192114115983E-4
-8.04237763771886E-4
-8.46968727547169E-4
-8.8807335404732E-4
-9.28187777788534E-4
-9.66937800206257E-4
-0.00100408268795
-0.0010402358221
-0.00107564914995
-0.00110974461384
-0.00114249474153
-0.00117448274573
-0.00120541800911
-0.00123558487223
-0.0012652705882
-0.00129355310173
-0.00132035741125
-0.00134659525068
-0.00137264763797
-0.00139810903815
-0.00142258625821
-0.00144616108347
-0.0014690973726
-0.00149130985618
-0.00151282012005
-0.00153416692274
-0.00155479431671
-0.00157409392245
-0.00159322522917
-0.00161265665222
-0.00163122133453
-0.00164870985436
-0.00166614044277
-0.0016831539379
-0.00169899872588
-0.00171471227485
-0.00173073775354
-0.0017462819814
-0.00176104296053
-0.00177498892113
-0.00178865256662
-0.00180271534107
-0.00181636248496
-0.00182888686153
-0.00184122070269
-0.00185353260289
-0.00186561482708
-0.00187767070243
-0.00188912608208
-0.00189999219088
-0.0019104772504
-0.00192082715712
-0.00193147477452
-0.00194170941291
-0.00195121466103
-0.00196065922058
-0.00197013465961
-0.00197956568273
-0.0019896762523
-0.00200098669685
-0.00201376354605
-0.00202843748097
-0.00204455747679
-0.00206063529587
-0.00207570254092
-0.00209011630509
-0.00210406644116
-0.00211734310054
-0.0021299253151
-0.00214197489772
-0.00215398030268
-0.0021659802837
-0.00217747095759
-0.00218880791112
-0.00220049992146
-0.00221186798766
-0.0022224967522
-0.00223307005853
-0.00224388980478
-0.00225420182013
-0.00226417414139
-0.00227456358027
-0.0022845496764
-0.00229388825374
-0.00230356403083
-0.0023133743599
-0.00232284091513
-0.00233212861016
-0.00234127146504
-0.00235020065543
-0.00235884915919
-0.00236744868938
-0.00237639651639
-0.00238542402007
-0.00239381761595
-0.00240173760435
-0.00240990109587
-0.00241811435813
-0.00242614165861
-0.00243417988844
-0.00244203830453
-0.00244971928027
-0.00245741776033
-0.00246513482502
-0.00247264071706
-0.00247993765807
-0.00248748889942
-0.00249491757151
-0.00250180737626
-0.00250868672196
-0.00251574481668
-0.00252287477746
-0.0025298913372
-0.00253661025326
-0.00254322048874
-0.00254997357388
-0.00255686933438
-0.00256347530405
-0.00256979374452
-0.00257629852926
-0.00258280664825
-0.00258903262962
-0.00259516166439
-0.00260133776857
-0.00260756144933
-0.00261383315362
-0.00262011373604
-0.00262626284526
-0.00263218079287
-0.00263797080662
-0.00264377456954
-0.00264959260838
-0.00265542526701
-0.0026613519101
-0.00266715511196
-0.00267261800213
-0.0026782168035
-0.00268409104015
-0.00268958921388
-0.00269479124475
-0.00270027012633
-0.00270580953946
-0.00271123257003
-0.00271671690508
-0.00272208662842
-0.00272751838848
-0.00273297383522
-0.00273796485988
-0.00274292276634
-0.00274825757029
-0.00275357857603
-0.00275865313908
-0.00276365756583
-0.00276855359313
-0.00277330243686
-0.00277842828855
-0.00278387418159
-0.00278872913377
-0.00279318583121
-0.00279823358007
-0.0028034678253
-0.00280803582599
-0.00281242084372
-0.00281730201374
-0.00282233198403
-0.00282717985102
-0.00283201939885
-0.00283662202378
-0.00284098827198
-0.00284559951257
-0.00285045583771
-0.00285521068956
-0.00285965156476
-0.00286395192041
-0.00286836432915
-0.00287306232967
-0.00287783335781
-0.00288215807034
-0.00288724901477
-0.00289812891969
-0.00291860949225
-0.00294345814071
-0.00296782853059
-0.002994055391
-0.00302214247608
-0.00305032125033
-0.00307686109148
-0.00310176431314
-0.00313023621894
-0.00316224177805
-0.00319258152826
-0.00322311539464
-0.00325554254683
-0.00328449356569
-0.00331182883465
-0.00334462699881
-0.00337925550022
-0.00341049936858
-0.00344022072769
-0.00347352795082
-0.0035103876135
-0.00354395199671
-0.00357771572303
-0.00361509100418
-0.00365084370241
-0.00368685060232
-0.00372311249293
-0.00375775927967
-0.00379605496062
-0.00383800920502
-0.00387660556073
-0.00391368631407
-0.00395453013158
-0.00399381932849
-0.00403151766157
-0.00407468581582
-0.00411989023863
-0.00416183658212
-0.00420224769126
-0.00424466958087
-0.00429088859623
-0.00433736477436
-0.00438232778323
-0.00442755618729
-0.00447301169655
-0.00452048776972
-0.00456833402827
-0.00461472643231
-0.00466307500476
-0.00471531969881
-0.00476801435859
-0.00481738921314
-0.00486699971086
-0.00491883074496
-0.00497290272977
-0.00502723371729
-0.00508001993207
-0.00513502904242
-0.0051904505421
-0.00524625473738
-0.00530426880362
-0.00536268226699
-0.00542145567541
-0.00547875667312
-0.00553656728257
-0.00559853002593
-0.00566263924185
-0.00572535463051
-0.00578681904934
-0.00585055304811
-0.00591466050354
-0.00597743587924
-0.00604447985735
-0.0061157678621
-0.00618383545035
-0.00625055763834
-0.00632156838159
-0.0063912360066
-0.00645957330658
-0.00653409647527
-0.00661104760729
-0.00668490260205
-0.00675750296551
-0.0068324634211
-0.00691187108059
-0.00699207425455
-0.00706903904735
-0.00714660794159
-0.00722880514723
-0.00731163637979
-0.00739312791961
-0.00747927461603
-0.00756815282383
-0.00765192117827
-0.00773638837035
-0.007827445112
-0.00791940096297
-0.00801025096093
-0.00810180446618
-0.00819418280893
-0.00828745431899
-0.00838363488788
-0.00848269345435
-0.00858047802455
-0.00867917680826
-0.00878098172327
-0.00888165189064
-0.0089831665962
-0.00908977585626
-0.00919949112065
-0.00930819705163
-0.00941384071377
-0.00952252801358
-0.00963840826368
-0.00975338739952
-0.00986540824951
-0.00998069467624
-0.01009921660525
-0.01021669708934
-0.01033543566027
-0.01046177679295
-0.0105891831895
-0.01071145379781
-0.01083512448018
-0.01096441824567
-0.01109934131807
-0.01123538750775
-0.01136640135409
-0.01149017488876
-0.0116065388304
-0.01171540556221
-0.01181424056596
-0.01190103858388
-0.01197936141998
-0.01206131410924
-0.01215167546209
-0.01224458529232
-0.01234168652085
-0.01244359316542
-0.01254671175289
-0.01264815357355
-0.01274995144355
-0.01285889440515
-0.01296835728478
-0.01307137610177
-0.01317695758421
-0.01328776939216
-0.01339688911586
-0.01350623424249
-0.01361825268622
-0.01372855387884
-0.01383938298486
-0.01395524552276
-0.01407375779262
-0.01419039713359
-0.01430294555326
-0.01441601652523
-0.01453426380358
-0.01465526670718
-0.01477666465415
-0.01489622225513
-0.015016246819
-0.01514145813966
-0.01526472447714
-0.0153860509724
-0.01551277186774
-0.01563996411971
-0.0157675593408
-0.01589816637172
-0.01602680333089
-0.0161533643237
-0.016282946777
-0.01641556488279
-0.01654617877216
-0.01667958256564
-0.0168182684436
-0.01695262501145
-0.01708757066749
-0.01722792745392
-0.01736381681124
-0.01750029301756
-0.01764486170701
-0.01778728402456
-0.01792499962937
-0.0180684107733
-0.018217443883
-0.0183617319459
-0.01850134299396
-0.01864659412038
-0.0187976148641
-0.01894653525239
-0.01909585263665
-0.01924827099536
-0.01939855737855
-0.01954944247046
-0.01970608853275
-0.01986312646738
-0.020015470371
-0.02016840545871
-0.02032714821736
-0.02048894996004
-0.0206483495127
-0.0208055517216
-0.02096615133351
-0.02113004971163
-0.02129433275601
-0.02145615375836
-0.02161845475893
-0.0217869214261
-0.021955999224
-0.02212558841176
-0.02229566483978
-0.02246059512772
-0.02262851157412
-0.02280519972868
-0.02298263553191
-0.02315513530685
-0.02332799208078
-0.02350398275339
-0.02368058006982
-0.02386047032129
-0.02404070913423
-0.02421860845765
-0.02439980613468
-0.02458160093663
-0.02476102553536
-0.02491790232784
-0.02497217933354
-0.0248656523348
-0.02465443644361
-0.02442430729739
-0.02420380285428
-0.02399287900986
-0.02378900718515
-0.02359227255053
-0.02340828817516
-0.02323701317414
-0.02307592871798
-0.02292248430349
-0.02277352836499
-0.02263191177158
-0.02250390370549
-0.02238961294118
-0.02228307802485
-0.02218422539483
-0.02209609408628
-0.02201907947057
-0.02195312022085
-0.02189799642334
-0.02185109633672
-0.0218128112165
-0.02178908964756
-0.02177669126289
-0.02176965344391
-0.02177137831192
-0.02178785534027
-0.02181902323516
-0.02185920599845
-0.02191138067126
-0.0219754504113
-0.02204569290655
-0.02212815270428
-0.02222272904986
-0.02232659314391
-0.02244600263123
-0.02258122430246
-0.02272597288052
-0.02287702608143
-0.02304101976002
-0.02322115283996
-0.02341091137434
-0.02361018323886
-0.0238225160925
-0.02405150169179
-0.02429389590534
-0.02454011146163
-0.02479969741933
-0.02508205539077
-0.02537439751557
-0.02567077968386
-0.02598117171003
-0.02631186202869
-0.02665617427799
-0.02700435723778
-0.02736324569229
-0.02774615697796
-0.02814333036044
-0.02854477171539
-0.02896021406929
-0.02939334529251
-0.02983755623484
-0.03029270787424
-0.03076576686303
-0.03125334121562
-0.03175203528222
-0.03226556945925
-0.03279051798417
-0.03333002718739
-0.03388785075459
-0.03445746849235
-0.03503852042701
-0.0356341435188
-0.0362450201865
-0.03687163740866
-0.03751300282608
-0.03816561158655
-0.03882722604381
-0.03950457655519
-0.04020399140084
-0.04091839713368
-0.04164111943096
-0.04237642722706
-0.04313111211526
-0.04390479866556
-0.04469055926399
-0.04548842788534
-0.0462988836401
-0.04712173643441
-0.04796359277368
-0.04882497550028
-0.04970230444462
-0.05059196332749
-0.05149079039254
-0.05240566134845
-0.0533402891744
-0.05428761151831
-0.05525086151837
-0.05623401205316
-0.05722675862015
-0.0582288750949
-0.05925396522875
-0.06029834412418
-0.06134868046554
-0.06241593917342
-0.06350685344951
-0.06460700959246
-0.06571963842803
-0.06685603843795
-0.0680098165481
-0.06917263758027
-0.07034771977164
-0.07153996326974
-0.07274912712306
-0.07397467985182
-0.07521721393527
-0.07647676325761
-0.07775307022632
-0.07904231180657
-0.08034093949725
-0.08165664779102
-0.08299626709228
-0.08435241349047
-0.08571827658757
-0.08709741600638
-0.08849729958165
-0.08991764066705
-0.09135098429549
-0.09279797308701
-0.09425827920044
-0.0957315781388
-0.0972257208172
-0.09874039687112
-0.10026807702354
-0.10180547399464
-0.10336342216492
-0.10494589974146
-0.10653447398483
-0.10813240178887
-0.10975488139892
-0.1113946794309
-0.11305145839134
-0.11472483168704
-0.11640749663041
-0.11810747669965
-0.11982399817831
-0.1215530093877
-0.12330216522729
-0.12505740084486
-0.12678633220745
-0.12847141409813
-0.13010719832891
-0.13168034310349
-0.13319370870895
-0.13469071390163
-0.13620634167506
-0.13774378232566
-0.13930140885583
-0.14088067872916
-0.14248171399257
-0.14409178048001
-0.14570305203283
-0.14732357677303
-0.14894895484138
-0.15056966978192
-0.15219421012583
-0.15382742173076
-0.15545605539986
-0.15708353227152
-0.15872213611644
-0.16036273430926
-0.16200083145819
-0.16363761053377
-0.16527281330162
-0.16691309167695
-0.16855764748508
-0.17019876880693
-0.17183403433485
-0.17346638248803
-0.17510136773913
-0.1767402959798
-0.17837549764548
-0.18000822115911
-0.18163980428008
-0.1832642549917
-0.18488650327651
-0.1865093891651
-0.18813062300501
-0.18974627381251
-0.19135184050117
-0.19295384118794
-0.19455935193459
-0.19615885713258
-0.19774785997753
-0.1993389945287
-0.20092647555084
-0.20249906878826
-0.20406505169875
-0.20562966845067
-0.20719455683235
-0.20875332800778
-0.21029415453256
-0.21182964000656
-0.21336685499798
-0.21489039636517
-0.21640367290147
-0.21791372405529
-0.21941308811555
-0.22090087027153
-0.22238045512058
-0.2238572803577
-0.22533046992393
-0.22678626340279
-0.22822654042429
-0.22966399840737
-0.23109562695354
-0.2325133522127
-0.23391913371068
-0.2353199255333
-0.23670775347215
-0.23807890642585
-0.23944736332037
-0.24080589989318
-0.24214302551561
-0.24347263875013
-0.24480037069696
-0.24611132501755
-0.24740228687871
-0.24867200340946
-0.24992966926763
-0.25120400971106
-0.2524801393986
-0.25372674986107
-0.25494381814859
-0.25617061804031
-0.25740700611869
-0.25858367638891
-0.25970080456502
-0.26082574580192
-0.26199211805993
-0.26313360079117
-0.26424998492185
-0.26540864694811
-0.26650786081239
-0.26754498966519
-0.26862309705996
-0.26967789368208
-0.27110252098949
-0.27408116761443
-0.2792941848842
-0.28596446776928
-0.29292831926367
-0.29975607765196
-0.30648046828483
-0.31313395672185
-0.31968293716461
-0.32609501662589
-0.33240540852112
-0.33861341911236
-0.34468333581036
-0.35065015271859
-0.35654868751503
-0.36234339638497
-0.36800181649859
-0.37355873364459
-0.37904583488104
-0.38443087758811
-0.38965183018818
-0.39474052646706
-0.39975968676711
-0.40467751108326
-0.40952481307313
-0.41430496060471
-0.41892539223523
-0.42341332540409
-0.42780315024492
-0.43209831680735
-0.43632533819461
-0.44042345055939
-0.44439636499793
-0.44830470399436
-0.45211802401874
-0.45583672516194
-0.45946155182176
-0.4629918202672
-0.46642826854896
-0.46971667016565
-0.47291614466395
-0.47608094447054
-0.47912468634468
-0.48202406789713
-0.48486499389557
-0.48767182364997
-0.49036186483243
-0.49291127484192
-0.49537663619561
-0.49778559582576
-0.50013850870797
-0.50240807372547
-0.504538566686
-0.50653134340726
-0.50847376944383
-0.51039386403625
-0.51223237293951
-0.51396286507089
-0.51559148406883
-0.51714500754489
-0.51861938875367
-0.52001899172999
-0.52137506953301
-0.52265671134723
-0.52383705743715
-0.52492115892026
-0.52593625460777
-0.52688208137042
-0.52773224738659
-0.52853921738893
-0.52933325317457
-0.53003675840238
-0.53062135677786
-0.53111800278648
-0.53155303709647
-0.53197199492707
-0.53235424675341
-0.53262981100746
-0.53279475490793
-0.53292299366985
-0.53304379706961
-0.53310851383127
-0.53309227702424
-0.53297084224405
-0.53276957643057
-0.53256576493143
-0.53233454076718
-0.53202453544971
-0.53166467654062
-0.53125597714442
-0.53077009383266
-0.53023562177199
-0.52965784853122
-0.52900875575319
-0.52831090670575
-0.52759230715233
-0.52683074558823
-0.52600287017206
-0.5251322696139
-0.52421987581755
-0.52326629393076
-0.52229308898972
-0.52125659660002
-0.52013864599524
-0.51898450538035
-0.51783848113441
-0.51667767623532
-0.51543469929168
-0.51413515977102
-0.51280172855147
-0.51143345459888
-0.5100552392635
-0.5086464727388
-0.50718383640749
-0.50566834552426
-0.50414685429876
-0.50264058366816
-0.50106300242625
-0.49939312333423
-0.49773570720937
-0.49609415535554
-0.49438774510671
-0.4926361037982
-0.49087868920997
-0.48909598308604
-0.48727181112628
-0.48542669624584
-0.48355986174738
-0.48167174025043
-0.47978232072717
-0.47785348311044
-0.47588583424749
-0.47391851436953
-0.47193131677242
-0.46992461698423
-0.46788344258114
-0.46578977969454
-0.46371745539019
-0.46166521173463
-0.4595408496211
-0.45738507315427
-0.45527334190834
-0.45313147953927
-0.45091924066552
-0.44870974207168
-0.4465257400116
-0.44433156697653
-0.44208930261312
-0.43981736633954
-0.43757205309775
-0.43628512118429
-0.43873609005086
-0.44682439197084
-0.45874615399465
-0.47175038225993
-0.48491062430402
-0.49809045336746
-0.51097762657826
-0.52325889132843
-0.53482812767573
-0.54572641294554
-0.55595813944508
-0.56557684972653
-0.57470295888666
-0.58336221572815
-0.59155125681705
-0.59932675567331
-0.60669632608794
-0.61361761700496
-0.62011400625779
-0.62621331754528
-0.63190494714245
-0.63722227614768
-0.64217466655405
-0.64672279449439
-0.65087294702984
-0.65464680972152
-0.65806074991378
-0.66113544557033
-0.66386695884123
-0.66624510257486
-0.66826858041547
-0.6699422237376
-0.67129055097965
-0.67233302076117
-0.67304390763946
-0.67339603681868
-0.67342026451183
-0.67316821099286
-0.67263022470354
-0.67176397786228
-0.67058779281
-0.66913442473074
-0.667377890464
-0.66530684040336
-0.66295182019428
-0.66031740761034
-0.65740964448015
-0.65422795975793
-0.65074467801975
-0.6469766671666
-0.64295654956775
-0.63866159974503
-0.63407659345863
-0.62924437652932
-0.62416690011306
-0.61881787498626
-0.61321831622029
-0.60735620153072
-0.60121253164923
-0.5948167898029
-0.5881067975873
-0.58118225362309
-0.57413923112467
-0.56678098899268
-0.55923166660968
-0.55133473084218
-0.54297035487375
-0.53468249494102
-0.52619500392155
-0.51723688524389
-0.50808602586071
-0.49860868716047
-0.48893801449709
-0.47920885943475
-0.46928671583906
-0.45917184141593
-0.44873166802177
-0.43783439203514
-0.42661425924133
-0.41520461601622
-0.40360543144296
-0.39194810908486
-0.38023204349012
-0.36819389135084
-0.35570323540709
-0.34289205030269
-0.33002000519572
-0.31695625102592
-0.30344544313006
-0.29026642055802
-0.2790944571553
-0.27082120142809
-0.26439884735641
-0.25840242542109
-0.2525708060271
-0.24689737749129
-0.24137853091923
-0.23614286205061
-0.23093800520075
-0.22550739995794
-0.2202268209565
-0.21535028119382
-0.21037187217429
-0.20529074903154
-0.20061474192783
-0.19608669409041
-0.19144818608052
-0.18695561081711
-0.18260986054374
-0.1782835791117
-0.17397443657483
-0.16980408230642
-0.16577526146872
-0.16176307618673
-0.15789061240723
-0.15403189364768
-0.15018606904232
-0.14660304544929
-0.14303177635086
-0.13946971033504
-0.13604320727636
-0.13263029644186
-0.12935149771505
-0.12620445039245
-0.12318828961143
-0.12030424162846
-0.11730687465046
-0.11419250072078
-0.11120728354819
-0.10847456092525
-0.10586969376467
-0.10339729464125
-0.10105694304586
-0.09859387191645
-0.09600796009117
-0.09355140409298
-0.09134893498415
-0.0892748237411
-0.08720002940217
-0.08512433957178
-0.08305282588674
-0.08111014259855
-0.07941730045719
-0.07772249827642
-0.07590245750285
-0.07420837404513
-0.072762934638
-0.07144111166859
-0.06999689080487
-0.0685530370127
-0.06723231567954
-0.06591168459844
-0.064836609287
-0.06400692467371
-0.06293131998833
-0.06173251396859
-0.06089977444271
-0.06018744914687
-0.05935517610641
-0.05864842839256
-0.05806189682504
-0.05747101911217
-0.05687750150749
-0.05640936820337
-0.05618944463794
-0.05596686529635
-0.05561704596753
-0.05551032250776
-0.05565204477209
-0.05567361021709
-0.05556971797642
-0.05546149514676
-0.05547376815988
-0.05585811132331
-0.05649176861021
-0.05687539099416
-0.0570088462804
-0.05739018445597
-0.05814301808943
-0.0588977965751
-0.0595295328822
-0.06028158238387
-0.06115766226612
-0.06203626244387
-0.06291572049189
-0.06391995368859
-0.06504920900195
-0.06617999757487
-0.06756055206092
-0.06906718744626
-0.07032802646117
-0.07171556230264
-0.07335603118495
-0.07487521541776
-0.07639237068046
-0.07816207813414
-0.08006571855104
-0.0819719827353
-0.08387928271801
-0.0859182667974
-0.08821638314758
-0.09052215573385
-0.09258164485686
-0.09477102721951
-0.09734183135372
-0.09979418150441
-0.10213203802373
-0.10472756206022
-0.10682267557778
-0.10753767538088
-0.1075002555591
-0.10771960045331
-0.10794269882385
-0.10778414635933
-0.10775060024273
-0.10797461527895
-0.10807549410235
-0.10805113707116
-0.10802850985583
-0.10800762254083
-0.10798848558238
-0.10809935421899
-0.10834058725784
-0.10845588894212
-0.10844493452103
-0.10843580997364
-0.10842852764218
-0.10842309997533
-0.10854906292425
-0.1088068184384
-0.10880762336181
-0.10855071465363
-0.10855537540363
-0.10882242155505
-0.10896173073619
-0.10897291782689
-0.10898422533647
-0.108995659832
-0.10901290652126
-0.10916782770901
-0.10945522358721
-0.10947749577267
-0.10923563345704
-0.10926406474756
-0.10956376564052
-0.1097297851402
-0.10976165413881
-0.10979766721369
-0.10983785552501
-0.10987255639341
-0.10983365894419
-0.10956667296298
-0.10892335020309
-0.10783208152437
-0.10628716100233
-0.10438118488227
-0.10245413905427
-0.10056431603719
-0.09852861465547
-0.09677475741258
-0.0952798443544
-0.09357704969283
-0.09202824979391
-0.09061537489825
-0.08891995817717
-0.0873535162015
-0.08591977080416
-0.08420384942799
-0.08261965178078
-0.08130641922089
-0.07970558296087
-0.07781604281115
-0.07606015449502
-0.07443639656117
-0.07294405272393
-0.07144658104884
-0.06966195456941
-0.06800920881858
-0.06648804142132
-0.06467803476643
-0.06286226932512
-0.06118061992631
-0.05948930069898
-0.05778827870728
-0.0560816848766
-0.05422563621914
-0.05235952995514
-0.05077134303141
-0.04903308223088
-0.04714290065025
-0.04553220686009
-0.04377054529616
-0.04171237116743
-0.03979102372151
-0.03800703118682
-0.03635963294365
-0.03470243295272
-0.03274609391994
-0.03078146236728
-0.02880553361055
-0.0268233994018
-0.02513085613432
-0.02327971739597
-0.02112133155956
-0.01925387464971
-0.01752899201996
-0.01549751765961
-0.01345533552435
-0.01140155132904
-0.00934133387677
-0.00757560375274
-0.00564841620976
-0.00340854292679
-0.00146451393231
3.36794086816625E-4
0.00260468405792
0.00487948765753
0.00670417774313
0.00853715924584
0.01084035392558
0.01423168262098
0.01886674224391
0.02413931906868
0.02959262471763
0.0349137983384
0.04010233307963
0.04531464163923
0.05055304621575
0.05566145651144
0.06047841310513
0.06515868532132
0.06986017219958
0.07458520014966
0.07933385053705
0.08394372551196
0.0882560137575
0.09243176748438
0.09662843803419
0.10084158337503
0.10491403516889
0.10868770423859
0.11247622062968
0.11644141987136
0.12010498143762
0.12345893211539
0.12698656177996
0.13053598075344
0.13377742277142
0.13686423065133
0.13996660257295
0.14292396677622
0.14572891305219
0.14854345494575
0.15120836936665
0.15372535841796
0.15608832024916
0.15845687796739
0.1609975157911
0.16305247355109
0.16478562240117
0.16685708621282
0.16877229749589
0.17036490884326
0.17196119125551
0.17339613555891
0.17483907753187
0.17628447645311
0.17739901495685
0.17852000896489
0.17947063916594
0.17991499215196
0.18036490825595
0.18115467301392
0.18194605938217
0.18223058345585
0.18234252223041
0.1824528114043
0.1822215755901
0.18198570309962
0.18191875965282
0.18167722798455
0.18108289134668
0.18031360575438
0.17954357754894
0.17876583309873
0.17780841595891
0.17649834648646
0.1750035282519
0.17367512165078
0.17251609289269
0.17099558304534
0.1689358972418
0.16669083991681
0.16461262494758
0.16269489827099
0.16040864042788
0.15775941773274
0.15509578803171
0.1522389804363
0.14954870601037
0.1479169620529
0.14753209708195
0.14786516823256
0.14837603513609
0.1490688106944
0.14994655248232
0.15064327991371
0.15134018513666
0.15222080831535
0.1529217431228
0.15344228824319
0.15396634189497
0.15467758662129
0.15557202935165
0.156285054516
0.15681831433616
0.15735040157089
0.15806918173617
0.1589777594916
0.15970079403986
0.16023756798162
0.16077558509396
0.16150455492954
0.16242522348364
0.1629705037471
0.16332736340277
0.16425283533985
0.16518273399113
0.16554587684179
0.16609990154046
0.16703713192154
0.16778450787583
0.16834129281803
0.16880371952279
0.16919059891754
0.16981098850517
0.17064666428924
0.17138619139099
0.17203160450171
0.172681221698
0.1733108380304
0.17390093845327
0.17449505305213
0.17515166235185
0.1758271742901
0.17644348416157
0.17704195506661
0.17766407240189
0.17827058843638
0.17887636773381
0.17950111059181
0.18011017582988
0.18072337660236
0.18135568369335
0.18194984282623
0.18250812587292
0.18310546811014
0.18374204478634
0.18434019432279
0.18489976534525
0.18548342002898
0.18607099686858
0.18663747035363
0.18722574879456
0.18783835616059
0.18842980717732
0.18897957880273
0.18953326647509
0.19011128994309
0.19066782056095
0.19122341040016
0.19180105290481
0.19236200795598
0.19290619697567
0.19344930804712
0.19401218714755
0.19459983784762
0.19514972618094
0.19565677607712
0.19618604725293
0.19671904202502
0.19722988416305
0.19776064225564
0.19831387540063
0.19884983353811
0.19934717158103
0.19986458355547
0.20042586357802
0.2009269413201
0.20138405927145
0.20190408442105
0.20244683801659
0.20295043888193
0.2034361997104
0.20392061421678
0.20440369571933
0.20488793246481
0.20537581845096
0.20586735891687
0.20636256469871
0.20688631816602
0.20747633739761
0.20819221165797
0.20910017870681
0.21017810382808
0.21134924723254
0.21257528899316
0.21382819908758
0.21503123166385
0.21612985137514
0.21715615404931
0.21817480500145
0.21920589883244
0.22021709158079
0.22120576144336
0.22219177883322
0.22317762806287
0.22416078184876
0.22514623488761
0.22613896645923
0.22712891527821
0.22809067194444
0.22903165230933
0.22999505112519
0.23095289646666
0.23186419339414
0.23277733796833
0.23373597353843
0.2346964972676
0.23561000715957
0.23652024241481
0.23745540889004
0.23836893922152
0.23925569211614
0.24013638196468
0.24103953786436
0.24194669390314
0.24280571719745
0.24365853876549
0.2445337331262
0.24541279097879
0.2462693844625
0.24710088198841
0.2479522533876
0.24879715037379
0.24961677189221
0.25046388867748
0.25128544987156
0.25205488449648
0.25287325900779
0.25371403419508
0.25449988317707
0.25525977423688
0.25602278504949
0.25678385105723
0.25756482221686
0.25837079062228
0.25912602591717
0.25982782794506
0.26057897769708
0.26135250839556
0.26204768889233
0.26274317281415
0.26348560531082
0.26417132428495
0.26485477868669
0.26559039590818
0.26627399149318
0.26692780173824
0.267606429052
0.26825751965529
0.26887596542196
0.26949165635639
0.27013470556868
0.27080015443342
0.2714352514796
0.27204489557744
0.27265165447887
0.27325301210409
0.27382856103754
0.27437569594579
0.27494262968883
0.27553441146048
0.27612317764936
0.27667834892831
0.27717919447774
0.27768171206525
0.27823217868383
0.27877688218369
0.27926932803694
0.27975837212504
0.28026726223001
0.28074933616912
0.28122794773307
0.28172399561064
0.28216456533968
0.28255441996915
0.28296648133615
0.28339834413218
0.28385512802691
0.28430819847157
0.2846764321377
0.28504327258752
0.2854586590386
0.28581257287496
0.28616259257309
0.28656626544057
0.28691309845909
0.28722699170918
0.28756564866288
0.28787359597868
0.28814829819708
0.28844778441522
0.28876966046099
0.28905573958843
0.28931083107112
0.28956641744693
0.2898175923616
0.29006191060267
0.29030422768439
0.29051512991521
0.29071910375956
0.29094791495224
0.29111809622665
0.29128127998535
0.2914939435397
0.29164773871769
0.29177212761205
0.29194612385473
0.29211300192423
0.29222064584395
0.29229614823296
0.29236910378189
0.29246450975583
0.29257764221509
0.29265850131393
0.2927117829216
0.29276006071001
0.29280094112462
0.29281157162405
0.29278948714681
0.29278750748943
0.2928104493658
0.29282833823484
0.29286658229566
0.29303888417523
0.29342920589208
0.29395715338984
0.29450939574608
0.29508372147344
0.29568254178647
0.29624997536794
0.29681631734073
0.29740717087589
0.29796179322663
0.29848480132238
0.29900884436204
0.29952921344008
0.30004356302216
0.3005847867032
0.30115290794021
0.30166077626004
0.30213428794901
0.30265602400155
0.30317170377678
0.30365758153165
0.30411577055371
0.30457006130546
0.30507509593235
0.30555000188986
0.30596619304049
0.30643549044921
0.30695571612417
0.30741022975151
0.30780120994754
0.30821906645374
0.30863733273081
0.30902274613418
0.3094304962862
0.30986514291559
0.31029793046058
0.31069545489859
0.3110576661856
0.3114467727641
0.31183160318895
0.31218100478214
0.31255510123443
0.31292267541427
0.31325695869283
0.31362040669936
0.31397948945913
0.31427378593243
0.31456584929892
0.31491175263094
0.31525103794214
0.31552750711336
0.31579949514667
0.31609837281535
0.31639274844226
0.31670976535745
0.31699294548841
0.3171835509
0.31740103524321
0.31770203160939
0.31799632322912
0.31822720875685
0.31845349105616
0.31870673115341
0.31892582232988
0.31910858106596
0.3192887257299
0.3194937042754
0.31972143347685
0.31991697778675
0.32007816623409
0.32023245877245
0.32038196629562
0.3205245958839
0.32066244163423
0.32079965622532
0.32096180957969
0.3211468574725
0.32126961415963
0.32132791892947
0.32143890122266
0.3216067520985
0.32171005858651
0.32174669632782
0.32181032496261
0.32189892834935
0.32197858473764
0.32202340741078
0.32203739118164
0.32210638390205
0.32219842038996
0.32219552283546
0.32218768967806
0.32226700185473
0.32231132096295
0.32225848539724
0.32220261268325
0.32220388291868
0.32222830807949
0.3222137189119
0.32216403914091
0.32214151539631
0.32211400698902
0.32202307236882
0.32192710985622
0.32188269180563
0.32182179696161
0.32168565768238
0.32147258496631
0.3211457137502
0.32074029526028
0.32032748853094
0.3198835750843
0.31938982032177
0.31889136457168
0.3184466076526
0.31805334631896
0.31764496482499
0.31723859241053
0.31685898020416
0.31644907098747
0.3160374164535
0.31565075100701
0.31523193496331
0.31478460380707
0.31433549033199
0.31391326994292
0.31352161708513
0.31309773487784
0.31260926943235
0.31209029719424
0.31163239537508
0.31123380162096
0.31080113528207
0.31033262918488
0.30986064682167
0.3093887429934
0.30891865427126
0.30844683037327
0.30797152083826
0.30749624071265
0.30701923725947
0.30653877564592
0.30602765213691
0.30548582644217
0.30497292026145
0.30448725128363
0.30399646658702
0.30347328054391
0.30292106909222
0.30239787654004
0.30187126696879
0.30131387867229
0.30078555424954
0.30025217490991
0.29968633837836
0.29915296428804
0.2986487233289
0.2981103289324
0.297510224983
0.29691004964475
0.29636986112237
0.295857227286
0.29530881811402
0.29469699784136
0.29405584373062
0.29344389419742
0.29288889579296
0.29233227972925
0.29171536824312
0.29106583783625
0.29044399542387
0.28988559680107
0.28932712535323
0.28870032348137
0.28803932801746
0.28737981666097
0.28675121822216
0.28618146897294
0.28557599347978
0.28487582464527
0.28420816699324
0.28360098481382
0.28295809240908
0.2822825580094
0.28160846573951
0.28093426514735
0.28028804373242
0.27966835037844
0.27898636936729
0.27824503139635
0.27756283458868
0.27693835364535
0.276251506529
0.27550078100278
0.27480787452215
0.27417578619043
0.27348274618504
0.27272578617413
0.27199556402114
0.27129502351075
0.27059585865158
0.26986536930622
0.26910209539218
0.26836707818626
0.26766035924044
0.26695356633955
0.26621401480744
0.26543889096699
0.26469356362808
0.26394955144196
0.26317276923476
0.26242440512066
0.26167594876198
0.26089472058696
0.26014196422479
0.25938775975762
0.25856946078109
0.25775106422011
0.25699389049641
0.25623392882198
0.25544254577283
0.25464973262317
0.25382278364
0.25299575030784
0.25219866995889
0.25139886240114
0.25062907189407
0.24982650739937
0.24892965949253
0.24809423416866
0.24735036779147
0.24651218387217
0.24560978691555
0.24479902463447
0.24401963897347
0.243144586698
0.2422027419894
0.24135393767814
0.24060073692862
0.23975309149409
0.23880845243342
0.23792418387025
0.2371028208955
0.23624868796494
0.23536054239947
0.23447112229602
0.23358043622114
0.23268971099227
0.23179772096532
0.23087173336159
0.22994450535997
0.22907909448281
0.22821366609656
0.22731548926238
0.22641489686117
0.2256404902666
0.22511732829342
0.22471811843515
0.2243506343386
0.22401370247427
0.22364303223157
0.22323980492776
0.22286715992327
0.22252626029605
0.22215279197973
0.22177718754264
0.2214321969503
0.22105464890476
0.22064567095602
0.22023570740563
0.21982363035524
0.21944331748718
0.21912637515443
0.21880734865572
0.2183903004084
0.21794069867814
0.21758723256524
0.21723281410116
0.21681310215948
0.21642517387161
0.21603630048849
0.21564540632764
0.21528630496712
0.21489463466115
0.21446931767675
0.21407579655928
0.21371300406917
0.21331552618057
0.21291716234276
0.21252001270411
0.21209029744052
0.21172195283894
0.21135375538867
0.21088966956802
0.2104553173874
0.21011611454321
0.20977603196697
0.20937070496103
0.20893384868449
0.20849611248018
0.20805648764772
0.20764868336556
0.20730337592913
0.20692353506796
0.2064478126418
0.20600491757735
0.20565622592334
0.20530570572793
0.20486026582156
0.20438229571313
0.20399758197736
0.203644699216
0.20322760675052
0.20277703415716
0.20232659879892
0.20190703729709
0.20151740421498
0.20109621533617
0.20067421888484
0.20028217462008
0.19985857286303
0.19940247791751
0.1989437415973
0.19851593411808
0.19815258828538
0.19775676387742
0.19726415891531
0.19680338744402
0.19640523717464
0.19600541769626
0.19560484498107
0.19517182718732
0.19473894562355
0.19433700531946
0.19390173918044
0.19343491735116
0.19296822280458
0.19249991024834
0.19206168826697
0.19168698201253
0.19131154624702
0.19087030272487
0.19039667517194
0.18992404847375
0.18945071367045
0.18900751444435
0.18862698471742
0.18821408272489
0.1877062812042
0.18722946824653
0.18684617269858
0.18646301168419
0.18601662864254
0.18553707408144
0.18505684454487
0.18461560468953
0.18422752186734
0.18384306342403
0.18350178419935
0.18323435854405
0.18296552879476
0.18270594557736
0.18246834656602
0.18218183722056
0.18184673711935
0.1814965440379
0.181166964866
0.18086273172202
0.1805229432352
0.18018149893798
0.17986925680307
0.17952076170159
0.17916913847003
0.17884600691652
0.1784874684686
0.17809503098674
0.17770028833061
0.1773333403011
0.17702573674571
0.17671582547313
0.17630902956619
0.17586773648609
0.17551732694772
0.17519476947619
0.17480698197885
0.17438481346489
0.1739584063297
0.17356131098867
0.17319487835043
0.17279346394711
0.17238852208445
0.17201354147056
0.17160368038011
0.17118969189884
0.17080500971493
0.17038623550625
0.1699640801183
0.16957123572913
0.16914439728693
0.16868296302026
0.16821959220593
0.16778554237651
0.16737951805883
0.16693903668861
0.166497247865
0.16608475710757
0.16566783214211
0.16524838384338
0.16476601380095
0.16424944234295
0.16382262305977
0.16342510161042
0.16296355848602
0.1624679756078
0.16199993490962
0.16156062763349
0.16108918718837
0.16061602337539
0.16017156187062
0.15969387993682
0.15918247020957
0.15869922965599
0.1582458494721
0.15775998671623
0.15727026560616
0.1568092717871
0.15631704288758
0.15579140595517
0.15529340556911
0.15482467892429
0.15432323050859
0.15381924084666
0.1533445116495
0.1528371987881
0.15232742133736
0.15184688963374
0.15133443305891
0.15081958049155
0.15033291980595
0.14981498488403
0.14926532221988
0.14874285313722
0.14824908501452
0.14772471596551
0.14719812529336
0.14669922360606
0.14616886630136
0.14560712074472
0.14507358442264
0.14456776165053
0.14403021305504
0.14349208318252
0.14298307537522
0.1424424659191
0.1418853527562
0.14135642182349
0.14083162734744
0.14029134885032
0.13974716068986
0.13920328289356
0.13865512055052
0.13810701426361
0.13756316452108
0.13701719478004
0.13647044388028
0.13592250747226
0.13536703833827
0.13481086638738
0.13425655546269
0.13370073596545
0.13314427301714
0.13259012842743
0.13203748980563
0.13147754940557
0.13091156257012
0.13035090818716
0.12979399510505
0.12923324196135
0.12866985824619
0.12810521826746
0.12753896692562
0.12697230210161
0.12640485976237
0.12583628248743
0.12527025676292
0.12470678889429
0.12413681593442
0.123562903653
0.12299377828222
0.12242151861908
0.12184613431489
0.12127558540867
0.1207041342356
0.12013250378925
0.11956323785211
0.11898741049434
0.1184057558584
0.11782973692012
0.11725901130139
0.11668502881322
0.11610749062282
0.1155292855606
0.11495393308383
0.114381116574
0.11380204001503
0.11321739093857
0.11263848874461
0.11206470092508
0.11148759440797
0.11091093872362
0.11033444567521
0.10975130726758
0.10917087937368
0.10859687694556
0.10801971582176
0.10743913770502
0.10686163193842
0.10628691525021
0.10570640134189
0.10512070894507
0.10454092057186
0.10396950059762
0.10339515111259
0.10281241078546
0.10223286532301
0.10165926628878
0.10108285346422
0.10050366492059
0.09992500306069
0.09934933642795
0.09877641332522
0.09819863503493
0.09761873475786
0.09704729692211
0.09647891442375
0.09590525689493
0.09532882269791
0.09475308412809
0.09417854015766
0.09360422254945
0.09303258273923
0.09246435934936
0.0918942289233
0.0913246289319
0.09075801010039
0.09018645022368
0.08961308565909
0.0890482714141
0.08848387615907
0.0879124717901
0.08734459793855
0.08678527694368
0.08622643199362
0.08566026474585
0.08508986520151
0.08452566578768
0.08397003657586
0.0834149827195
0.08285535656736
0.08229419463901
0.08173410095588
0.0811772524169
0.0806236624692
0.08006861286847
0.07951448117878
0.07896364872124
0.07841141619167
0.07785780373375
0.07730518681516
0.07675610493634
0.07621038299185
0.07566281224223
0.07511647523501
0.0745742555701
0.07403042492054
0.0734848385652
0.07294304499992
0.07240504273501
0.07186568969462
0.07132731685053
0.07079242668486
0.07025642061206
0.06971915579392
0.06918541125373
0.06865796312762
0.06813190202531
0.06759975572303
0.06706629096961
0.06654126798316
0.06601770590291
0.06549075271854
0.0649699533629
0.06445034531073
0.06392711802794
0.06341020672935
0.06289482236255
0.06237588922232
0.0618629863973
0.06135164724359
0.060836976424
0.06032834422891
0.05982366320933
0.05931584669835
0.05880714880681
0.05830189322204
0.05779749442379
0.05728346762819
0.05675664959712
0.05621761203522
0.0556625739521
0.05509779904012
0.05453610001166
0.05398050888861
0.05342932621718
0.05288496899962
0.0523488781967
0.05182120985249
0.05130220423348
0.05078664494588
0.05026972524225
0.04975573533922
0.04924714510101
0.04873962945511
0.04823518200625
0.04773591504581
0.04723965620189
0.046746377018
0.04625393193412
0.04576441274053
0.04527991422354
0.04479828471238
0.0443193952018
0.04384112371823
0.04336585042553
0.04289783617175
0.04243244945297
0.04196529205741
0.04149874512917
0.04103705227528
0.04058225155447
0.04013005872705
0.03967602482341
0.03922231465507
0.03877341481828
0.03833161753026
0.03789239557338
0.03745107544705
0.0370121179038
0.03658004031139
0.03615036019871
0.03571862793266
0.03528926191956
0.03486453610113
0.03444001738327
0.0340176290332
0.03360181667386
0.0331885019013
0.032773051985
0.03235957382652
0.03195263808154
0.03154795315015
0.03114117352746
0.03073661088936
0.03033624625365
0.02993782228377
0.02954353811409
0.02915146336189
0.02875738283985
0.02836320176392
0.02797293877479
0.02758876138477
0.02720866214293
0.02682846209305
0.02644619318494
0.02606584359094
0.02568935828712
0.02531273726231
0.02493798632318
0.02456919217869
0.02420423460915
0.02383893348759
0.0234714190815
0.02310583032875
0.02274401805174
0.02238389154593
0.02202749046149
0.02167280931436
0.02131592809723
0.02096074270326
0.02061112923684
0.02026317617435
0.01991489276795
0.01956830716196
0.01922138191831
0.01887795853671
0.01854004290283
0.0181997293271
0.01785902559919
0.01752195195278
0.01718647535378
0.01685439685998
0.01652563856531
0.01619643326051
0.01586496637435
0.0155349741104
0.01521023472379
0.0148869969132
0.01456129453059
0.01423690179864
0.0139178627391
0.01361556912993
0.01337166834857
0.01321806278235
0.01312581571958
0.01304931511729
0.01297331887002
0.01289582416256
0.01281672413783
0.01274167381578
0.01266900095289
0.01259112464896
0.01251357364716
0.01244207717859
0.0123690797916
0.01229446910203
0.01222395333583
0.01215204338511
0.01207682463789
0.01200562348955
0.01193837496486
0.01186776954502
0.01179386758391
0.01172400342576
0.01165821372808
0.01158907762967
0.01151655279927
0.0114480327343
0.01138350403241
0.01131751450935
0.01125001696012
0.01118279157822
0.01111588579614
0.01104929709842
0.01098307160603
0.01091715787002
0.01085326241071
0.01079147524361
0.01072827612764
0.0106635710924
0.01059911831363
0.01053675640399
0.01047647797314
0.01041473932057
0.01035328143854
0.01029384584251
0.01023290455912
0.01017041475118
0.01010820806202
0.01004814608436
0.00999017494696
0.00993065362001
0.00987130645581
0.00981399258969
0.00975526550081
0.00969684039368
0.00964038960272
0.00958234914339
0.00952456170996
0.00946886843604
0.00941342118236
0.00935817469369
0.00930147162277
0.00924496866235
0.00919036622689
0.00913608682564
0.00908386036032
0.00903186399633
0.00897654896529
0.00892138299602
0.0088682622694
0.00881540997381
0.00876446072008
0.00871377336139
0.00865986782644
0.00860610271389
0.00855598732544
0.00850616763989
0.00845488722464
0.00840377940537
0.00835280350808
0.00830373891545
0.00825492111683
0.00820460594958
0.00815622981829
0.00810805555233
0.00805834620188
0.008010526079
0.00796290374065
0.00791382581899
0.00786662641967
0.00782126183446
0.00777440305281
0.00772605270827
0.00767960526073
0.00763334517148
0.00758552003648
0.00754121893661
0.00749884062069
0.00745163524115
0.00740456961649
0.00736267340231
0.00731928722811
0.00727278719824
0.00722977456531
0.00718855116519
0.00714253185989
0.0070966808015
0.00705598661462
0.00701380633769
0.00697010131484
0.00692984785109
0.0068880756871
0.00684317839594
0.00680015333839
0.00676056034073
0.00672271765396
0.00668179031979
0.00663771489274
0.00659535810221
0.00655651384288
0.00651950859603
0.00647929297705
0.00643756337502
0.0063992925297
0.00635954575498
0.00631825344386
0.006280339049
0.00624263076715
0.00620505538888
0.00616916019015
0.00613021202628
0.00608828180737
0.00604963841165
0.0060142424155
0.00597903771527
0.00594399032075
0.00590583785784
0.00586624699062
0.00583157720848
0.00579696905486
0.00575770087642
0.00572018400279
0.00568756455137
0.00565509256743
0.0056194650321
0.00558149384901
0.00554109292862
0.00549822570477
0.00545223099073
0.00540152616279
0.00534716251311
0.00528992151458
0.00523357675195
0.00518067204741
0.00512815254159
0.00507729052463
0.00503065990984
0.00498455445108
0.00493558512618
0.0048852909308
0.00483680379178
0.00479165156287
0.00474669542961
0.00470045482778
0.00465449139461
0.00460714956169
0.00455995750204
0.00451606281738
0.00447398551984
0.00443060025881
0.00438422809339
0.00433798429279
0.00429509729296
0.00425241644973
0.00420826332536
0.00416427958992
0.00412054805035
0.00407853105264
0.00403664061273
0.00399331794778
0.00395169659229
0.00391182937329
0.00387054679244
0.00382781680745
0.00378674188376
0.00374579358323
0.003703472203
0.00366282154353
0.00362225636156
0.00358022026282
0.00353984278518
0.0035011767232
0.00346258026132
0.00342402130134
0.00338402803097
0.00334259589071
0.00330435228653
0.00326774031744
0.00322654079946
0.00318385609818
0.00314590023665
0.00311111720112
0.00307328229432
0.00303238970076
0.00299465994874
0.00295853306232
0.00291933367893
0.00288017198407
0.00284260218641
0.00280506287011
0.00276754960357
0.00273162114184
0.00269568377032
0.00265660698572
0.00261759497389
0.00258017907229
0.0025427086213
0.00250523516142
0.00246935230677
0.00243505817729
0.00239760954109
0.00235694152381
0.00231939236197
0.00228499071513
0.00224898491875
0.00221136762784
0.00217370784189
0.00213758332665
0.0021029924282
0.00206673988326
0.00202884613494
0.00199094285895
0.0019545596846
0.00191966722653
0.001883081523
0.00184641837138
0.0018113212968
0.00177293934839
0.00173283350324
0.00169739787381
0.00166343379571
0.00162618494417
0.00158724148666
0.0015497844576
0.00151381296131
0.00147609818316
0.00143827840647
0.00140358567061
0.00136869636994
0.00133035759702
0.00129026142341
0.00125165459026
0.00121614333508
0.00117882565333
0.00113805726143
0.00110037998268
0.00106412300397
0.00102600333441
9.87739968117255E-4
9.47670379748733E-4
9.07353936296408E-4
8.70070407811606E-4
8.3419842151349E-4
7.96496877403906E-4
7.55279867705047E-4
7.13751398883842E-4
6.73573118942419E-4
6.33160128242702E-4
5.94192316481683E-4
5.54978633236682E-4
5.13797847057706E-4
4.73961095025453E-4
4.33824987046796E-4
3.91716245995263E-4
3.50998576578771E-4
3.09956471170623E-4
2.66874595971214E-4
2.25170275003596E-4
1.83114914457856E-4
1.38949316569652E-4
9.61466202774728E-5
5.30263059637433E-5
7.78466171543189E-6
-3.61402926189024E-5
-7.8750034769662E-5
-1.21791709875235E-4
-1.65181038649843E-4
-2.10698894171364E-4
-2.58492648722989E-4
-3.05037078550388E-4
-3.52024777158987E-4
-3.99419381851321E-4
-4.43684867515944E-4
-4.90301309822345E-4
-5.41085239226251E-4
-5.90564546225941E-4
-6.3874057931579E-4
-6.87456523693792E-4
-7.3672568090254E-4
-7.88400589044941E-4
-8.42507780774494E-4
-8.93572661647379E-4
-9.41585213426767E-4
-9.93852633738247E-4
-0.00105041546689
-0.00110394563971
-0.00115446765625
-0.00120946354359
-0.00126887383995
-0.00132516107844
-0.00137841901348
-0.00143439184633
-0.00149500683554
-0.00155829296149
-0.00161847553509
-0.00167568744411
-0.00173575204775
-0.001798597794
-0.00186033299217
-0.00192096228109
-0.00198648434243
-0.0020550291726
-0.00212058235009
-0.002187110509
-0.00225461096771
-0.0023231750075
-0.00239701500859
-0.00246993549104
-0.00253978985345
-0.00261082169937
-0.00268310021201
-0.0027585949954
-0.00283735648651
-0.0029175109183
-0.00299696408969
-0.00307560768391
-0.00315553179551
-0.00323681219055
-0.00332178686925
-0.00340833214584
-0.0034941977
-0.0035837424936
-0.00367707399346
-0.00376995739973
-0.00386016697936
-0.00395205085409
-0.004050164933
-0.00415240557439
-0.00425428782892
-0.00435352228862
-0.00445472486439
-0.00456259586677
-0.00467257518873
-0.00478001930297
-0.00488966253033
-0.00500637900851
-0.00512550291165
-0.00524218006232
-0.00536127114304
-0.00548773152286
-0.00561677953013
-0.00574369438556
-0.00587347741675
-0.00600848621551
-0.00614378034442
-0.00628219752688
-0.00642636832096
-0.00657103919708
-0.00671895298697
-0.00687302669905
-0.00702795495038
-0.00718632382911
-0.00735377656435
-0.00752516796987
-0.00769242374784
-0.0078609687223
-0.00804182894191
-0.00822699255704
-0.00840826071094
-0.00859698005925
-0.00879610560727
-0.00899714803347
-0.00920329200202
-0.00941766678669
-0.00963458927962
-0.00985412190752
-0.01007923144208
-0.0103133999
-0.0105569599053
-0.01080064790223
-0.01104773381038
-0.01130787058814
-0.0115750539199
-0.01184636742909
-0.01212441176187
-0.01240717557961
-0.01267839130292
-0.01291737650781
-0.01312321900708
-0.01329746654542
-0.01344586795204
-0.01358492402747
-0.01372214041263
-0.01386597799616
-0.01402860457451
-0.01420880186608
-0.01440239987447
-0.01460111861264
-0.0147956325617
-0.01499321256515
-0.01519746784326
-0.0154046227294
-0.01561096431657
-0.01582035099156
-0.01604057311609
-0.01625992359211
-0.0164745811505
-0.01669646163963
-0.01692546975903
-0.01715783099788
-0.01738952092593
-0.0176202678552
-0.01785844438497
-0.0181044243412
-0.01834975133122
-0.0185941366223
-0.01884631119496
-0.01910202926283
-0.01936175432872
-0.01963461295242
-0.01990649404101
-0.02016793664759
-0.02043306643591
-0.02071182812199
-0.02099448202947
-0.02127603049521
-0.02156663258598
-0.02186111557
-0.02215461796157
-0.02245781085681
-0.02276519915533
-0.02307126774002
-0.02338686695941
-0.02370696882838
-0.02402079797529
-0.02433913458247
-0.02466739545513
-0.02499997109155
-0.02534256800984
-0.02568980907564
-0.02603015371605
-0.02637491379013
-0.02673658574086
-0.02709731583904
-0.02745014773816
-0.02781997868106
-0.02820113576705
-0.02858084663805
-0.02896557176473
-0.02934916886577
-0.02973780917005
-0.03013787361715
-0.03054338322774
-0.03095414517546
-0.03136267804254
-0.0317764543529
-0.03220297622114
-0.03262789628883
-0.03305056826641
-0.03348522920937
-0.03393260279619
-0.03437815955688
-0.03482892615908
-0.03529276102436
-0.0357549136699
-0.03621465641983
-0.03667934608805
-0.03715779858293
-0.03764991571763
-0.03813877743477
-0.0386248240426
-0.03911682470347
-0.03962283565267
-0.04014237946812
-0.04065883549259
-0.04117270806995
-0.04169189173583
-0.0422156371499
-0.04274464705121
-0.04327966849415
-0.04381993714479
-0.04436504035811
-0.04491532387662
-0.04548025397955
-0.04606044228284
-0.04662638057381
-0.0471771374514
-0.04775352708379
-0.04835554383882
-0.04894128158032
-0.0495110828666
-0.05009589057675
-0.05070596562485
-0.05133189459066
-0.05194128896724
-0.05253254001313
-0.05313847193487
-0.05374799070202
-0.05434894644379
-0.05497712512265
-0.05563351158477
-0.05626959163331
-0.0568852297611
-0.05751607488288
-0.05816104707095
-0.05880896481771
-0.05944780562808
-0.06007650150963
-0.06071960235247
-0.06137649998979
-0.06202158780204
-0.0626549729831
-0.06330234937889
-0.06395024328162
-0.06458592579386
-0.06523601862748
-0.06589984111067
-0.06656451948295
-0.06721388094033
-0.06783037832285
-0.06844488149074
-0.06908942795036
-0.0697474995763
-0.07038589420967
-0.07100549825101
-0.0716395368783
-0.07226966587902
-0.07286061842215
-0.07344633877707
-0.0740620398366
-0.07467201512631
-0.07525783081161
-0.07583771993462
-0.0764101815276
-0.07699084620508
-0.07754473711459
-0.07805499290601
-0.07859225753249
-0.07913553469879
-0.07964837293802
-0.08015080409081
-0.08062372021465
-0.08108372948547
-0.08154850989471
-0.08200050097795
-0.0824378181086
-0.08283771577065
-0.08322260068598
-0.08361110206752
-0.08397948719029
-0.08432959066202
-0.0846400136032
-0.08490683121334
-0.08517440870196
-0.08544384140128
-0.08566830420994
-0.08587121977058
-0.08606133094886
-0.08618290532435
-0.08624410548996
-0.08626506957761
-0.08624874294237
-0.08620202144567
-0.08612494751508
-0.08601842688198
-0.0858783415964
-0.08570218004867
-0.08549256471734
-0.08525042824022
-0.08497148785842
-0.08465592570364
-0.08430665012853
-0.08392394465835
-0.08350071007988
-0.08302879473012
-0.0825194210636
-0.08197662642138
-0.08139045291711
-0.08076225393887
-0.08009261341387
-0.07937983963815
-0.07862420119949
-0.07782354880046
-0.07697823233575
-0.07608942327041
-0.07515506183777
-0.07417621027798
-0.07315422458794
-0.0720812500195
-0.07095841784976
-0.0697970973852
-0.06859181909112
-0.06733547052663
-0.06603510054182
-0.06468829647757
-0.06329029051462
-0.06184513876658
-0.06035126901151
-0.05881383962382
-0.05723561940021
-0.05560529029546
-0.05392907052634
-0.05221586346007
-0.0504543275126
-0.04864579651043
-0.04680026270759
-0.04491157085839
-0.04297621683911
-0.04099917847755
-0.03898559076789
-0.03693558905033
-0.0348466530944
-0.03271622479293
-0.03054253790547
-0.02833662530837
-0.02610249638873
-0.02383507169681
-0.02153487012937
-0.01920402456847
-0.0168454946618
-0.01445916956244
-0.01205236691806
-0.00962454953684
-0.007167058109
-0.00468732319499
-0.00218777892632
3.31990705668596E-4
0.00286062558812
0.00539787957244
0.00795154425236
0.01052196420157
0.01310512126668
0.01568566977704
0.01826385575674
0.02083416133727
0.02324829039517
0.02518972655069
0.02634884091885
0.02658278334734
0.02590324740201
0.02449065641518
0.02276674997531
0.02115800156297
0.01983058748821
0.01879827110746
0.01802785858294
0.01741828737525
0.0168607242846
0.01630739857714
0.01575685952664
0.01520213792497
0.01463926434019
0.01407790531645
0.01351104710868
0.01293938652483
0.01237264389892
0.01179992306009
0.01122191955418
0.01064839753223
0.01006839905102
0.00948261946611
0.00890086984027
0.00831126101302
0.00771054840401
0.0071142430023
0.00651911727384
0.0059092168014
0.00529048670164
0.00467149444539
0.00404497627377
0.00341298006481
0.00278016293421
0.00213919211434
0.00149212534087
8.43644856169732E-4
1.8634422792872E-4
-4.8179077215079E-4
-0.0011528685143
-0.00182210222264
-0.00249788102523
-0.00319190891712
-0.0039004050708
-0.00461307413924
-0.00533342835015
-0.0060649872826
-0.00679727830436
-0.00753384357634
-0.00829091105911
-0.00906221740989
-0.00983446386258
-0.01061552957792
-0.011416127466
-0.01222372266014
-0.01302906761977
-0.0138497572084
-0.01469398722211
-0.01555354625048
-0.01642632437179
-0.01730734611568
-0.01819605962037
-0.01910360288865
-0.02002951973921
-0.02096890772521
-0.02192407656454
-0.02289914749692
-0.02389373231295
-0.02489642300281
-0.02590763531234
-0.02694544405741
-0.02800579293273
-0.02907905660691
-0.03017904234852
-0.03130355825628
-0.03244568974389
-0.03360984971449
-0.03479089893037
-0.0359934401177
-0.03722304741804
-0.03847752688553
-0.0397666939202
-0.04108551957086
-0.04241466093908
-0.04375972251086
-0.04514316296416
-0.04657292548143
-0.04803759718097
-0.04953142891879
-0.05105225599109
-0.05260019644144
-0.05418641514285
-0.05580803227242
-0.05746181141156
-0.05916433571003
-0.06091660946578
-0.0626990634578
-0.06451293529379
-0.06638090007616
-0.06830462881067
-0.070269868703
-0.07228347207673
-0.07435235520485
-0.07646723171367
-0.07863578541919
-0.08086628731332
-0.08314840776816
-0.08548972034948
-0.08790610450406
-0.0903872930486
-0.09292744817445
-0.09554244988208
-0.09823022573193
-0.10098669917434
-0.10382631646095
-0.10675214184768
-0.10976206979911
-0.11285263245514
-0.1160259192837
-0.11930568202687
-0.12269709981197
-0.12618315821414
-0.12976717779979
-0.13346081183746
-0.1372757817009
-0.14121760732646
-0.14527683327798
-0.14946465935715
-0.15379383693798
-0.15825652357537
-0.16286563038838
-0.16764224838868
-0.17257918414973
-0.17767494918945
-0.18295128516434
-0.18841013603745
-0.19405320287747
-0.19990255703622
-0.20595811882576
-0.21222347490012
-0.21873483753337
-0.22550267132295
-0.23250225415665
-0.23974417878534
-0.24727913047834
-0.25512296248722
-0.26326056640021
-0.2717157395156
-0.28051602082564
-0.28965801457551
-0.29915856812921
-0.30904863147817
-0.31935939628517
-0.33012173406319
-0.34134792880612
-0.35304461500038
-0.36522884363653
-0.37794609900464
-0.39124824298058
-0.40516041236977
-0.41969236303801
-0.4348792327844
-0.45080008643201
-0.46748386497322
-0.48493687882188
-0.50323588884393
-0.52244479957399
-0.54260573723744
-0.56378240037762
-0.58605325075815
-0.60948780760482
-0.63413650120797
-0.6600949485988
-0.68746546105016
-0.71631709025305
-0.74677061269443
-0.77895382346799
-0.81295465930725
-0.84892436412404
-0.88704913185366
-0.92747038905259
-0.97034296681607
-1.01583953625582
-1.06414706790263
-1.11553556727407
-1.17031709890271
-1.22874809086073
-1.29105260684085
-1.35756429477983
-1.42873937771826
-1.50499123601002
-1.58668542509652
-1.67434860949363
-1.76864559569111
-1.87013415465548
-1.97943348342098
-2.09743888439731
-2.22509192239818
-2.36329939720149
-2.51312676084704
-2.67589368540091
-2.853051252234
-3.04622132355244
-3.25733861292185
-3.48849132289306
-3.74208091397066
-4.02102192410772
-4.32854399584484
-4.6682846576391
-5.04444121995581
-5.46199398791606
-5.92705137714543
-6.44677770013964
-7.02972685299227
-7.68633675431637
-8.42901391323183
-9.27252037746979
-10.23361261765596
-11.33052274359745
-12.58497311110394
-14.02495828376909
-15.68665006555574
-17.62152206303185
-19.90609819181761
-22.64308195858943
-25.9615568939388
-30.02211407656309
-34.99457250571649
-41.01822362443905
-48.22702662039266
-56.81224420520752
-67.08435002130045
-79.84191483820879
-97.09972987544892
-122.58642874690921
-162.48305477947031
-227.52624007511292
-333.78890939978351
-498.38659088769651
-729.85686484219275
-1000.1609325675788
-1184.8110423730584
-1081.092869625038
-636.24854320298618
-83.16412935989719
295.29414758895206
401.92401215183077
309.63842973230078
150.00320193670984
15.01174629791986
-67.60006373033019
-97.04504086963439
-80.6729059027207
-40.40026471195525
-1.71177367401872
22.71867474608205
30.86971686452167
25.6429775455736
14.13928218703762
3.48783550687998
-3.15457876747845
-5.36948546738091
-3.89559359147495
-0.63671694228396
2.41529059373725
4.34924674482543
5.03895136608357
4.69604179562287
3.86180313254009
3.08755819879606
2.62308762555777
2.50813537292594
2.67887086714126
2.98845289549791
3.28642331781028
3.49561132486973
3.60945063424226
3.64720520567489
3.64349343293838
3.64172409276515
3.66513477329534
3.7175404609511
3.79413843420195
3.88213018306304
3.96980553187857
4.05239040159259
4.12541035699528
4.18914998608869
4.25473156649976
4.32266852679876
4.38978436728667
4.46387631623953
4.54112293877336
4.6125322883454
4.68602037484009
4.76973222485626
4.85335314453752
4.92806043248701
5.0001391635814
5.07914581053769
5.16465588050767
5.2420122031442
5.3160778482016
5.40683241489088
5.4993782458012
5.5784937762302
5.65932669010524
5.74178297911421
5.82603976774014
5.92279045786656
6.01610940368856
6.10056859999758
6.18680293489969
6.27486062197056
6.37049313885965
6.46813127804222
6.5621600664876
6.65820491585711
6.75637915015539
6.85669216541528
6.95307911984473
7.05170683790104
7.15863756477962
7.2616265171839
7.36062343168911
7.46180566670509
7.56521706503565
7.6775262322791
7.79898694472455
7.90971768047729
8.00947518944106
8.11835234915866
8.23656118974423
8.3575102856984
8.47409378838416
8.58617395654746
8.70076294792971
8.81798149425865
8.94546171059892
9.0758073240386
9.20163589639556
9.33041246006358
9.45425421044527
9.58112567809225
9.71900866410207
9.85192835530494
9.98817185732983
10.13603276094888
10.27892749386144
10.41672336032197
10.55780685154376
10.70232576883793
10.85036486417708
10.99277665390363
11.12946230384452
11.28839554459444
11.46055094249766
11.61783743489102
11.77927524533696
11.94455452895879
12.10404697137141
12.27789378455022
12.45601175222422
12.61763611042357
12.7835209339583
12.96437728523048
13.13877390394625
13.31786210174544
13.51289553029259
13.70146868390026
13.89526136366453
14.10606045299928
14.31041799893906
14.50813439811196
14.69843660671323
14.89399782625861
15.12062394733347
15.34001594791787
15.53901618860814
15.75703255795103
15.99479227136986
16.23933711963232
16.47644408012526
16.69111284036102
16.92694693062327
17.1992682491251
17.44860275100615
17.69013784518841
17.95417216237724
18.22596239586863
18.50592636849463
18.77716696390027
19.0569657502342
19.36245822423335
19.64110201887019
19.89205703505452
20.18759230225834
20.52946506262411
20.86293461775003
21.18768602145521
21.52273328560133
21.86851067534303
22.20409545635412
22.52911682119552
22.88638394993095
23.25455866214718
23.6123898140503
24.00555674603965
24.411204206026
24.78173865457586
25.16501924192986
25.61215386326343
26.07453716557024
26.49995852978447
26.94084630743003
27.4249156494415
27.86783776096621
28.29773402089878
28.83380038094505
29.38827480467704
29.86895200258847
30.36764975866987
30.91711228268664
31.48747119290138
32.07997827882925
32.6958831285158
33.2980290731588
33.88572639721741
34.53619280441115
35.25338954869569
35.95854018388493
36.60581164836793
37.32597211960542
38.16738743335684
38.95005045855049
39.72054193069633
40.52106906506151
41.30453295300656
42.23259340663387
43.19921061238435
44.03809146746424
44.97079050069412
46.0883417636689
47.20268795563287
48.26064412746031
49.36365352397775
50.54195849383761
51.78077953218281
53.06010122373458
54.37444889553031
55.7593013943074
57.21000152657274
58.70414944117522
60.27305394490331
61.94224621975695
63.67753662354143
65.47235955463138
67.376671630665
69.39987302781594
71.51388930294377
73.72466456052484
76.06892502817919
78.55776379182309
81.17140676456393
83.92120277581114
86.87311035316441
90.06821900688982
93.45124097798882
97.02016243439167
100.8602345941554
104.97356574050124
109.39647862115035
114.22242275918597
119.47626309408224
125.18351091914786
131.36180333827843
138.07571109016774
145.43850326815559
153.60712362809517
162.77745226896954
173.00255073455517
184.50430909621835
197.60078178559559
212.4458880061602
229.55195754261274
249.58115669476538
273.21354919998157
301.72475043812324
336.76347167429941
380.24028805458101
435.56331320377166
509.28138333959839
612.87744096653364
767.89392437353126
731.18032877014593
600.53020386642766