0 0.12
0.01 0.12
0.02 0.12
0.03 0.12
0.04 0.12
0.05 0.12
0.06 0.12
0.07 0.12
0.08 0.12
0.09 0.12
0.1 0.12
0.11 0.12
0.12 0.12
0.13 0.12
0.14 0.12
0.15 0.12
0.16 0.12
0.17 0.12
0.18 0.12
0.19 0.12
0.2 0.12
0.21 0.12
0.22 0.12
0.23 0.12
0.24 0.12
0.25 0.12
0.26 0.12
0.27 0.12
0.28 0.12
0.29 0.12
0.3 0.12
0.31 0.12
0.32 0.12
0.33 0.12
0.34 0.12
0.35 0.12
0.36 0.12
0.37 0.12
0.38 0.12
0.39 0.12
0.4 0.12
0.41 0.12
0.42 0.12
0.43 0.12
0.44 0.12
0.45 0.12
0.46 0.12
0.47 0.12
0.48 0.12
0.49 0.12
0.5 0.12
0.51 0.12
0.52 0.12
0.53 0.12
0.54 0.12
0.55 0.12
0.56 0.12
0.57 0.12
0.58 0.12
0.59 0.12
0.6 0.12
0.61 0.12
0.62 0.12
0.63 0.12
0.64 0.12
0.65 0.12
0.66 0.12
0.67 0.12
0.68 0.12
0.69 0.12
0.7 0.12
0.71 0.12
0.72 0.12
0.73 0.12
0.74 0.12
0.75 0.12
0.76 0.12
0.77 0.12
0.78 0.12
0.79 0.12
0.8 0.12
0.81 0.12
0.82 0.12
0.83 0.12
0.84 0.12
0.85 0.12
0.86 0.12
0.87 0.12
0.88 0.12
0.89 0.12
0.9 0.12
0.91 0.12
0.92 0.12
0.93 0.12
0.94 0.12
0.95 0.12
0.96 0.12
0.97 0.12
0.98 0.12
0.99 0.12
1 0.12
0 0.12
0.01 0.12
0.02 0.12
0.03 0.12
0.04 0.12
0.05 0.12
0.06 0.12
0.07 0.12
0.08 0.12
0.09 0.12
0.1 0.12
0.11 0.12
0.12 0.12
0.13 0.12
0.14 0.12
0.15 0.12
0.16 0.12
0.17 0.12
0.18 0.12
0.19 0.12
0.2 0.12
0.21 0.12
0.22 0.12
0.23 0.12
0.24 0.12
0.25 0.12
0.26 0.12
0.27 0.12
0.28 0.12
0.29 0.12
0.3 0.12
0.31 0.12
0.32 0.12
0.33 0.12
0.34 0.12
0.35 0.12
0.36 0.12
0.37 0.12
0.38 0.12
0.39 0.12
0.4 0.12
0.41 0.12
0.42 0.12
0.43 0.12
0.44 0.12
0.45 0.12
0.46 0.12
0.47 0.12
0.48 0.12
0.49 0.12
0.5 0.12
0.51 0.12
0.52 0.12
0.53 0.12
0.54 0.12
0.55 0.12
0.56 0.12
0.57 0.12
0.58 0.12
0.59 0.12
0.6 0.12
0.61 0.12
0.62 0.12
0.63 0.12
0.64 0.12
0.65 0.12
0.66 0.12
0.67 0.12
0.68 0.12
0.69 0.12
0.7 0.12
0.71 0.12
0.72 0.12
0.73 0.12
0.74 0.12
0.75 0.12
0.76 0.12
0.77 0.12
0.78 0.12
0.79 0.12
0.8 0.12
0.81 0.12
0.82 0.12
0.83 0.12
0.84 0.12
0.85 0.12
0.86 0.12
0.87 0.12
0.88 0.12
0.89 0.12
0.9 0.12
0.91 0.12
0.92 0.12
0.93 0.12
0.94 0.12
0.95 0.12
0.96 0.12
0.97 0.12
0.98 0.12
0.99 0.12
1 0.12
0 0.12
0.01 0.12
0.02 0.12
0.03 0.12
0.04 0.12
0.05 0.12
0.06 0.12
0.07 0.12
0.08 0.12
0.09 0.12
0.1 0.12
0.11 0.12
0.12 0.12
0.13 0.12
0.14 0.12
0.15 0.12
0.16 0.12
0.17 0.12
0.18 0.12
0.19 0.12
0.2 0.12
0.21 0.12
0.22 0.12
0.23 0.12
0.24 0.12
0.25 0.12
0.26 0.12
0.27 0.12
0.28 0.12
0.29 0.12
0.3 0.12
0.31 0.12
0.32 0.12
0.33 0.12
0.34 0.12
0.35 0.12
0.36 0.12
0.37 0.12
0.38 0.12
0.39 0.12
0.4 0.12
0.41 0.12
0.42 0.12
0.43 0.12
0.44 0.12
0.45 0.12
0.46 0.12
0.47 0.12
0.48 0.12
0.49 0.12
0.5 0.12
0.51 0.12
0.52 0.12
0.53 0.12
0.54 0.12
0.55 0.12
0.56 0.12
0.57 0.12
0.58 0.12
0.59 0.12
0.6 0.12
0.61 0.12
0.62 0.12
0.63 0.12
0.64 0.12
0.65 0.12
0.66 0.12
0.67 0.12
0.68 0.12
0.69 0.12
0.7 0.12
0.71 0.12
0.72 0.12
0.73 0.12
0.74 0.12
0.75 0.12
0.76 0.12
0.77 0.12
0.78 0.12
0.79 0.12
0.8 0.12
0.81 0.12
0.82 0.12
0.83 0.12
0.84 0.12
0.85 0.12
0.86 0.12
0.87 0.12
0.88 0.12
0.89 0.12
0.9 0.12
0.91 0.12
0.92 0.12
0.93 0.12
0.94 0.12
0.95 0.12
0.96 0.12
0.97 0.12
0.98 0.12
0.99 0.12
1 0.12
0 0.12
0.01 0.12
0.02 0.12
0.03 0.12
0.04 0.12
0.05 0.12
0.06 0.12
0.07 0.12
0.08 0.12
0.09 0.12
0.1 0.12
0.11 0.12
0.12 0.12
0.13 0.12
0.14 0.12
0.15 0.12
0.16 0.12
0.17 0.12
0.18 0.12
0.19 0.12
0.2 0.12
0.21 0.12
0.22 0.12
0.23 0.12
0.24 0.12
0.25 0.12
0.26 0.12
0.27 0.12
0.28 0.12
0.29 0.12
0.3 0.12
0.31 0.12
0.32 0.12
0.33 0.12
0.34 0.12
0.35 0.12
0.36 0.12
0.37 0.12
0.38 0.12
0.39 0.12
0.4 0.12
0.41 0.12
0.42 0.12
0.43 0.12
0.44 0.12
0.45 0.12
0.46 0.12
0.47 0.12
0.48 0.12
0.49 0.12
0.5 0.12
0.51 0.12
0.52 0.12
0.53 0.12
0.54 0.12
0.55 0.12
0.56 0.12
0.57 0.12
0.58 0.12
0.59 0.12
0.6 0.12
0.61 0.12
0.62 0.12
0.63 0.12
0.64 0.12
0.65 0.12
0.66 0.12
0.67 0.12
0.68 0.12
0.69 0.12
0.7 0.12
0.71 0.12
0.72 0.12
0.73 0.12
0.74 0.12
0.75 0.12
0.76 0.12
0.77 0.12
0.78 0.12
0.79 0.12
0.8 0.12
0.81 0.12
0.82 0.12
0.83 0.12
0.84 0.12
0.85 0.12
0.86 0.12
0.87 0.12
0.88 0.12
0.89 0.12
0.9 0.12
0.91 0.12
0.92 0.12
0.93 0.12
0.94 0.12
0.95 0.12
0.96 0.12
0.97 0.12
0.98 0.12
0.99 0.12
1 0.12
0 0.12
0.01 0.12
0.02 0.12
0.03 0.12
0.04 0.12
0.05 0.12
0.06 0.12
0.07 0.12
0.08 0.12
0.09 0.12
0.1 0.12
0.11 0.12
0.12 0.12
0.13 0.12
0.14 0.12
0.15 0.12
0.16 0.12
0.17 0.12
0.18 0.12
0.19 0.12
0.2 0.12
0.21 0.12
0.22 0.12
0.23 0.12
0.24 0.12
0.25 0.12
0.26 0.12
0.27 0.12
0.28 0.12
0.29 0.12
0.3 0.12
0.31 0.12
0.32 0.12
0.33 0.12
0.34 0.12
0.35 0.12
0.36 0.12
0.37 0.12
0.38 0.12
0.39 0.12
0.4 0.12
0.41 0.12
0.42 0.12
0.43 0.12
0.44 0.12
0.45 0.12
0.46 0.12
0.47 0.12
0.48 0.12
0.49 0.12
0.5 0.12
0.51 0.12
0.52 0.12
0.53 0.12
0.54 0.12
0.55 0.12
0.56 0.12
0.57 0.12
0.58 0.12
0.59 0.12
0.6 0.12
0.61 0.12
0.62 0.12
0.63 0.12
0.64 0.12
0.65 0.12
0.66 0.12
0.67 0.12
0.68 0.12
0.69 0.12
0.7 0.12
0.71 0.12
0.72 0.12
0.73 0.12
0.74 0.12
0.75 0.12
0.76 0.12
0.77 0.12
0.78 0.12
0.79 0.12
0.8 0.12
0.81 0.12
0.82 0.12
0.83 0.12
0.84 0.12
0.85 0.12
0.86 0.12
0.87 0.12
0.88 0.12
0.89 0.12
0.9 0.12
0.91 0.12
0.92 0.12
0.93 0.12
0.94 0.12
0.95 0.12
0.96 0.12
0.97 0.12
0.98 0.12
0.99 0.12
1 0.12
0 0.12
0.01 0.12
0.02 0.12
0.03 0.12
0.04 0.12
0.05 0.12
0.06 0.12
0.07 0.12
0.08 0.12
0.09 0.12
0.1 0.12
0.11 0.12
0.12 0.12
0.13 0.12
0.14 0.12
0.15 0.12
0.16 0.12
0.17 0.12
0.18 0.12
0.19 0.12
0.2 0.12
0.21 0.12
0.22 0.12
0.23 0.12
0.24 0.12
0.25 0.12
0.26 0.12
0.27 0.12
0.28 0.12
0.29 0.12
0.3 0.12
0.31 0.12
0.32 0.12
0.33 0.12
0.34 0.12
0.35 0.12
0.36 0.12
0.37 0.12
0.38 0.12
0.39 0.12
0.4 0.12
0.41 0.12
0.42 0.12
0.43 0.12
0.44 0.12
0.45 0.12
0.46 0.12
0.47 0.12
0.48 0.12
0.49 0.12
0.5 0.12
0.51 0.12
0.52 0.12
0.53 0.12
0.54 0.12
0.55 0.12
0.56 0.12
0.57 0.12
0.58 0.12
0.59 0.12
0.6 0.12
0.61 0.12
0.62 0.12
0.63 0.12
0.64 0.12
0.65 0.12
0.66 0.12
0.67 0.12
0.68 0.12
0.69 0.12
0.7 0.12
0.71 0.12
0.72 0.12
0.73 0.12
0.74 0.12
0.75 0.12
0.76 0.12
0.77 0.12
0.78 0.12
0.79 0.12
0.8 0.12
0.81 0.12
0.82 0.12
0.83 0.12
0.84 0.12
0.85 0.12
0.86 0.12
0.87 0.12
0.88 0.12
0.89 0.12
0.9 0.12
0.91 0.12
0.92 0.12
0.93 0.12
0.94 0.12
0.95 0.12
0.96 0.12
0.97 0.12
0.98 0.12
0.99 0.12
1 0.12
0 0.12
0.01 0.12
0.02 0.12
0.03 0.12
0.04 0.12
0.05 0.12
0.06 0.12
0.07 0.12
0.08 0.12
0.09 0.12
0.1 0.12
0.11 0.12
0.12 0.12
0.13 0.12
0.14 0.12
0.15 0.12
0.16 0.12
0.17 0.12
0.18 0.12
0.19 0.12
0.2 0.12
0.21 0.12
0.22 0.12
0.23 0.12
0.24 0.12
0.25 0.12
0.26 0.12
0.27 0.12
0.28 0.12
0.29 0.12
0.3 0.12
0.31 0.12
0.32 0.12
0.33 0.12
0.34 0.12
0.35 0.12
0.36 0.12
0.37 0.12
0.38 0.12
0.39 0.12
0.4 0.12
0.41 0.12
0.42 0.12
0.43 0.12
0.44 0.12
0.45 0.12
0.46 0.12
0.47 0.12
0.48 0.12
0.49 0.12
0.5 0.12
0.51 0.12
0.52 0.12
0.53 0.12
0.54 0.12
0.55 0.12
0.56 0.12
0.57 0.12
0.58 0.12
0.59 0.12
0.6 0.12
0.61 0.12
0.62 0.12
0.63 0.12
0.64 0.12
0.65 0.12
0.66 0.12
0.67 0.12
0.68 0.12
0.69 0.12
0.7 0.12
0.71 0.12
0.72 0.12
0.73 0.12
0.74 0.12
0.75 0.12
0.76 0.12
0.77 0.12
0.78 0.12
0.79 0.12
0.8 0.12
0.81 0.12
0.82 0.12
0.83 0.12
0.84 0.12
0.85 0.12
0.86 0.12
0.87 0.12
0.88 0.12
0.89 0.12
0.9 0.12
0.91 0.12
0.92 0.12
0.93 0.12
0.94 0.12
0.95 0.12
0.96 0.12
0.97 0.12
0.98 0.12
0.99 0.12
1 0.12
0 0.12
0.01 0.12
0.02 0.12
0.03 0.12
0.04 0.12
0.05 0.12
0.06 0.12
0.07 0.12
0.08 0.12
0.09 0.12
0.1 0.12
0.11 0.120001
0.12 0.120001
0.13 0.120001
0.14 0.120001
0.15 0.120001
0.16 0.120001
0.17 0.120001
0.18 0.120001
0.19 0.120001
0.2 0.120002
0.21 0.120002
0.22 0.120002
0.23 0.120002
0.24 0.120002
0.25 0.120002
0.26 0.120003
0.27 0.120003
0.28 0.120003
0.29 0.120003
0.3 0.120003
0.31 0.120003
0.32 0.120003
0.33 0.120004
0.34 0.120004
0.35 0.120004
0.36 0.120004
0.37 0.120004
0.38 0.120004
0.39 0.120005
0.4 0.120005
0.41 0.120005
0.42 0.120005
0.43 0.120005
0.44 0.120005
0.45 0.120006
0.46 0.120006
0.47 0.120006
0.48 0.120006
0.49 0.120006
0.5 0.120006
0.51 0.120006
0.52 0.120006
0.53 0.120007
0.54 0.120007
0.55 0.120007
0.56 0.120007
0.57 0.120007
0.58 0.120007
0.59 0.120007
0.6 0.120007
0.61 0.120007
0.62 0.120007
0.63 0.120007
0.64 0.120007
0.65 0.120007
0.66 0.120007
0.67 0.120007
0.68 0.120007
0.69 0.120007
0.7 0.120007
0.71 0.120007
0.72 0.120007
0.73 0.120007
0.74 0.120007
0.75 0.120007
0.76 0.120007
0.77 0.120007
0.78 0.120007
0.79 0.120007
0.8 0.120006
0.81 0.120006
0.82 0.120006
0.83 0.120006
0.84 0.120006
0.85 0.120005
0.86 0.120005
0.87 0.120005
0.88 0.120005
0.89 0.120004
0.9 0.120004
0.91 0.120004
0.92 0.120003
0.93 0.120003
0.94 0.120003
0.95 0.120002
0.96 0.120002
0.97 0.120001
0.98 0.120001
0.99 0.12
1 0.12
0 0.12
0.01 0.12
0.02 0.119999
0.03 0.119999
0.04 0.119998
0.05 0.119998
0.06 0.119997
0.07 0.119997
0.08 0.119997
0.09 0.119996
0.1 0.119996
0.11 0.119996
0.12 0.119995
0.13 0.119995
0.14 0.119995
0.15 0.119994
0.16 0.119994
0.17 0.119994
0.18 0.119993
0.19 0.119993
0.2 0.119993
0.21 0.119993
0.22 0.119992
0.23 0.119992
0.24 0.119992
0.25 0.119991
0.26 0.119991
0.27 0.119991
0.28 0.119991
0.29 0.11999
0.3 0.11999
0.31 0.11999
0.32 0.119989
0.33 0.119989
0.34 0.119989
0.35 0.119988
0.36 0.119988
0.37 0.119988
0.38 0.119987
0.39 0.119987
0.4 0.119986
0.41 0.119986
0.42 0.119986
0.43 0.119985
0.44 0.119985
0.45 0.119984
0.46 0.119984
0.47 0.119983
0.48 0.119982
0.49 0.119982
0.5 0.119981
0.51 0.119981
0.52 0.11998
0.53 0.119979
0.54 0.119979
0.55 0.119978
0.56 0.119977
0.57 0.119976
0.58 0.119975
0.59 0.119975
0.6 0.119974
0.61 0.119973
0.62 0.119972
0.63 0.119971
0.64 0.11997
0.65 0.119969
0.66 0.119967
0.67 0.119966
0.68 0.119965
0.69 0.119964
0.7 0.119963
0.71 0.119961
0.72 0.11996
0.73 0.119958
0.74 0.119957
0.75 0.119955
0.76 0.119954
0.77 0.119952
0.78 0.119951
0.79 0.119949
0.8 0.119947
0.81 0.119945
0.82 0.119944
0.83 0.119942
0.84 0.11994
0.85 0.119938
0.86 0.119936
0.87 0.119933
0.88 0.119931
0.89 0.119929
0.9 0.119927
0.91 0.119924
0.92 0.119922
0.93 0.119919
0.94 0.119917
0.95 0.119914
0.96 0.119911
0.97 0.119909
0.98 0.119906
0.99 0.119903
1 0.1199
0 0.1199
0.01 0.119897
0.02 0.119894
0.03 0.119891
0.04 0.119888
0.05 0.119885
0.06 0.119883
0.07 0.11988
0.08 0.119877
0.09 0.119874
0.1 0.119872
0.11 0.119869
0.12 0.119866
0.13 0.119864
0.14 0.119861
0.15 0.119858
0.16 0.119855
0.17 0.119853
0.18 0.11985
0.19 0.119847
0.2 0.119845
0.21 0.119842
0.22 0.119839
0.23 0.119837
0.24 0.119834
0.25 0.119831
0.26 0.119828
0.27 0.119826
0.28 0.119823
0.29 0.11982
0.3 0.119817
0.31 0.119814
0.32 0.119811
0.33 0.119808
0.34 0.119805
0.35 0.119802
0.36 0.119799
0.37 0.119796
0.38 0.119793
0.39 0.11979
0.4 0.119786
0.41 0.119783
0.42 0.11978
0.43 0.119776
0.44 0.119773
0.45 0.119769
0.46 0.119765
0.47 0.119762
0.48 0.119758
0.49 0.119754
0.5 0.11975
0.51 0.119746
0.52 0.119742
0.53 0.119738
0.54 0.119733
0.55 0.119729
0.56 0.119724
0.57 0.11972
0.58 0.119715
0.59 0.11971
0.6 0.119706
0.61 0.119701
0.62 0.119696
0.63 0.11969
0.64 0.119685
0.65 0.11968
0.66 0.119674
0.67 0.119668
0.68 0.119663
0.69 0.119657
0.7 0.119651
0.71 0.119645
0.72 0.119638
0.73 0.119632
0.74 0.119625
0.75 0.119619
0.76 0.119612
0.77 0.119605
0.78 0.119598
0.79 0.119591
0.8 0.119583
0.81 0.119576
0.82 0.119568
0.83 0.11956
0.84 0.119552
0.85 0.119544
0.86 0.119535
0.87 0.119527
0.88 0.119518
0.89 0.119509
0.9 0.1195
0.91 0.119491
0.92 0.119482
0.93 0.119472
0.94 0.119462
0.95 0.119453
0.96 0.119442
0.97 0.119432
0.98 0.119422
0.99 0.119411
1 0.1194
0 0.1194
0.01 0.119389
0.02 0.119378
0.03 0.119367
0.04 0.119356
0.05 0.119345
0.06 0.119334
0.07 0.119323
0.08 0.119312
0.09 0.119301
0.1 0.119289
0.11 0.119278
0.12 0.119267
0.13 0.119256
0.14 0.119244
0.15 0.119233
0.16 0.119222
0.17 0.11921
0.18 0.119199
0.19 0.119187
0.2 0.119175
0.21 0.119163
0.22 0.119152
0.23 0.11914
0.24 0.119128
0.25 0.119116
0.26 0.119103
0.27 0.119091
0.28 0.119079
0.29 0.119066
0.3 0.119054
0.31 0.119041
0.32 0.119028
0.33 0.119015
0.34 0.119002
0.35 0.118989
0.36 0.118976
0.37 0.118963
0.38 0.118949
0.39 0.118935
0.4 0.118922
0.41 0.118908
0.42 0.118894
0.43 0.118879
0.44 0.118865
0.45 0.11885
0.46 0.118836
0.47 0.118821
0.48 0.118806
0.49 0.11879
0.5 0.118775
0.51 0.118759
0.52 0.118744
0.53 0.118728
0.54 0.118712
0.55 0.118695
0.56 0.118679
0.57 0.118662
0.58 0.118645
0.59 0.118628
0.6 0.11861
0.61 0.118593
0.62 0.118575
0.63 0.118557
0.64 0.118539
0.65 0.11852
0.66 0.118502
0.67 0.118483
0.68 0.118463
0.69 0.118444
0.7 0.118424
0.71 0.118404
0.72 0.118384
0.73 0.118364
0.74 0.118343
0.75 0.118322
0.76 0.118301
0.77 0.118279
0.78 0.118257
0.79 0.118235
0.8 0.118213
0.81 0.11819
0.82 0.118167
0.83 0.118144
0.84 0.11812
0.85 0.118097
0.86 0.118072
0.87 0.118048
0.88 0.118023
0.89 0.117998
0.9 0.117973
0.91 0.117947
0.92 0.117921
0.93 0.117894
0.94 0.117868
0.95 0.117841
0.96 0.117813
0.97 0.117785
0.98 0.117757
0.99 0.117729
1 0.1177
0 0.1177
0.01 0.117671
0.02 0.117642
0.03 0.117613
0.04 0.117584
0.05 0.117555
0.06 0.117526
0.07 0.117497
0.08 0.117467
0.09 0.117438
0.1 0.117409
0.11 0.117379
0.12 0.11735
0.13 0.11732
0.14 0.117291
0.15 0.117261
0.16 0.117231
0.17 0.117201
0.18 0.117171
0.19 0.117141
0.2 0.11711
0.21 0.11708
0.22 0.117049
0.23 0.117018
0.24 0.116987
0.25 0.116956
0.26 0.116925
0.27 0.116893
0.28 0.116862
0.29 0.11683
0.3 0.116798
0.31 0.116765
0.32 0.116733
0.33 0.1167
0.34 0.116667
0.35 0.116634
0.36 0.1166
0.37 0.116566
0.38 0.116532
0.39 0.116498
0.4 0.116463
0.41 0.116428
0.42 0.116393
0.43 0.116358
0.44 0.116322
0.45 0.116286
0.46 0.116249
0.47 0.116212
0.48 0.116175
0.49 0.116138
0.5 0.1161
0.51 0.116062
0.52 0.116023
0.53 0.115984
0.54 0.115945
0.55 0.115905
0.56 0.115865
0.57 0.115825
0.58 0.115784
0.59 0.115743
0.6 0.115701
0.61 0.115659
0.62 0.115616
0.63 0.115573
0.64 0.115529
0.65 0.115485
0.66 0.115441
0.67 0.115396
0.68 0.115351
0.69 0.115305
0.7 0.115258
0.71 0.115212
0.72 0.115164
0.73 0.115116
0.74 0.115068
0.75 0.115019
0.76 0.114969
0.77 0.114919
0.78 0.114869
0.79 0.114817
0.8 0.114766
0.81 0.114713
0.82 0.11466
0.83 0.114607
0.84 0.114553
0.85 0.114498
0.86 0.114443
0.87 0.114387
0.88 0.11433
0.89 0.114273
0.9 0.114215
0.91 0.114157
0.92 0.114098
0.93 0.114038
0.94 0.113977
0.95 0.113916
0.96 0.113854
0.97 0.113792
0.98 0.113729
0.99 0.113665
1 0.1136
0 0.1136
0.01 0.113535
0.02 0.11347
0.03 0.113404
0.04 0.113339
0.05 0.113273
0.06 0.113207
0.07 0.113141
0.08 0.113074
0.09 0.113008
0.1 0.112941
0.11 0.112874
0.12 0.112806
0.13 0.112739
0.14 0.112671
0.15 0.112603
0.16 0.112534
0.17 0.112465
0.18 0.112396
0.19 0.112327
0.2 0.112257
0.21 0.112187
0.22 0.112116
0.23 0.112045
0.24 0.111974
0.25 0.111902
0.26 0.11183
0.27 0.111758
0.28 0.111685
0.29 0.111612
0.3 0.111538
0.31 0.111464
0.32 0.111389
0.33 0.111314
0.34 0.111238
0.35 0.111162
0.36 0.111086
0.37 0.111009
0.38 0.110931
0.39 0.110853
0.4 0.110774
0.41 0.110695
0.42 0.110615
0.43 0.110535
0.44 0.110454
0.45 0.110373
0.46 0.110291
0.47 0.110208
0.48 0.110125
0.49 0.110041
0.5 0.109956
0.51 0.109871
0.52 0.109785
0.53 0.109699
0.54 0.109611
0.55 0.109524
0.56 0.109435
0.57 0.109346
0.58 0.109256
0.59 0.109165
0.6 0.109074
0.61 0.108981
0.62 0.108888
0.63 0.108795
0.64 0.1087
0.65 0.108605
0.66 0.108509
0.67 0.108412
0.68 0.108314
0.69 0.108216
0.7 0.108117
0.71 0.108016
0.72 0.107915
0.73 0.107813
0.74 0.107711
0.75 0.107607
0.76 0.107502
0.77 0.107397
0.78 0.107291
0.79 0.107183
0.8 0.107075
0.81 0.106966
0.82 0.106856
0.83 0.106745
0.84 0.106633
0.85 0.10652
0.86 0.106406
0.87 0.106291
0.88 0.106175
0.89 0.106058
0.9 0.10594
0.91 0.105821
0.92 0.1057
0.93 0.105579
0.94 0.105457
0.95 0.105333
0.96 0.105209
0.97 0.105083
0.98 0.104957
0.99 0.104829
1 0.1047
0 0.1047
0.01 0.10457
0.02 0.104438
0.03 0.104305
0.04 0.10417
0.05 0.104034
0.06 0.103896
0.07 0.103757
0.08 0.103616
0.09 0.103474
0.1 0.103331
0.11 0.103187
0.12 0.103041
0.13 0.102894
0.14 0.102745
0.15 0.102596
0.16 0.102445
0.17 0.102293
0.18 0.102139
0.19 0.101985
0.2 0.10183
0.21 0.101673
0.22 0.101515
0.23 0.101357
0.24 0.101197
0.25 0.101036
0.26 0.100874
0.27 0.100711
0.28 0.100548
0.29 0.100383
0.3 0.100217
0.31 0.100051
0.32 0.0998836
0.33 0.0997155
0.34 0.0995465
0.35 0.0993768
0.36 0.0992062
0.37 0.0990349
0.38 0.0988629
0.39 0.0986902
0.4 0.0985168
0.41 0.0983427
0.42 0.098168
0.43 0.0979927
0.44 0.0978168
0.45 0.0976403
0.46 0.0974632
0.47 0.0972857
0.48 0.0971076
0.49 0.096929
0.5 0.09675
0.51 0.0965705
0.52 0.0963906
0.53 0.0962104
0.54 0.0960297
0.55 0.0958487
0.56 0.0956674
0.57 0.0954857
0.58 0.0953038
0.59 0.0951216
0.6 0.0949392
0.61 0.0947566
0.62 0.0945737
0.63 0.0943907
0.64 0.0942075
0.65 0.0940242
0.66 0.0938408
0.67 0.0936573
0.68 0.0934738
0.69 0.0932902
0.7 0.0931066
0.71 0.092923
0.72 0.0927394
0.73 0.0925559
0.74 0.0923724
0.75 0.0921891
0.76 0.0920058
0.77 0.0918227
0.78 0.0916397
0.79 0.091457
0.8 0.0912744
0.81 0.0910921
0.82 0.09091
0.83 0.0907281
0.84 0.0905466
0.85 0.0903654
0.86 0.0901845
0.87 0.090004
0.88 0.0898238
0.89 0.0896441
0.9 0.0894648
0.91 0.0892859
0.92 0.0891075
0.93 0.0889296
0.94 0.0887523
0.95 0.0885754
0.96 0.0883991
0.97 0.0882234
0.98 0.0880483
0.99 0.0878738
1 0.0877
0 0.0877
0.01 0.087526
0.02 0.0873511
0.03 0.0871753
0.04 0.0869985
0.05 0.0868209
0.06 0.0866425
0.07 0.0864633
0.08 0.0862833
0.09 0.0861025
0.1 0.085921
0.11 0.0857388
0.12 0.0855559
0.13 0.0853724
0.14 0.0851883
0.15 0.0850036
0.16 0.0848183
0.17 0.0846324
0.18 0.0844461
0.19 0.0842593
0.2 0.084072
0.21 0.0838843
0.22 0.0836962
0.23 0.0835077
0.24 0.0833188
0.25 0.0831297
0.26 0.0829402
0.27 0.0827505
0.28 0.0825605
0.29 0.0823704
0.3 0.08218
0.31 0.0819895
0.32 0.0817988
0.33 0.0816081
0.34 0.0814172
0.35 0.0812263
0.36 0.0810354
0.37 0.0808445
0.38 0.0806536
0.39 0.0804628
0.4 0.080272
0.41 0.0800814
0.42 0.0798909
0.43 0.0797005
0.44 0.0795104
0.45 0.0793204
0.46 0.0791308
0.47 0.0789413
0.48 0.0787522
0.49 0.0785634
0.5 0.078375
0.51 0.0781869
0.52 0.0779993
0.53 0.0778121
0.54 0.0776253
0.55 0.0774391
0.56 0.0772533
0.57 0.0770681
0.58 0.0768835
0.59 0.0766994
0.6 0.076516
0.61 0.0763332
0.62 0.0761511
0.63 0.0759697
0.64 0.0757891
0.65 0.0756092
0.66 0.0754301
0.67 0.0752518
0.68 0.0750743
0.69 0.0748977
0.7 0.074722
0.71 0.0745472
0.72 0.0743734
0.73 0.0742005
0.74 0.0740286
0.75 0.0738578
0.76 0.073688
0.77 0.0735193
0.78 0.0733517
0.79 0.0731853
0.8 0.07302
0.81 0.0728559
0.82 0.072693
0.83 0.0725314
0.84 0.072371
0.85 0.0722119
0.86 0.0720542
0.87 0.0718978
0.88 0.0717428
0.89 0.0715892
0.9 0.071437
0.91 0.0712863
0.92 0.0711371
0.93 0.0709893
0.94 0.0708432
0.95 0.0706986
0.96 0.0705556
0.97 0.0704142
0.98 0.0702744
0.99 0.0701364
1 0.07
0 0.07
0.01 0.0698651
0.02 0.0697314
0.03 0.0695989
0.04 0.0694675
0.05 0.0693373
0.06 0.0692082
0.07 0.0690803
0.08 0.0689535
0.09 0.0688278
0.1 0.0687032
0.11 0.0685796
0.12 0.0684572
0.13 0.0683358
0.14 0.0682155
0.15 0.0680963
0.16 0.067978
0.17 0.0678608
0.18 0.0677446
0.19 0.0676294
0.2 0.0675152
0.21 0.067402
0.22 0.0672897
0.23 0.0671784
0.24 0.067068
0.25 0.0669586
0.26 0.0668501
0.27 0.0667425
0.28 0.0666358
0.29 0.06653
0.3 0.0664251
0.31 0.066321
0.32 0.0662178
0.33 0.0661154
0.34 0.0660139
0.35 0.0659132
0.36 0.0658133
0.37 0.0657142
0.38 0.0656159
0.39 0.0655184
0.4 0.0654216
0.41 0.0653256
0.42 0.0652303
0.43 0.0651358
0.44 0.065042
0.45 0.0649489
0.46 0.0648565
0.47 0.0647648
0.48 0.0646738
0.49 0.0645834
0.5 0.0644938
0.51 0.0644047
0.52 0.0643163
0.53 0.0642285
0.54 0.0641413
0.55 0.0640547
0.56 0.0639687
0.57 0.0638833
0.58 0.0637984
0.59 0.0637141
0.6 0.0636304
0.61 0.0635472
0.62 0.0634645
0.63 0.0633823
0.64 0.0633006
0.65 0.0632194
0.66 0.0631387
0.67 0.0630585
0.68 0.0629787
0.69 0.0628994
0.7 0.0628205
0.71 0.062742
0.72 0.0626639
0.73 0.0625862
0.74 0.0625089
0.75 0.062432
0.76 0.0623555
0.77 0.0622793
0.78 0.0622035
0.79 0.062128
0.8 0.0620528
0.81 0.0619779
0.82 0.0619034
0.83 0.0618291
0.84 0.0617551
0.85 0.0616814
0.86 0.0616079
0.87 0.0615347
0.88 0.0614617
0.89 0.0613889
0.9 0.0613164
0.91 0.061244
0.92 0.0611718
0.93 0.0610998
0.94 0.061028
0.95 0.0609564
0.96 0.0608848
0.97 0.0608135
0.98 0.0607422
0.99 0.060671
1 0.0606
0 0.0606
0.01 0.0605294
0.02 0.0604597
0.03 0.0603909
0.04 0.0603229
0.05 0.0602557
0.06 0.0601894
0.07 0.0601238
0.08 0.0600591
0.09 0.0599951
0.1 0.0599319
0.11 0.0598694
0.12 0.0598077
0.13 0.0597467
0.14 0.0596865
0.15 0.0596269
0.16 0.059568
0.17 0.0595098
0.18 0.0594523
0.19 0.0593954
0.2 0.0593392
0.21 0.0592836
0.22 0.0592286
0.23 0.0591742
0.24 0.0591204
0.25 0.0590672
0.26 0.0590145
0.27 0.0589624
0.28 0.0589109
0.29 0.0588598
0.3 0.0588093
0.31 0.0587593
0.32 0.0587097
0.33 0.0586607
0.34 0.0586121
0.35 0.058564
0.36 0.0585163
0.37 0.058469
0.38 0.0584221
0.39 0.0583757
0.4 0.0583296
0.41 0.0582839
0.42 0.0582386
0.43 0.0581936
0.44 0.058149
0.45 0.0581046
0.46 0.0580606
0.47 0.0580169
0.48 0.0579735
0.49 0.0579304
0.5 0.0578875
0.51 0.0578449
0.52 0.0578025
0.53 0.0577603
0.54 0.0577184
0.55 0.0576766
0.56 0.057635
0.57 0.0575937
0.58 0.0575524
0.59 0.0575113
0.6 0.0574704
0.61 0.0574296
0.62 0.0573889
0.63 0.0573483
0.64 0.0573077
0.65 0.0572673
0.66 0.0572269
0.67 0.0571866
0.68 0.0571463
0.69 0.057106
0.7 0.0570657
0.71 0.0570254
0.72 0.0569851
0.73 0.0569448
0.74 0.0569045
0.75 0.0568641
0.76 0.0568236
0.77 0.056783
0.78 0.0567424
0.79 0.0567017
0.8 0.0566608
0.81 0.0566198
0.82 0.0565787
0.83 0.0565374
0.84 0.056496
0.85 0.0564543
0.86 0.0564125
0.87 0.0563705
0.88 0.0563283
0.89 0.0562858
0.9 0.0562431
0.91 0.0562001
0.92 0.0561569
0.93 0.0561134
0.94 0.0560696
0.95 0.0560255
0.96 0.0559811
0.97 0.0559363
0.98 0.0558913
0.99 0.0558458
1 0.0558
0 0.0558
0.01 0.055754
0.02 0.0557081
0.03 0.0556623
0.04 0.0556165
0.05 0.0555707
0.06 0.0555251
0.07 0.0554794
0.08 0.0554339
0.09 0.0553884
0.1 0.0553429
0.11 0.0552975
0.12 0.0552521
0.13 0.0552069
0.14 0.0551616
0.15 0.0551164
0.16 0.0550713
0.17 0.0550262
0.18 0.0549811
0.19 0.0549361
0.2 0.0548912
0.21 0.0548463
0.22 0.0548015
0.23 0.0547567
0.24 0.0547119
0.25 0.0546672
0.26 0.0546225
0.27 0.0545779
0.28 0.0545333
0.29 0.0544888
0.3 0.0544443
0.31 0.0543999
0.32 0.0543554
0.33 0.0543111
0.34 0.0542667
0.35 0.0542225
0.36 0.0541782
0.37 0.054134
0.38 0.0540898
0.39 0.0540457
0.4 0.0540016
0.41 0.0539575
0.42 0.0539135
0.43 0.0538695
0.44 0.0538256
0.45 0.0537816
0.46 0.0537377
0.47 0.0536939
0.48 0.0536501
0.49 0.0536063
0.5 0.0535625
0.51 0.0535188
0.52 0.0534751
0.53 0.0534314
0.54 0.0533877
0.55 0.0533441
0.56 0.0533005
0.57 0.053257
0.58 0.0532134
0.59 0.0531699
0.6 0.0531264
0.61 0.0530829
0.62 0.0530395
0.63 0.0529961
0.64 0.0529527
0.65 0.0529093
0.66 0.0528659
0.67 0.0528226
0.68 0.0527793
0.69 0.052736
0.7 0.0526927
0.71 0.0526494
0.72 0.0526062
0.73 0.052563
0.74 0.0525198
0.75 0.0524766
0.76 0.0524334
0.77 0.0523902
0.78 0.0523471
0.79 0.0523039
0.8 0.0522608
0.81 0.0522177
0.82 0.0521746
0.83 0.0521315
0.84 0.0520884
0.85 0.0520453
0.86 0.0520023
0.87 0.0519592
0.88 0.0519162
0.89 0.0518731
0.9 0.0518301
0.91 0.0517871
0.92 0.0517441
0.93 0.051701
0.94 0.051658
0.95 0.051615
0.96 0.051572
0.97 0.051529
0.98 0.051486
0.99 0.051443
1 0.0514
0 0.0514
0.01 0.051357
0.02 0.051314
0.03 0.0512711
0.04 0.0512282
0.05 0.0511853
0.06 0.0511424
0.07 0.0510995
0.08 0.0510566
0.09 0.0510138
0.1 0.050971
0.11 0.0509282
0.12 0.0508854
0.13 0.0508427
0.14 0.0508
0.15 0.0507573
0.16 0.0507146
0.17 0.0506719
0.18 0.0506292
0.19 0.0505866
0.2 0.050544
0.21 0.0505014
0.22 0.0504588
0.23 0.0504163
0.24 0.0503738
0.25 0.0503313
0.26 0.0502888
0.27 0.0502463
0.28 0.0502038
0.29 0.0501614
0.3 0.050119
0.31 0.0500766
0.32 0.0500342
0.33 0.0499919
0.34 0.0499496
0.35 0.0499073
0.36 0.049865
0.37 0.0498227
0.38 0.0497804
0.39 0.0497382
0.4 0.049696
0.41 0.0496538
0.42 0.0496116
0.43 0.0495695
0.44 0.0495274
0.45 0.0494853
0.46 0.0494432
0.47 0.0494011
0.48 0.049359
0.49 0.049317
0.5 0.049275
0.51 0.049233
0.52 0.049191
0.53 0.0491491
0.54 0.0491072
0.55 0.0490653
0.56 0.0490234
0.57 0.0489815
0.58 0.0489396
0.59 0.0488978
0.6 0.048856
0.61 0.0488142
0.62 0.0487724
0.63 0.0487307
0.64 0.048689
0.65 0.0486473
0.66 0.0486056
0.67 0.0485639
0.68 0.0485222
0.69 0.0484806
0.7 0.048439
0.71 0.0483974
0.72 0.0483558
0.73 0.0483143
0.74 0.0482728
0.75 0.0482313
0.76 0.0481898
0.77 0.0481483
0.78 0.0481068
0.79 0.0480654
0.8 0.048024
0.81 0.0479826
0.82 0.0479412
0.83 0.0478999
0.84 0.0478586
0.85 0.0478173
0.86 0.047776
0.87 0.0477347
0.88 0.0476934
0.89 0.0476522
0.9 0.047611
0.91 0.0475698
0.92 0.0475286
0.93 0.0474875
0.94 0.0474464
0.95 0.0474053
0.96 0.0473642
0.97 0.0473231
0.98 0.047282
0.99 0.047241
1 0.0472
0 0.0472
0.01 0.047159
0.02 0.047118
0.03 0.0470771
0.04 0.0470362
0.05 0.0469953
0.06 0.0469544
0.07 0.0469135
0.08 0.0468726
0.09 0.0468318
0.1 0.046791
0.11 0.0467502
0.12 0.0467094
0.13 0.0466687
0.14 0.046628
0.15 0.0465873
0.16 0.0465466
0.17 0.0465059
0.18 0.0464652
0.19 0.0464246
0.2 0.046384
0.21 0.0463434
0.22 0.0463028
0.23 0.0462623
0.24 0.0462218
0.25 0.0461813
0.26 0.0461408
0.27 0.0461003
0.28 0.0460598
0.29 0.0460194
0.3 0.045979
0.31 0.0459386
0.32 0.0458982
0.33 0.0458579
0.34 0.0458176
0.35 0.0457773
0.36 0.045737
0.37 0.0456967
0.38 0.0456564
0.39 0.0456162
0.4 0.045576
0.41 0.0455358
0.42 0.0454956
0.43 0.0454555
0.44 0.0454154
0.45 0.0453753
0.46 0.0453352
0.47 0.0452951
0.48 0.045255
0.49 0.045215
0.5 0.045175
0.51 0.045135
0.52 0.045095
0.53 0.0450551
0.54 0.0450152
0.55 0.0449753
0.56 0.0449354
0.57 0.0448955
0.58 0.0448556
0.59 0.0448158
0.6 0.044776
0.61 0.0447362
0.62 0.0446964
0.63 0.0446567
0.64 0.044617
0.65 0.0445773
0.66 0.0445376
0.67 0.0444979
0.68 0.0444582
0.69 0.0444186
0.7 0.044379
0.71 0.0443394
0.72 0.0442998
0.73 0.0442603
0.74 0.0442208
0.75 0.0441813
0.76 0.0441418
0.77 0.0441023
0.78 0.0440628
0.79 0.0440234
0.8 0.043984
0.81 0.0439446
0.82 0.0439052
0.83 0.0438659
0.84 0.0438266
0.85 0.0437873
0.86 0.043748
0.87 0.0437087
0.88 0.0436694
0.89 0.0436302
0.9 0.043591
0.91 0.0435518
0.92 0.0435126
0.93 0.0434735
0.94 0.0434344
0.95 0.0433953
0.96 0.0433562
0.97 0.0433171
0.98 0.043278
0.99 0.043239
1 0.0432
0 0.0432
0.01 0.043161
0.02 0.043122
0.03 0.0430831
0.04 0.0430442
0.05 0.0430053
0.06 0.0429664
0.07 0.0429275
0.08 0.0428886
0.09 0.0428498
0.1 0.042811
0.11 0.0427722
0.12 0.0427334
0.13 0.0426947
0.14 0.042656
0.15 0.0426173
0.16 0.0425786
0.17 0.0425399
0.18 0.0425012
0.19 0.0424626
0.2 0.042424
0.21 0.0423854
0.22 0.0423468
0.23 0.0423083
0.24 0.0422698
0.25 0.0422313
0.26 0.0421928
0.27 0.0421543
0.28 0.0421158
0.29 0.0420774
0.3 0.042039
0.31 0.0420006
0.32 0.0419622
0.33 0.0419239
0.34 0.0418856
0.35 0.0418473
0.36 0.041809
0.37 0.0417707
0.38 0.0417324
0.39 0.0416942
0.4 0.041656
0.41 0.0416178
0.42 0.0415796
0.43 0.0415415
0.44 0.0415034
0.45 0.0414653
0.46 0.0414272
0.47 0.0413891
0.48 0.041351
0.49 0.041313
0.5 0.041275
0.51 0.041237
0.52 0.041199
0.53 0.0411611
0.54 0.0411232
0.55 0.0410853
0.56 0.0410474
0.57 0.0410095
0.58 0.0409716
0.59 0.0409338
0.6 0.040896
0.61 0.0408582
0.62 0.0408204
0.63 0.0407827
0.64 0.040745
0.65 0.0407073
0.66 0.0406696
0.67 0.0406319
0.68 0.0405942
0.69 0.0405566
0.7 0.040519
0.71 0.0404814
0.72 0.0404438
0.73 0.0404063
0.74 0.0403688
0.75 0.0403313
0.76 0.0402938
0.77 0.0402563
0.78 0.0402188
0.79 0.0401814
0.8 0.040144
0.81 0.0401066
0.82 0.0400692
0.83 0.0400319
0.84 0.0399946
0.85 0.0399573
0.86 0.03992
0.87 0.0398827
0.88 0.0398454
0.89 0.0398082
0.9 0.039771
0.91 0.0397338
0.92 0.0396966
0.93 0.0396595
0.94 0.0396224
0.95 0.0395853
0.96 0.0395482
0.97 0.0395111
0.98 0.039474
0.99 0.039437
1 0.0394
0 0.0394
0.01 0.039363
0.02 0.039326
0.03 0.039289
0.04 0.039252
0.05 0.039215
0.06 0.039178
0.07 0.039141
0.08 0.0391041
0.09 0.0390671
0.1 0.0390301
0.11 0.0389931
0.12 0.0389562
0.13 0.0389192
0.14 0.0388823
0.15 0.0388453
0.16 0.0388084
0.17 0.0387715
0.18 0.0387346
0.19 0.0386977
0.2 0.0386608
0.21 0.0386239
0.22 0.0385871
0.23 0.0385502
0.24 0.0385134
0.25 0.0384766
0.26 0.0384398
0.27 0.038403
0.28 0.0383662
0.29 0.0383294
0.3 0.0382927
0.31 0.038256
0.32 0.0382193
0.33 0.0381826
0.34 0.0381459
0.35 0.0381093
0.36 0.0380727
0.37 0.0380361
0.38 0.0379995
0.39 0.0379629
0.4 0.0379264
0.41 0.0378899
0.42 0.0378534
0.43 0.037817
0.44 0.0377805
0.45 0.0377441
0.46 0.0377077
0.47 0.0376714
0.48 0.0376351
0.49 0.0375988
0.5 0.0375625
0.51 0.0375263
0.52 0.0374901
0.53 0.0374539
0.54 0.0374177
0.55 0.0373816
0.56 0.0373456
0.57 0.0373095
0.58 0.0372735
0.59 0.0372375
0.6 0.0372016
0.61 0.0371657
0.62 0.0371298
0.63 0.037094
0.64 0.0370582
0.65 0.0370225
0.66 0.0369867
0.67 0.0369511
0.68 0.0369154
0.69 0.0368799
0.7 0.0368443
0.71 0.0368088
0.72 0.0367733
0.73 0.0367379
0.74 0.0367025
0.75 0.0366672
0.76 0.0366319
0.77 0.0365967
0.78 0.0365615
0.79 0.0365263
0.8 0.0364912
0.81 0.0364561
0.82 0.0364211
0.83 0.0363862
0.84 0.0363513
0.85 0.0363164
0.86 0.0362816
0.87 0.0362469
0.88 0.0362121
0.89 0.0361775
0.9 0.0361429
0.91 0.0361084
0.92 0.0360739
0.93 0.0360394
0.94 0.0360051
0.95 0.0359707
0.96 0.0359365
0.97 0.0359023
0.98 0.0358681
0.99 0.035834
1 0.0358
0 0.0358
0.01 0.035766
0.02 0.0357321
0.03 0.0356982
0.04 0.0356644
0.05 0.0356306
0.06 0.0355968
0.07 0.0355631
0.08 0.0355294
0.09 0.0354958
0.1 0.0354622
0.11 0.0354287
0.12 0.0353952
0.13 0.0353617
0.14 0.0353283
0.15 0.035295
0.16 0.0352616
0.17 0.0352284
0.18 0.0351951
0.19 0.0351619
0.2 0.0351288
0.21 0.0350957
0.22 0.0350626
0.23 0.0350296
0.24 0.0349966
0.25 0.0349636
0.26 0.0349307
0.27 0.0348979
0.28 0.034865
0.29 0.0348323
0.3 0.0347995
0.31 0.0347668
0.32 0.0347342
0.33 0.0347015
0.34 0.034669
0.35 0.0346364
0.36 0.0346039
0.37 0.0345715
0.38 0.034539
0.39 0.0345067
0.4 0.0344743
0.41 0.034442
0.42 0.0344097
0.43 0.0343775
0.44 0.0343453
0.45 0.0343132
0.46 0.0342811
0.47 0.034249
0.48 0.034217
0.49 0.034185
0.5 0.034153
0.51 0.0341211
0.52 0.0340892
0.53 0.0340574
0.54 0.0340255
0.55 0.0339938
0.56 0.033962
0.57 0.0339303
0.58 0.0338987
0.59 0.0338671
0.6 0.0338355
0.61 0.0338039
0.62 0.0337724
0.63 0.0337409
0.64 0.0337095
0.65 0.0336781
0.66 0.0336467
0.67 0.0336153
0.68 0.033584
0.69 0.0335528
0.7 0.0335215
0.71 0.0334903
0.72 0.0334592
0.73 0.033428
0.74 0.0333969
0.75 0.0333659
0.76 0.0333349
0.77 0.0333039
0.78 0.0332729
0.79 0.033242
0.8 0.0332111
0.81 0.0331802
0.82 0.0331494
0.83 0.0331186
0.84 0.0330878
0.85 0.0330571
0.86 0.0330264
0.87 0.0329957
0.88 0.0329651
0.89 0.0329345
0.9 0.0329039
0.91 0.0328734
0.92 0.0328429
0.93 0.0328124
0.94 0.032782
0.95 0.0327516
0.96 0.0327212
0.97 0.0326909
0.98 0.0326605
0.99 0.0326303
1 0.0326
0 0.0326
0.01 0.0325714
0.02 0.0325428
0.03 0.0325143
0.04 0.0324859
0.05 0.0324575
0.06 0.0324292
0.07 0.0324009
0.08 0.0323727
0.09 0.0323446
0.1 0.0323165
0.11 0.0322885
0.12 0.0322605
0.13 0.0322326
0.14 0.0322047
0.15 0.0321769
0.16 0.0321492
0.17 0.0321215
0.18 0.0320938
0.19 0.0320662
0.2 0.0320386
0.21 0.0320111
0.22 0.0319837
0.23 0.0319563
0.24 0.0319289
0.25 0.0319015
0.26 0.0318743
0.27 0.031847
0.28 0.0318198
0.29 0.0317926
0.3 0.0317655
0.31 0.0317384
0.32 0.0317113
0.33 0.0316843
0.34 0.0316573
0.35 0.0316303
0.36 0.0316034
0.37 0.0315765
0.38 0.0315496
0.39 0.0315228
0.4 0.031496
0.41 0.0314692
0.42 0.0314424
0.43 0.0314157
0.44 0.031389
0.45 0.0313623
0.46 0.0313356
0.47 0.031309
0.48 0.0312824
0.49 0.0312557
0.5 0.0312292
0.51 0.0312026
0.52 0.031176
0.53 0.0311495
0.54 0.0311229
0.55 0.0310964
0.56 0.0310699
0.57 0.0310434
0.58 0.0310169
0.59 0.0309905
0.6 0.030964
0.61 0.0309375
0.62 0.0309111
0.63 0.0308846
0.64 0.0308582
0.65 0.0308317
0.66 0.0308053
0.67 0.0307788
0.68 0.0307524
0.69 0.0307259
0.7 0.0306995
0.71 0.030673
0.72 0.0306466
0.73 0.0306201
0.74 0.0305937
0.75 0.0305672
0.76 0.0305407
0.77 0.0305142
0.78 0.0304877
0.79 0.0304612
0.8 0.0304347
0.81 0.0304081
0.82 0.0303816
0.83 0.030355
0.84 0.0303284
0.85 0.0303018
0.86 0.0302752
0.87 0.0302485
0.88 0.0302219
0.89 0.0301952
0.9 0.0301685
0.91 0.0301418
0.92 0.030115
0.93 0.0300882
0.94 0.0300614
0.95 0.0300346
0.96 0.0300077
0.97 0.0299809
0.98 0.0299539
0.99 0.029927
1 0.0299
