-1.00000000000000e-06
-0.00161741300000000
-0.00295000000000000
-0.00406941500000000
-0.00503423200000000
-0.00590000000000000
-0.00673677100000000
-0.00767259000000000
-0.00885000000000000
-0.0103240700000000
-0.0118000000000000
-0.0129819400000000
-0.0139198100000000
-0.0147500000000000
-0.0157422800000000
-0.0177000000000000
-0.0206500000000000
-0.0221587100000000
-0.0236000000000000
-0.0265500000000000
-0.0295000000000000
-0.0324500000000000
-0.0339271100000000
-0.0354000000000000
-0.0383500000000000
-0.0413000000000000
-0.0442500000000000
-0.0461132700000000
-0.0469233100000000
-0.0471341900000000
-0.0472000000000000
-0.0474860400000000
-0.0480025700000000
-0.0486710800000000
-0.0494130600000000
-0.0501500000000000
-0.0508201000000000
-0.0514284100000000
-0.0519966600000000
-0.0525466100000000
-0.0531000000000000
-0.0536735400000000
-0.0542637900000000
-0.0548622700000000
-0.0554605000000000
-0.0560500000000000
-0.0566257300000000
-0.0571964200000000
-0.0577742400000000
-0.0583713800000000
-0.0590000000000000
-0.0596635500000000
-0.0603305400000000
-0.0609607600000000
-0.0615139900000000
-0.0619500000000000
-0.0622600700000000
-0.0625614100000000
-0.0630027200000000
-0.0637326800000000
-0.0649000000000000
-0.0665361600000000
-0.0682038000000000
-0.0693483700000000
-0.0694152900000000
-0.0678500000000000
-0.0645176400000000
-0.0609621900000000
-0.0591473200000000
-0.0610367100000000
-0.0685940300000000
-0.0831310300000000
-0.103351700000000
-0.127308000000000
-0.153052100000000
-0.178636000000000
-0.202523300000000
-0.224824500000000
-0.246061300000000
-0.266755800000000
-0.287430000000000
-0.308495500000000
-0.329922600000000
-0.351571700000000
-0.373302800000000
-0.394976000000000
-0.416481100000000
-0.437826000000000
-0.459048100000000
-0.480184900000000
-0.501274000000000
-0.522344800000000
-0.543395300000000
-0.564415300000000
-0.585394900000000
-0.606324000000000
-0.627194700000000
-0.648007600000000
-0.668765300000000
-0.689470500000000
-0.710126000000000
-0.730733800000000
-0.751293900000000
-0.771805400000000
-0.792267700000000
-0.812680000000000
-0.833041800000000
-0.853353100000000
-0.873614100000000
-0.893825000000000
-0.913986000000000
-0.934097200000000
-0.954158700000000
-0.974170400000000
-0.994132100000000
-1.01404400000000
-1.03390600000000
-1.05371800000000
-1.07348000000000
-1.09319200000000
-1.11285400000000
-1.13246600000000
-1.15202900000000
-1.17154100000000
-1.19100300000000
-1.21041600000000
-1.22977900000000
-1.24909100000000
-1.26835400000000
-1.28756700000000
-1.30673000000000
-1.32584300000000
-1.34490600000000
-1.36391900000000
-1.38288300000000
-1.40179600000000
-1.42065900000000
-1.43947300000000
-1.45823700000000
-1.47695000000000
-1.49561400000000
-1.51422800000000
-1.53279200000000
-1.55130600000000
-1.56977000000000
-1.58818400000000
-1.60654800000000
-1.62486300000000
-1.64312700000000
-1.66134100000000
-1.67950600000000
-1.69762100000000
-1.71568500000000
-1.73370000000000
-1.75166500000000
-1.76958000000000
-1.78744500000000
-1.80526000000000
-1.82302500000000
-1.84074100000000
-1.85840600000000
-1.87602100000000
-1.89358700000000
-1.91110300000000
-1.92856800000000
-1.94598400000000
-1.96335000000000
-1.98066600000000
-1.99793200000000
-2.01514800000000
-2.03231400000000
-2.04943000000000
-2.06649700000000
-2.08351300000000
-2.10047900000000
-2.11739600000000
-2.13426300000000
-2.15107900000000
-2.16784600000000
-2.18456300000000
-2.20123000000000
-2.21784700000000
-2.23441400000000
-2.25093100000000
-2.26739900000000
-2.28381600000000
-2.30018300000000
-2.31650100000000
-2.33276900000000
-2.34898600000000
-2.36515400000000
-2.38127200000000
-2.39734000000000
-2.41335800000000
-2.42932600000000
-2.44524400000000
-2.46111200000000
-2.47693100000000
-2.49269900000000
-2.50841700000000
-2.52408600000000
-2.53970500000000
-2.55527300000000
-2.57079200000000
-2.58626100000000
-2.60168000000000
-2.61704900000000
-2.63236800000000
-2.64763700000000
-2.66285700000000
-2.67802600000000
-2.69314500000000
-2.70821500000000
-2.72323500000000
-2.73820400000000
-2.75312400000000
-2.76799400000000
-2.78281400000000
-2.79758400000000
-2.81230400000000
-2.82697400000000
-2.84159400000000
-2.85616500000000
-2.87068500000000
-2.88515500000000
-2.89957600000000
-2.91394700000000
-2.92826700000000
-2.94253800000000
-2.95675900000000
-2.97093000000000
-2.98505100000000
-2.99912200000000
-3.01314300000000
-3.02711500000000
-3.04103600000000
-3.05490700000000
-3.06872900000000
-3.08250100000000
-3.09622200000000
-3.10989400000000
-3.12351600000000
-3.13708800000000
-3.15061000000000
-3.16408200000000
-3.17750400000000
-3.19087600000000
-3.20419900000000
-3.21747100000000
-3.23069300000000
-3.24386600000000
-3.25698800000000
-3.27005500000000
-3.28306300000000
-3.29600600000000
-3.30888000000000
-3.32168100000000
-3.33441000000000
-3.34706800000000
-3.35965700000000
-3.37217800000000
-3.38463300000000
-3.39702300000000
-3.40934600000000
-3.42160300000000
-3.43379500000000
-3.44592100000000
-3.45798000000000
-3.46997400000000
-3.48190100000000
-3.49376300000000
-3.50555900000000
-3.51728800000000
-3.52895200000000
-3.54055000000000
-3.55208200000000
-3.56354800000000
-3.57494800000000
-3.58628200000000
-3.59755100000000
-3.60875300000000
-3.61988900000000
-3.63096000000000
-3.64196500000000
-3.65290300000000
-3.66377600000000
-3.67458300000000
-3.68532300000000
-3.69599800000000
-3.70660700000000
-3.71715000000000
-3.72762700000000
-3.73803800000000
-3.74838300000000
-3.75866200000000
-3.76887500000000
-3.77902200000000
-3.78910300000000
-3.79911800000000
-3.80906800000000
-3.81895100000000
-3.82876900000000
-3.83852000000000
-3.84820600000000
-3.85782600000000
-3.86738000000000
-3.87686800000000
-3.88629000000000
-3.89564500000000
-3.90493500000000
-3.91415900000000
-3.92331700000000
-3.93240900000000
-3.94143500000000
-3.95039600000000
-3.95929000000000
-3.96811900000000
-3.97688100000000
-3.98557800000000
-3.99420800000000
-4.00277300000000
-4.01127200000000
-4.01970400000000
-4.02807100000000
-4.03637100000000
-4.04460600000000
-4.05277500000000
-4.06087800000000
-4.06891500000000
-4.07688700000000
-4.08479200000000
-4.09263100000000
-4.10040500000000
-4.10811200000000
-4.11575400000000
-4.12332900000000
-4.13083900000000
-4.13828200000000
-4.14566000000000
-4.15297100000000
-4.16021700000000
-4.16739700000000
-4.17451000000000
-4.18155800000000
-4.18854000000000
-4.19545600000000
-4.20230600000000
-4.20909000000000
-4.21580800000000
-4.22246100000000
-4.22904700000000
-4.23556700000000
-4.24202200000000
-4.24841100000000
-4.25473300000000
-4.26099000000000
-4.26718100000000
-4.27330600000000
-4.27936400000000
-4.28535700000000
-4.29128400000000
-4.29714500000000
-4.30294000000000
-4.30866900000000
-4.31433200000000
-4.31992900000000
-4.32546000000000
-4.33092600000000
-4.33632500000000
-4.34165900000000
-4.34692600000000
-4.35212800000000
-4.35726300000000
-4.36233300000000
-4.36733600000000
-4.37227400000000
-4.37714600000000
-4.38195200000000
-4.38669200000000
-4.39136600000000
-4.39597400000000
-4.40051600000000
-4.40499200000000
-4.40940200000000
-4.41374700000000
-4.41802500000000
-4.42223700000000
-4.42638400000000
-4.43046500000000
-4.43447900000000
-4.43842800000000
-4.44231100000000
-4.44612700000000
-4.44987800000000
-4.45356300000000
-4.45718200000000
-4.46073500000000
-4.46422200000000
-4.46764400000000
-4.47099900000000
-4.47428800000000
-4.47751100000000
-4.48066800000000
-4.48375900000000
-4.48678500000000
-4.48974400000000
-4.49263800000000
-4.49546500000000
-4.49822700000000
-4.50092300000000
-4.50355300000000
-4.50611700000000
-4.50861500000000
-4.51104700000000
-4.51341300000000
-4.51571300000000
-4.51794700000000
-4.52011500000000
-4.52221700000000
-4.52425400000000
-4.52622400000000
-4.52812800000000
-4.52996700000000
-4.53174000000000
-4.53344600000000
-4.53508700000000
-4.53666200000000
-4.53817100000000
-4.53961300000000
-4.54099000000000
-4.54230100000000
-4.54354600000000
-4.54472500000000
-4.54583800000000
-4.54688500000000
-4.54786600000000
-4.54878100000000
-4.54963100000000
-4.55041400000000
-4.55113100000000
-4.55178300000000
-4.55236900000000
-4.55288800000000
-4.55334200000000
-4.55373000000000
-4.55405200000000
-4.55430800000000
-4.55449800000000
-4.55462200000000
-4.55468000000000
-4.55467200000000
-4.55459800000000
-4.55445800000000
-4.55425200000000
-4.55398100000000
-4.55364300000000
-4.55323900000000
-4.55277000000000
-4.55223500000000
-4.55163300000000
-4.55096600000000
-4.55023300000000
-4.54943300000000
-4.54856800000000
-4.54763700000000
-4.54664000000000
-4.54557700000000
-4.54444800000000
-4.54325300000000
-4.54199300000000
-4.54066600000000
-4.53927300000000
-4.53781500000000
-4.53629000000000
-4.53470000000000
-4.53304300000000
-4.53132000000000
-4.52953200000000
-4.52767800000000
-4.52575700000000
-4.52377100000000
-4.52171900000000
-4.51960100000000
-4.51741700000000
-4.51516700000000
-4.51285100000000
-4.51046900000000
-4.50802200000000
-4.50550800000000
-4.50292900000000
-4.50028300000000
-4.49757100000000
-4.49479400000000
-4.49195000000000
-4.48904000000000
-4.48606500000000
-4.48302400000000
-4.47991700000000
-4.47674400000000
-4.47350500000000
-4.47020000000000
-4.46683300000000
-4.46342400000000
-4.45999700000000
-4.45657600000000
-4.45318600000000
-4.44984500000000
-4.44654900000000
-4.44329200000000
-4.44006600000000
-4.43686100000000
-4.43367200000000
-4.43049700000000
-4.42733600000000
-4.42418900000000
-4.42105600000000
-4.41793800000000
-4.41483300000000
-4.41174300000000
-4.40866800000000
-4.40560600000000
-4.40255800000000
-4.39952500000000
-4.39650600000000
-4.39350100000000
-4.39051000000000
-4.38753300000000
-4.38457100000000
-4.38162300000000
-4.37868900000000
-4.37576900000000
-4.37286300000000
-4.36997100000000
-4.36709400000000
-4.36423000000000
-4.36138100000000
-4.35854600000000
-4.35572500000000
-4.35291900000000
-4.35012600000000
-4.34734800000000
-4.34458400000000
-4.34183400000000
-4.33909800000000
-4.33637700000000
-4.33366900000000
-4.33097600000000
-4.32829600000000
-4.32563100000000
-4.32298100000000
-4.32034400000000
-4.31772200000000
-4.31511400000000
-4.31252000000000
-4.30994000000000
-4.30737400000000
-4.30482200000000
-4.30228500000000
-4.29976100000000
-4.29725200000000
-4.29475700000000
-4.29227600000000
-4.28981000000000
-4.28735700000000
-4.28491900000000
-4.28249500000000
-4.28008500000000
-4.27769000000000
-4.27530800000000
-4.27294100000000
-4.27058800000000
-4.26824900000000
-4.26592400000000
-4.26361300000000
-4.26131600000000
-4.25903400000000
-4.25676600000000
-4.25451200000000
-4.25227200000000
-4.25004600000000
-4.24783500000000
-4.24563800000000
-4.24345500000000
-4.24128600000000
-4.23913100000000
-4.23699000000000
-4.23486300000000
-4.23275100000000
-4.23065300000000
-4.22856900000000
-4.22649900000000
-4.22444300000000
-4.22240200000000
-4.22037400000000
-4.21836100000000
-4.21636200000000
-4.21437700000000
-4.21240700000000
-4.21045000000000
-4.20850800000000
-4.20658000000000
-4.20466600000000
-4.20276600000000
-4.20088100000000
-4.19900900000000
-4.19715200000000
-4.19530900000000
-4.19348000000000
-4.19166500000000
-4.18986400000000
-4.18807800000000
-4.18630600000000
-4.18454800000000
-4.18280400000000
-4.18107500000000
-4.17935900000000
-4.17765800000000
-4.17597000000000
-4.17429700000000
-4.17263800000000
-4.17099300000000
-4.16936200000000
-4.16774600000000
-4.16614400000000
-4.16455600000000
-4.16298200000000
-4.16142200000000
-4.15987700000000
-4.15834500000000
-4.15682800000000
-4.15532500000000
-4.15383600000000
-4.15236100000000
-4.15090100000000
-4.14945400000000
-4.14802200000000
-4.14660400000000
-4.14520000000000
-4.14381100000000
-4.14243500000000
-4.14107400000000
-4.13972700000000
-4.13839400000000
-4.13707500000000
-4.13577000000000
-4.13448000000000
-4.13320400000000
-4.13194200000000
-4.13069400000000
-4.12946000000000
-4.12824000000000
-4.12703400000000
-4.12584300000000
-4.12466600000000
-4.12350300000000
-4.12235400000000
-4.12121900000000
-4.12009900000000
-4.11899300000000
-4.11790100000000
-4.11682300000000
-4.11575900000000
-4.11471000000000
-4.11367400000000
-4.11265300000000
-4.11164600000000
-4.11065300000000
-4.10967400000000
-4.10871000000000
-4.10775900000000
-4.10682300000000
-4.10590100000000
-4.10499300000000
-4.10409900000000
-4.10321900000000
-4.10235400000000
-4.10150300000000
-4.10066500000000
-4.09984200000000
-4.09903400000000
-4.09823900000000
-4.09745900000000
-4.09669200000000
-4.09594000000000
-4.09520300000000
-4.09447900000000
-4.09377000000000
-4.09307400000000
-4.09239300000000
-4.09172600000000
-4.09107300000000
-4.09043400000000
-4.08981000000000
-4.08919900000000
-4.08860300000000
-4.08802100000000
-4.08745300000000
-4.08690000000000
-4.08636000000000
-4.08583500000000
-4.08532400000000
-4.08482700000000
-4.08434400000000
-4.08387500000000
-4.08342000000000
-4.08298000000000
-4.08255400000000
-4.08214200000000
-4.08174400000000
-4.08136000000000
-4.08099100000000
-4.08063600000000
-4.08029400000000
-4.07996700000000
-4.07965500000000
-4.07935600000000
-4.07907200000000
-4.07880200000000
-4.07854600000000
-4.07830400000000
-4.07807600000000
-4.07786200000000
-4.07766300000000
-4.07747700000000
-4.07730600000000
-4.07714900000000
-4.07700600000000
-4.07687800000000
-4.07676300000000
-4.07666300000000
-4.07657700000000
-4.07650500000000
-4.07644700000000
-4.07640400000000
-4.07637400000000
-4.07635900000000
-4.07635800000000
-4.07637100000000
-4.07639900000000
-4.07644000000000
-4.07649600000000
-4.07656600000000
-4.07665000000000
-4.07674800000000
-4.07686000000000
-4.07698600000000
-4.07712700000000
-4.07728100000000
-4.07745000000000
-4.07763400000000
-4.07783100000000
-4.07804600000000
-4.07829700000000
-4.07860500000000
-4.07899300000000
-4.07948000000000
-4.08008500000000
-4.08080400000000
-4.08163100000000
-4.08255800000000
-4.08357900000000
-4.08468700000000
-4.08588100000000
-4.08716100000000
-4.08852800000000
-4.08998000000000
-4.09151800000000
-4.09314300000000
-4.09485400000000
-4.09665000000000
-4.09853300000000
-4.10050200000000
-4.10255600000000
-4.10469700000000
-4.10692400000000
-4.10923700000000
-4.11163600000000
-4.11412100000000
-4.11669200000000
-4.11935000000000
-4.12209300000000
-4.12492200000000
-4.12783800000000
-4.13083900000000
-4.13392600000000
-4.13710000000000
-4.14036000000000
-4.14370500000000
-4.14713700000000
-4.15065500000000
-4.15425900000000
-4.15794900000000
-4.16172500000000
-4.16558700000000
-4.16953600000000
-4.17357000000000
-4.17769000000000
-4.18189700000000
-4.18618900000000
-4.19056700000000
-4.19503200000000
-4.19958300000000
-4.20421900000000
-4.20894200000000
-4.21375100000000
-4.21864600000000
-4.22362700000000
-4.22869400000000
-4.23384700000000
-4.23908600000000
-4.24441100000000
-4.24982200000000
-4.25532000000000
-4.26090300000000
-4.26657200000000
-4.27232800000000
-4.27817000000000
-4.28409700000000
-4.29011100000000
-4.29621100000000
-4.30239700000000
-4.30866900000000
-4.31502700000000
-4.32147100000000
-4.32800100000000
-4.33461700000000
-4.34131900000000
-4.34810800000000
-4.35498200000000
-4.36194200000000
-4.36898900000000
-4.37612200000000
-4.38334000000000
-4.39064500000000
-4.39803500000000
-4.40551200000000
-4.41307500000000
-4.42072400000000
-4.42845900000000
-4.43628000000000
-4.44418700000000
-4.45218000000000
-4.46026000000000
-4.46842500000000
-4.47667700000000
-4.48501400000000
-4.49343700000000
-4.50194700000000
-4.51054300000000
-4.51922400000000
-4.52799200000000
-4.53684600000000
-4.54578600000000
-4.55481200000000
-4.56392400000000
-4.57312200000000
-4.58240600000000
-4.59177600000000
-4.60123200000000
-4.61077500000000
-4.62040300000000
-4.63011700000000
-4.63991800000000
-4.64980500000000
-4.65977700000000
-4.66983600000000
-4.67998100000000
-4.69021200000000
-4.70052900000000
-4.71093200000000
-4.72142100000000
-4.73199600000000
-4.74265700000000
-4.75340400000000
-4.76423800000000
-4.77515700000000
-4.78616200000000
-4.79725400000000
-4.80843200000000
-4.81969500000000
-4.83104500000000
-4.84248100000000
-4.85400300000000
-4.86561100000000
-4.87730500000000
-4.88908500000000
-4.90095100000000
-4.91290300000000
-4.92494200000000
-4.93706600000000
-4.94927600000000
-4.96157200000000
-4.97395500000000
-4.98642300000000
-4.99897700000000
-5.01161800000000
-5.02434500000000
-5.03715800000000
-5.05005700000000
-5.06304200000000
-5.07611300000000
-5.08927000000000
-5.10251300000000
-5.11584300000000
-5.12925800000000
-5.14275900000000
-5.15634600000000
-5.17002000000000
-5.18377900000000
-5.19762400000000
-5.21155600000000
-5.22557400000000
-5.23967700000000
-5.25386700000000
-5.26814300000000
-5.28250500000000
-5.29695300000000
-5.31148700000000
-5.32610700000000
-5.34081400000000
-5.35560600000000
-5.37048400000000
-5.38544900000000
-5.40049900000000
-5.41563500000000
-5.43085800000000
-5.44616700000000
-5.46156100000000
-5.47704200000000
-5.49260900000000
-5.50826200000000
-5.52400100000000
-5.53982600000000
-5.55573700000000
-5.57173500000000
-5.58781800000000
-5.60398700000000
-5.62024300000000
-5.63658400000000
-5.65301100000000
-5.66952500000000
-5.68612500000000
-5.70281000000000
-5.71958200000000
-5.73644000000000
-5.75338400000000
-5.77041400000000
-5.78753000000000
-5.80473200000000
-5.82202000000000
-5.83939400000000
-5.85685400000000
-5.87440100000000
-5.89203300000000
-5.90975200000000
-5.92755600000000
-5.94544600000000
-5.96342300000000
-5.98148500000000
-5.99963400000000
-6.01786900000000
-6.03619000000000
-6.05459700000000
-6.07309000000000
-6.09167000000000
-6.11033500000000
-6.12908600000000
-6.14792300000000
-6.16684600000000
-6.18585600000000
-6.20495100000000
-6.22413300000000
-6.24340000000000
-6.26275400000000
-6.28219400000000
-6.30172000000000
-6.32133200000000
-6.34103000000000
-6.36081400000000
-6.38068400000000
-6.40064000000000
-6.42068200000000
-6.44081000000000
-6.46102400000000
-6.48132500000000
-6.50171100000000
-6.52218400000000
-6.54274200000000
-6.56338700000000
-6.58411800000000
-6.60493500000000
-6.62583800000000
-6.64682600000000
-6.66790100000000
-6.68906200000000
-6.71030900000000
-6.73164200000000
-6.75306100000000
-6.77456700000000
-6.79615800000000
-6.81783600000000
-6.83959000000000
-6.86137300000000
-6.88312700000000
-6.90479500000000
-6.92632000000000
-6.94765700000000
-6.96881300000000
-6.98980700000000
-7.01065700000000
-7.03138300000000
-7.05200100000000
-7.07251400000000
-7.09292200000000
-7.11322500000000
-7.13342300000000
-7.15351600000000
-7.17350400000000
-7.19338700000000
-7.21316600000000
-7.23283900000000
-7.25240700000000
-7.27187100000000
-7.29122900000000
-7.31048300000000
-7.32963100000000
-7.34867400000000
-7.36761200000000
-7.38644600000000
-7.40517400000000
-7.42379700000000
-7.44231500000000
-7.46072900000000
-7.47903700000000
-7.49724100000000
-7.51533900000000
-7.53333200000000
-7.55122100000000
-7.56900400000000
-7.58668300000000
-7.60425600000000
-7.62172500000000
-7.63908800000000
-7.65634700000000
-7.67350000000000
-7.69054900000000
-7.70749300000000
-7.72433100000000
-7.74106500000000
-7.75769300000000
-7.77421700000000
-7.79063600000000
-7.80694900000000
-7.82315800000000
-7.83926100000000
-7.85526000000000
-7.87115400000000
-7.88694300000000
-7.90262600000000
-7.91820500000000
-7.93367900000000
-7.94904800000000
-7.96431200000000
-7.97947000000000
-7.99452400000000
-8.00947300000000
-8.02431700000000
-8.03905600000000
-8.05368900000000
-8.06821800000000
-8.08264200000000
-8.09696100000000
-8.11117500000000
-8.12528400000000
-8.13928800000000
-8.15318700000000
-8.16698100000000
-8.18067000000000
-8.19425400000000
-8.20773300000000
-8.22110700000000
-8.23437600000000
-8.24754000000000
-8.26059900000000
-8.27355300000000
-8.28640200000000
-8.29914600000000
-8.31178500000000
-8.32432000000000
-8.33674900000000
-8.34907300000000
-8.36129200000000
-8.37340600000000
-8.38541600000000
-8.39732000000000
-8.40911900000000
-8.42081300000000
-8.43240200000000
-8.44388700000000
-8.45526600000000
-8.46654000000000
-8.47770900000000
-8.48877400000000
-8.49973300000000
-8.51058800000000
-8.52133700000000
-8.53198100000000
-8.54252100000000
-8.55295500000000
-8.56328500000000
-8.57350900000000
-8.58362800000000
-8.59364300000000
-8.60355200000000
-8.61335700000000
-8.62305600000000
-8.63265100000000
-8.64214000000000
-8.65152500000000
-8.66080400000000
-8.66997900000000
-8.67904900000000
-8.68801300000000
-8.69687300000000
-8.70562700000000
-8.71427700000000
-8.72282200000000
-8.73126100000000
-8.73959600000000
-8.74782500000000
-8.75595000000000
-8.76397000000000
-8.77188500000000
-8.77969400000000
-8.78739900000000
-8.79499900000000
-8.80249400000000
-8.80988400000000
-8.81716800000000
-8.82434800000000
-8.83142300000000
-8.83839300000000
-8.84525800000000
-8.85201700000000
-8.85867200000000
-8.86522200000000
-8.87166700000000
-8.87800700000000
-8.88424200000000
-8.89037200000000
-8.89639700000000
-8.90231700000000
-8.90813200000000
-8.91384200000000
-8.91944700000000
-8.92494700000000
-8.93034200000000
-8.93563200000000
-8.94081800000000
-8.94589800000000
-8.95087300000000
-8.95574300000000
-8.96050800000000
-8.96516900000000
-8.96972400000000
-8.97417400000000
-8.97851900000000
-8.98275900000000
-8.98689500000000
-8.99092500000000
-8.99485000000000
-8.99867000000000
-9.00238500000000
-9.00599600000000
-9.00950100000000
-9.01290100000000
-9.01619600000000
-9.01938700000000
-9.02247200000000
-9.02545300000000
-9.02832800000000
-9.03109800000000
-9.03376400000000
-9.03632400000000
-9.03878000000000
-9.04113000000000
-9.04337600000000
-9.04551600000000
-9.04755200000000
-9.04948200000000
-9.05130800000000
-9.05302800000000
-9.05464400000000
-9.05615400000000
-9.05755900000000
-9.05886000000000
-9.06005600000000
-9.06114600000000
-9.06213200000000
-9.06301300000000
-9.06378900000000
-9.06446000000000
-9.06502500000000
-9.06548600000000
-9.06584100000000
-9.06609200000000
-9.06623800000000
-9.06627800000000
-9.06621400000000
-9.06604500000000
-9.06577100000000
-9.06539200000000
-9.06490800000000
-9.06431800000000
-9.06362400000000
-9.06282500000000
-9.06192100000000
-9.06091200000000
-9.05979800000000
-9.05857900000000
-9.05725500000000
-9.05582600000000
-9.05429200000000
-9.05265300000000
-9.05090900000000
-9.04906000000000
-9.04710600000000
-9.04504700000000
-9.04288300000000
-9.04061400000000
-9.03824000000000
-9.03576100000000
-9.03317700000000
-9.03048800000000
-9.02769400000000
-9.02479500000000
-9.02179100000000
-9.01868200000000
-9.01546900000000
-9.01215000000000
-9.00872600000000
-9.00519700000000
-9.00156300000000
-8.99782500000000
-8.99398100000000
-8.99003200000000
-8.98597800000000
-8.98182000000000
-8.97755600000000
-8.97318800000000
-8.96871400000000
-8.96414000000000
-8.95949100000000
-8.95479400000000
-8.95008000000000
-8.94537800000000
-8.94071000000000
-8.93607200000000
-8.93145600000000
-8.92685200000000
-8.92224900000000
-8.91764000000000
-8.91302300000000
-8.90839900000000
-8.90376600000000
-8.89912600000000
-8.89447800000000
-8.88982200000000
-8.88515800000000
-8.88048600000000
-8.87580600000000
-8.87111800000000
-8.86642300000000
-8.86171900000000
-8.85700800000000
-8.85228900000000
-8.84756200000000
-8.84282700000000
-8.83808400000000
-8.83333400000000
-8.82857500000000
-8.82380900000000
-8.81903400000000
-8.81425200000000
-8.80946200000000
-8.80466400000000
-8.79985800000000
-8.79504400000000
-8.79022300000000
-8.78539300000000
-8.78055600000000
-8.77571100000000
-8.77085800000000
-8.76599700000000
-8.76112800000000
-8.75625100000000
-8.75136600000000
-8.74647400000000
-8.74157300000000
-8.73666500000000
-8.73174900000000
-8.72682500000000
-8.72189300000000
-8.71695300000000
-8.71200600000000
-8.70705000000000
-8.70208700000000
-8.69711500000000
-8.69213600000000
-8.68714900000000
-8.68215400000000
-8.67715100000000
-8.67214000000000
-8.66712200000000
-8.66209500000000
-8.65706100000000
-8.65201900000000
-8.64696900000000
-8.64191100000000
-8.63684500000000
-8.63177100000000
-8.62669000000000
-8.62160000000000
-8.61650300000000
-8.61139800000000
-8.60628500000000
-8.60116400000000
-8.59603500000000
-8.59089800000000
-8.58575400000000
-8.58060100000000
-8.57544100000000
-8.57027200000000
-8.56509600000000
-8.55991200000000
-8.55472000000000
-8.54952000000000
-8.54431200000000
-8.53909700000000
-8.53387300000000
-8.52864200000000
-8.52340300000000
-8.51815600000000
-8.51290100000000
-8.50763900000000
-8.50236800000000
-8.49708900000000
-8.49180300000000
-8.48650900000000
-8.48120600000000
-8.47589600000000
-8.47057800000000
-8.46525200000000
-8.45991800000000
-8.45457600000000
-8.44922700000000
-8.44387000000000
-8.43850500000000
-8.43313200000000
-8.42775100000000
-8.42236200000000
-8.41696500000000
-8.41156000000000
-8.40614800000000
-8.40072700000000
-8.39529900000000
-8.38986300000000
-8.38441900000000
-8.37896700000000
-8.37350800000000
-8.36804000000000
-8.36256400000000
-8.35708100000000
-8.35158900000000
-8.34609000000000
-8.34058300000000
-8.33506800000000
-8.32954500000000
-8.32401500000000
-8.31847600000000
-8.31293000000000
-8.30737600000000
-8.30181300000000
-8.29624300000000
-8.29066500000000
-8.28507900000000
-8.27948500000000
-8.27388400000000
-8.26827400000000
-8.26265700000000
-8.25703200000000
-8.25139900000000
-8.24575800000000
-8.24010900000000
-8.23445300000000
-8.22878800000000
-8.22311500000000
-8.21743500000000
-8.21174600000000
-8.20605000000000
-8.20034600000000
-8.19463400000000
-8.18891400000000
-8.18318700000000
-8.17745100000000
-8.17170800000000
-8.16595700000000
-8.16019800000000
-8.15443100000000
-8.14865600000000
-8.14287300000000
-8.13708200000000
-8.13128300000000
-8.12547700000000
-8.11966200000000
-8.11384000000000
-8.10801000000000
-8.10217200000000
-8.09632600000000
-8.09047300000000
-8.08461100000000
-8.07874200000000
-8.07286400000000
-8.06697900000000
-8.06108600000000
-8.05518500000000
-8.04927600000000
-8.04335900000000
-8.03743500000000
-8.03150200000000
-8.02556200000000
-8.01961400000000
-8.01365800000000
-8.00769400000000
-8.00172200000000
-7.99574200000000
-7.98975400000000
-7.98375900000000
-7.97775500000000
-7.97174400000000
-7.96572500000000
-7.95969800000000
-7.95366300000000
-7.94762000000000
-7.94157000000000
-7.93551100000000
-7.92944500000000
-7.92337000000000
-7.91728800000000
-7.91119800000000
-7.90510000000000
-7.89899400000000
-7.89288000000000
-7.88675900000000
-7.88062900000000
-7.87449200000000
-7.86834700000000
-7.86219400000000
-7.85603300000000
-7.84986400000000
-7.84368700000000
-7.83750200000000
-7.83131000000000
-7.82510900000000
-7.81890100000000
-7.81268500000000
-7.80646100000000
-7.80022900000000
-7.79398900000000
-7.78774200000000
-7.78148600000000
-7.77522300000000
-7.76895100000000
-7.76267200000000
-7.75638500000000
-7.75009000000000
-7.74378700000000
-7.73747600000000
-7.73115800000000
-7.72483100000000
-7.71849700000000
-7.71215500000000
-7.70580500000000
-7.69944700000000
-7.69308100000000
-7.68670700000000
-7.68032600000000
-7.67393600000000
-7.66753900000000
-7.66113400000000
-7.65472100000000
-7.64830000000000
-7.64187100000000
-7.63543400000000
-7.62899000000000
-7.62253700000000
-7.61607700000000
-7.60960800000000
-7.60313200000000
-7.59664800000000
-7.59015600000000
-7.58365800000000
-7.57716000000000
-7.57067300000000
-7.56420300000000
-7.55776100000000
-7.55135300000000
-7.54497700000000
-7.53863200000000
-7.53231400000000
-7.52602000000000
-7.51974800000000
-7.51349700000000
-7.50726700000000
-7.50105900000000
-7.49487200000000
-7.48870600000000
-7.48256200000000
-7.47643800000000
-7.47033600000000
-7.46425600000000
-7.45819700000000
-7.45215900000000
-7.44614300000000
-7.44014800000000
-7.43417400000000
-7.42822100000000
-7.42229000000000
-7.41637900000000
-7.41049100000000
-7.40462300000000
-7.39877700000000
-7.39295200000000
-7.38714900000000
-7.38136700000000
-7.37560600000000
-7.36986600000000
-7.36414800000000
-7.35845100000000
-7.35277500000000
-7.34712000000000
-7.34148700000000
-7.33587500000000
-7.33028500000000
-7.32471600000000
-7.31916800000000
-7.31364100000000
-7.30813600000000
-7.30265200000000
-7.29718900000000
-7.29174800000000
-7.28632800000000
-7.28092900000000
-7.27555100000000
-7.27019500000000
-7.26486000000000
-7.25954600000000
-7.25425400000000
-7.24898300000000
-7.24373300000000
-7.23850500000000
-7.23329800000000
-7.22811200000000
-7.22294800000000
-7.21780500000000
-7.21268300000000
-7.20758200000000
-7.20250300000000
-7.19744500000000
-7.19240800000000
-7.18739300000000
-7.18239900000000
-7.17742600000000
-7.17247400000000
-7.16754400000000
-7.16263500000000
-7.15774700000000
-7.15288100000000
-7.14803600000000
-7.14321200000000
-7.13841000000000
-7.13362900000000
-7.12886900000000
-7.12413100000000
-7.11941400000000
-7.11471800000000
-7.11004300000000
-7.10539000000000
-7.10075800000000
-7.09614700000000
-7.09155800000000
-7.08699000000000
-7.08244300000000
-7.07791800000000
-7.07341400000000
-7.06893100000000
-7.06446900000000
-7.06002900000000
-7.05561000000000
-7.05121200000000
-7.04683600000000
-7.04248100000000
-7.03814700000000
-7.03383500000000
-7.02954400000000
-7.02527400000000
-7.02102500000000
-7.01679800000000
-7.01259200000000
-7.00840700000000
-7.00424400000000
-7.00010200000000
-6.99598100000000
-6.99188200000000
-6.98780400000000
-6.98374700000000
-6.97971100000000
-6.97569700000000
-6.97170400000000
-6.96773200000000
-6.96378200000000
-6.95985300000000
-6.95594500000000
-6.95205900000000
-6.94819400000000
-6.94435000000000
-6.94052800000000
-6.93672600000000
-6.93294700000000
-6.92918800000000
-6.92545100000000
-6.92173500000000
-6.91804000000000
-6.91436700000000
-6.91071500000000
-6.90708400000000
-6.90347400000000
-6.89988600000000
-6.89631900000000
-6.89277300000000
-6.88924900000000
-6.88574600000000
-6.88226400000000
-6.87880400000000
-6.87536500000000
-6.87194700000000
-6.86855100000000
-6.86517500000000
-6.86182200000000
-6.85848900000000
-6.85517800000000
-6.85188800000000
-6.84861900000000
-6.84537200000000
-6.84214600000000
-6.83894100000000
-6.83575700000000
-6.83259500000000
-6.82945400000000
-6.82633400000000
-6.82323600000000
-6.82015900000000
-6.81710400000000
-6.81407000000000
-6.81105700000000
-6.80806500000000
-6.80509400000000
-6.80214500000000
-6.79921700000000
-6.79631000000000
-6.79342500000000
-6.79056100000000
-6.78771900000000
-6.78489800000000
-6.78209800000000
-6.77931900000000
-6.77656100000000
-6.77382500000000
-6.77111000000000
-6.76841600000000
-6.76574400000000
-6.76309300000000
-6.76046400000000
-6.75785500000000
-6.75526900000000
-6.75270300000000
-6.75015900000000
-6.74763600000000
-6.74513400000000
-6.74265300000000
-6.74019400000000
-6.73775600000000
-6.73533900000000
-6.73294400000000
-6.73057000000000
-6.72821700000000
-6.72588600000000
-6.72357500000000
-6.72128700000000
-6.71901900000000
-6.71677300000000
-6.71454800000000
-6.71234400000000
-6.71016200000000
-6.70800100000000
-6.70586100000000
-6.70374300000000
-6.70164500000000
-6.69957000000000
-6.69751500000000
-6.69548200000000
-6.69347000000000
-6.69148000000000
-6.68951000000000
-6.68756300000000
-6.68563600000000
-6.68373100000000
-6.68184700000000
-6.67998400000000
-6.67814200000000
-6.67632200000000
-6.67452300000000
-6.67274500000000
-6.67098900000000
-6.66925400000000
-6.66754000000000
-6.66584800000000
-6.66417700000000
-6.66252700000000
-6.66089900000000
-6.65929200000000
-6.65770600000000
-6.65614100000000
-6.65459800000000
-6.65307600000000
-6.65157500000000
-6.65009600000000
-6.64863700000000
-6.64720100000000
-6.64578500000000
-6.64439100000000
-6.64301800000000
-6.64166700000000
-6.64033700000000
-6.63902800000000
-6.63774000000000
-6.63647400000000
-6.63522800000000
-6.63400500000000
-6.63280200000000
-6.63162100000000
-6.63046000000000
-6.62931600000000
-6.62818100000000
-6.62705200000000
-6.62592300000000
-6.62478900000000
-6.62365100000000
-6.62251100000000
-6.62137100000000
-6.62023200000000
-6.61909600000000
-6.61796400000000
-6.61683500000000
-6.61570900000000
-6.61458700000000
-6.61346800000000
-6.61235200000000
-6.61123900000000
-6.61013000000000
-6.60902400000000
-6.60792100000000
-6.60682200000000
-6.60572600000000
-6.60463300000000
-6.60354400000000
-6.60245800000000
-6.60137600000000
-6.60029700000000
-6.59922100000000
-6.59814800000000
-6.59707800000000
-6.59601200000000
-6.59494900000000
-6.59388900000000
-6.59283300000000
-6.59178000000000
-6.59073000000000
-6.58968400000000
-6.58864100000000
-6.58760200000000
-6.58656600000000
-6.58553300000000
-6.58450300000000
-6.58347700000000
-6.58245400000000
-6.58143400000000
-6.58041800000000
-6.57940500000000
-6.57839500000000
-6.57738800000000
-6.57638500000000
-6.57538500000000
-6.57438800000000
-6.57339500000000
-6.57240500000000
-6.57141900000000
-6.57043600000000
-6.56945600000000
-6.56847900000000
-6.56750600000000
-6.56653600000000
-6.56556900000000
-6.56460500000000
-6.56364500000000
-6.56268800000000
-6.56173400000000
-6.56078400000000
-6.55983800000000
-6.55889400000000
-6.55795400000000
-6.55701700000000
-6.55608400000000
-6.55515400000000
-6.55422700000000
-6.55330300000000
-6.55238300000000
-6.55146600000000
-6.55055200000000
-6.54964100000000
-6.54873400000000
-6.54783000000000
-6.54693000000000
-6.54603200000000
-6.54513800000000
-6.54424800000000
-6.54336100000000
-6.54247700000000
-6.54159700000000
-6.54072000000000
-6.53984600000000
-6.53897500000000
-6.53810800000000
-6.53724400000000
-6.53638300000000
-6.53552500000000
-6.53467100000000
-6.53382000000000
-6.53297300000000
-6.53212900000000
-6.53128800000000
-6.53045100000000
-6.52961700000000
-6.52878600000000
-6.52795800000000
-6.52713400000000
-6.52631300000000
-6.52549500000000
-6.52468100000000
-6.52387000000000
-6.52306200000000
-6.52225800000000
-6.52145600000000
-6.52065900000000
-6.51986400000000
-6.51907300000000
-6.51828500000000
-6.51750100000000
-6.51671900000000
-6.51594200000000
-6.51516700000000
-6.51439600000000
-6.51362800000000
-6.51286300000000
-6.51210200000000
-6.51134400000000
-6.51058900000000
-6.50983800000000
-6.50909000000000
-6.50834500000000
-6.50760400000000
-6.50686600000000
-6.50613100000000
-6.50539900000000
-6.50467100000000
-6.50394600000000
-6.50322500000000
-6.50250600000000
-6.50179200000000
-6.50108000000000
-6.50037200000000
-6.49966700000000
-6.49896500000000
-6.49826700000000
-6.49757200000000
-6.49688000000000
-6.49619200000000
-6.49550600000000
-6.49482500000000
-6.49414600000000
-6.49347100000000
-6.49279900000000
-6.49213100000000
-6.49146500000000
-6.49080400000000
-6.49014500000000
-6.48949000000000
-6.48883800000000
-6.48818900000000
-6.48754400000000
-6.48690200000000
-6.48626300000000
-6.48562800000000
-6.48499500000000
-6.48436700000000
-6.48374100000000
-6.48311900000000
-6.48250000000000
-6.48188500000000
-6.48127300000000
-6.48066400000000
-6.48005800000000
-6.47945600000000
-6.47885700000000
-6.47826100000000
-6.47766900000000
-6.47708000000000
-6.47649400000000
-6.47591200000000
-6.47533300000000
-6.47475700000000
-6.47418500000000
-6.47361600000000
-6.47305000000000
-6.47248700000000
-6.47192800000000
-6.47137200000000
-6.47081900000000
-6.47027000000000
-6.46972400000000
-6.46918100000000
-6.46864200000000
-6.46810600000000
-6.46757300000000
-6.46704400000000
-6.46651800000000
-6.46599500000000
-6.46547600000000
-6.46496000000000
-6.46444700000000
-6.46393700000000
-6.46343100000000
-6.46292800000000
-6.46242800000000
-6.46193200000000
-6.46143900000000
-6.46094900000000
-6.46046300000000
-6.45998000000000
-6.45950000000000
-6.45902400000000
-6.45855100000000
-6.45808100000000
-6.45761500000000
-6.45715200000000
-6.45669200000000
-6.45623600000000
-6.45578300000000
-6.45533300000000
-6.45488600000000
-6.45444300000000
-6.45400300000000
-6.45356600000000
-6.45313300000000
-6.45270300000000
-6.45227600000000
-6.45185300000000
-6.45143200000000
-6.45101600000000
-6.45060200000000
-6.45019200000000
-6.44978500000000
-6.44938200000000
-6.44898200000000
-6.44858500000000
-6.44819200000000
-6.44780200000000
-6.44741500000000
-6.44703100000000
-6.44665100000000
-6.44627400000000
-6.44590000000000
-6.44553000000000
-6.44516200000000
-6.44479900000000
-6.44443800000000
-6.44408100000000
-6.44372700000000
-6.44337700000000
-6.44303000000000
-6.44268600000000
-6.44234700000000
-6.44201800000000
-6.44170600000000
-6.44141900000000
-6.44116400000000
-6.44094600000000
-6.44076400000000
-6.44061600000000
-6.44049900000000
-6.44041200000000
-6.44035200000000
-6.44031900000000
-6.44031300000000
-6.44033300000000
-6.44038100000000
-6.44045600000000
-6.44055700000000
-6.44068600000000
-6.44084100000000
-6.44102300000000
-6.44123200000000
-6.44146800000000
-6.44173100000000
-6.44202000000000
-6.44233700000000
-6.44268000000000
-6.44305100000000
-6.44344800000000
-6.44387200000000
-6.44432300000000
-6.44480100000000
-6.44530500000000
-6.44583600000000
-6.44639500000000
-6.44698000000000
-6.44759200000000
-6.44823200000000
-6.44889800000000
-6.44959100000000
-6.45031100000000
-6.45105800000000
-6.45183100000000
-6.45263200000000
-6.45345900000000
-6.45431300000000
-6.45519400000000
-6.45610200000000
-6.45703700000000
-6.45799800000000
-6.45898700000000
-6.46000300000000
-6.46104500000000
-6.46211400000000
-6.46321100000000
-6.46433400000000
-6.46548400000000
-6.46666100000000
-6.46786500000000
-6.46909600000000
-6.47035300000000
-6.47163700000000
-6.47294800000000
-6.47428600000000
-6.47565100000000
-6.47704300000000
-6.47846200000000
-6.47990700000000
-6.48138000000000
-6.48288000000000
-6.48440600000000
-6.48595900000000
-6.48754000000000
-6.48914700000000
-6.49078100000000
-6.49244200000000
-6.49413000000000
-6.49584400000000
-6.49758600000000
-6.49935400000000
-6.50114900000000
-6.50297100000000
-6.50482000000000
-6.50669600000000
-6.50859800000000
-6.51052800000000
-6.51248500000000
-6.51446800000000
-6.51647800000000
-6.51851600000000
-6.52058000000000
-6.52267100000000
-6.52478900000000
-6.52693400000000
-6.52910600000000
-6.53130400000000
-6.53352900000000
-6.53578100000000
-6.53806000000000
-6.54036600000000
-6.54269900000000
-6.54505900000000
-6.54744500000000
-6.54985900000000
-6.55230000000000
-6.55476700000000
-6.55726100000000
-6.55978300000000
-6.56233100000000
-6.56490600000000
-6.56750800000000
-6.57013700000000
-6.57279200000000
-6.57547500000000
-6.57818400000000
-6.58092000000000
-6.58368300000000
-6.58647300000000
-6.58929000000000
-6.59213300000000
-6.59500400000000
-6.59790200000000
-6.60082600000000
-6.60377700000000
-6.60675600000000
-6.60976100000000
-6.61279300000000
-6.61585200000000
-6.61893800000000
-6.62205000000000
-6.62519000000000
-6.62835600000000
-6.63155000000000
-6.63477000000000
-6.63801700000000
-6.64129100000000
-6.64459200000000
-6.64792000000000
-6.65127400000000
-6.65465600000000
-6.65806400000000
-6.66149900000000
-6.66496100000000
-6.66845000000000
-6.67196600000000
-6.67550900000000
-6.67907900000000
-6.68267500000000
-6.68629900000000
-6.68994900000000
-6.69362600000000
-6.69733000000000
-6.70106100000000
-6.70481900000000
-6.70860300000000
-6.71241500000000
-6.71625400000000
-6.72011900000000
-6.72401100000000
-6.72793100000000
-6.73187700000000
-6.73585000000000
-6.73985000000000
-6.74387700000000
-6.74793000000000
-6.75201100000000
-6.75611800000000
-6.76025300000000
-6.76441400000000
-6.76860200000000
-6.77281700000000
-6.77705900000000
-6.78132800000000
-6.78562300000000
-6.78994600000000
-6.79429500000000
-6.79867100000000
-6.80307400000000
-6.80750400000000
-6.81196100000000
-6.81644500000000
-6.82095600000000
-6.82549300000000
-6.83005700000000
-6.83464900000000
-6.83926700000000
-6.84391200000000
-6.84858400000000
-6.85328300000000
-6.85800900000000
-6.86276200000000
-6.86754100000000
-6.87234800000000
-6.87718100000000
-6.88204100000000
-6.88692800000000
-6.89184200000000
-6.89678300000000
-6.90175100000000
-6.90674500000000
-6.91176700000000
-6.91681500000000
-6.92189100000000
-6.92699300000000
-6.93212200000000
-6.93727800000000
-6.94246100000000
-6.94767100000000
-6.95290700000000
-6.95817100000000
-6.96346100000000
-6.96877800000000
-6.97412200000000
-6.97949300000000
-6.98489100000000
-6.99031600000000
-6.99576800000000
-7.00124600000000
-7.00675100000000
-7.01228400000000
-7.01784300000000
-7.02342900000000
-7.02904200000000
-7.03468200000000
-7.04034900000000
-7.04604300000000
-7.05176300000000
-7.05751100000000
-7.06328500000000
-7.06908600000000
-7.07491400000000
-7.08076900000000
-7.08665100000000
-7.09256000000000
-7.09849500000000
-7.10445800000000
-7.11044700000000
-7.11646400000000
-7.12250700000000
-7.12857700000000
-7.13467400000000
-7.14079800000000
-7.14694900000000
-7.15312600000000
-7.15933100000000
-7.16556200000000
-7.17182000000000
-7.17810500000000
-7.18441700000000
-7.19075600000000
-7.19712200000000
-7.20351200000000
-7.20991200000000
-7.21630400000000
-7.22267200000000
-7.22899800000000
-7.23526900000000
-7.24148700000000
-7.24765800000000
-7.25378700000000
-7.25988000000000
-7.26594200000000
-7.27197400000000
-7.27797500000000
-7.28394700000000
-7.28988800000000
-7.29579900000000
-7.30167900000000
-7.30753000000000
-7.31335000000000
-7.31914000000000
-7.32490000000000
-7.33062900000000
-7.33632900000000
-7.34199800000000
-7.34763700000000
-7.35324600000000
-7.35882400000000
-7.36437200000000
-7.36989000000000
-7.37537800000000
-7.38083600000000
-7.38626300000000
-7.39166100000000
-7.39702800000000
-7.40236500000000
-7.40767200000000
-7.41294800000000
-7.41819400000000
-7.42340900000000
-7.42859500000000
-7.43375100000000
-7.43887600000000
-7.44397100000000
-7.44903600000000
-7.45407100000000
-7.45907500000000
-7.46404900000000
-7.46899300000000
-7.47390700000000
-7.47879000000000
-7.48364300000000
-7.48846700000000
-7.49326000000000
-7.49802200000000
-7.50275500000000
-7.50745700000000
-7.51212900000000
-7.51677100000000
-7.52138300000000
-7.52596400000000
-7.53051500000000
-7.53503600000000
-7.53952700000000
-7.54398800000000
-7.54841800000000
-7.55281800000000
-7.55718800000000
-7.56152700000000
-7.56583700000000
-7.57011600000000
-7.57436500000000
-7.57858400000000
-7.58277200000000
-7.58693100000000
-7.59105900000000
-7.59515700000000
-7.59922400000000
-7.60326200000000
-7.60726900000000
-7.61124600000000
-7.61519300000000
-7.61910900000000
-7.62299600000000
-7.62685200000000
-7.63067800000000
-7.63447400000000
-7.63823900000000
-7.64197500000000
-7.64568000000000
-7.64935500000000
-7.65300000000000
-7.65661400000000
-7.66019800000000
-7.66375200000000
-7.66727600000000
-7.67077000000000
-7.67423300000000
-7.67766600000000
-7.68106900000000
-7.68444200000000
-7.68778400000000
-7.69109700000000
-7.69437900000000
-7.69763000000000
-7.70085200000000
-7.70404300000000
-7.70720500000000
-7.71033600000000
-7.71343600000000
-7.71650700000000
-7.71954700000000
-7.72255800000000
-7.72553800000000
-7.72848700000000
-7.73140700000000
-7.73429600000000
-7.73715500000000
-7.73998400000000
-7.74278300000000
-7.74555100000000
-7.74828900000000
-7.75099700000000
-7.75367500000000
-7.75632300000000
-7.75894000000000
-7.76152700000000
-7.76408400000000
-7.76661000000000
-7.76910700000000
-7.77157300000000
-7.77400900000000
-7.77641500000000
-7.77879000000000
-7.78113600000000
-7.78345100000000
-7.78573600000000
-7.78799100000000
-7.79021500000000
-7.79241000000000
-7.79457400000000
-7.79670800000000
-7.79881100000000
-7.80088500000000
-7.80292800000000
-7.80494100000000
-7.80692400000000
-7.80887600000000
-7.81079900000000
-7.81269100000000
-7.81455300000000
-7.81638500000000
-7.81818600000000
-7.81995700000000
-7.82169800000000
-7.82340900000000
-7.82509000000000
-7.82674000000000
-7.82836000000000
-7.82995000000000
-7.83151000000000
-7.83304000000000
-7.83453900000000
-7.83600800000000
-7.83744700000000
-7.83885600000000
-7.84023400000000
-7.84158300000000
-7.84290100000000
-7.84418800000000
-7.84544600000000
-7.84667300000000
-7.84787100000000
-7.84903800000000
-7.85017400000000
-7.85128100000000
-7.85235700000000
-7.85340300000000
-7.85441900000000
-7.85540500000000
-7.85636000000000
-7.85728500000000
-7.85818000000000
-7.85904500000000
-7.85988000000000
-7.86068400000000
-7.86145800000000
-7.86220200000000
-7.86291500000000
-7.86359900000000
-7.86425200000000
-7.86487500000000
-7.86546800000000
-7.86603000000000
-7.86656300000000
-7.86706500000000
-7.86753700000000
-7.86797900000000
-7.86839000000000
-7.86877200000000
-7.86912300000000
-7.86944400000000
-7.86973400000000
-7.86999500000000
-7.87022500000000
-7.87042500000000
-7.87059500000000
-7.87073400000000
-7.87084400000000
-7.87092300000000
-7.87097200000000
-7.87099100000000
-7.87097900000000
-7.87093800000000
-7.87086600000000
-7.87076400000000
-7.87063200000000
-7.87046900000000
-7.87027600000000
-7.87005300000000
-7.86980000000000
-7.86951600000000
-7.86920300000000
-7.86885900000000
-7.86848400000000
-7.86808000000000
-7.86764600000000
-7.86718100000000
-7.86668600000000
-7.86616100000000
-7.86560600000000
-7.86502000000000
-7.86440400000000
-7.86375800000000
-7.86308200000000
-7.86237500000000
-7.86163800000000
-7.86087200000000
-7.86007500000000
-7.85924700000000
-7.85839000000000
-7.85750200000000
-7.85658400000000
-7.85563600000000
-7.85465800000000
-7.85364900000000
-7.85261000000000
-7.85154100000000
-7.85044100000000
-7.84931200000000
-7.84815200000000
-7.84695900000000
-7.84571500000000
-7.84440000000000
-7.84299500000000
-7.84147700000000
-7.83983200000000
-7.83806200000000
-7.83617300000000
-7.83417300000000
-7.83206800000000
-7.82986400000000
-7.82756200000000
-7.82516200000000
-7.82266400000000
-7.82006800000000
-7.81737400000000
-7.81458200000000
-7.81169100000000
-7.80870300000000
-7.80561700000000
-7.80243300000000
-7.79915100000000
-7.79577000000000
-7.79229200000000
-7.78871600000000
-7.78504200000000
-7.78126900000000
-7.77739900000000
-7.77343100000000
-7.76936400000000
-7.76519900000000
-7.76093700000000
-7.75657600000000
-7.75211800000000
-7.74756100000000
-7.74290600000000
-7.73815400000000
-7.73330300000000
-7.72835500000000
-7.72330800000000
-7.71816300000000
-7.71292100000000
-7.70758000000000
-7.70214200000000
-7.69660500000000
-7.69097000000000
-7.68523800000000
-7.67940700000000
-7.67347800000000
-7.66745100000000
-7.66132600000000
-7.65510300000000
-7.64878200000000
-7.64236300000000
-7.63584600000000
-7.62923100000000
-7.62251800000000
-7.61570700000000
-7.60879800000000
-7.60179100000000
-7.59468600000000
-7.58748300000000
-7.58018200000000
-7.57278300000000
-7.56528600000000
-7.55769100000000
-7.54999800000000
-7.54220700000000
-7.53431700000000
-7.52633000000000
-7.51824500000000
-7.51006100000000
-7.50178000000000
-7.49340000000000
-7.48492300000000
-7.47634800000000
-7.46767400000000
-7.45890300000000
-7.45003300000000
-7.44106600000000
-7.43200000000000
-7.42283700000000
-7.41357500000000
-7.40421600000000
-7.39475800000000
-7.38520200000000
-7.37554900000000
-7.36579700000000
-7.35594800000000
-7.34600000000000
-7.33595400000000
-7.32581100000000
-7.31556900000000
-7.30523000000000
-7.29479200000000
-7.28425600000000
-7.27362200000000
-7.26289000000000
-7.25206000000000
-7.24113200000000
-7.23010600000000
-7.21898200000000
-7.20776100000000
-7.19644100000000
-7.18502300000000
-7.17350700000000
-7.16189300000000
-7.15018100000000
-7.13837100000000
-7.12646300000000
-7.11445700000000
-7.10235300000000
-7.09015000000000
-7.07785000000000
-7.06545200000000
-7.05295600000000
-7.04036200000000
-7.02766900000000
-7.01487900000000
-7.00199100000000
-6.98900500000000
-6.97592000000000
-6.96273800000000
-6.94945700000000
-6.93607900000000
-6.92260300000000
-6.90902800000000
-6.89535600000000
-6.88158500000000
-6.86771700000000
-6.85375000000000
-6.83968600000000
-6.82552300000000
-6.81126300000000
-6.79690400000000
-6.78244700000000
-6.76789300000000
-6.75324000000000
-6.73849000000000
-6.72364100000000
-6.70869400000000
-6.69364900000000
-6.67850700000000
-6.66326600000000
-6.64792700000000
-6.63249000000000
-6.61695500000000
-6.60132300000000
-6.58559200000000
-6.56976300000000
-6.55383600000000
-6.53781100000000
-6.52168800000000
-6.50546700000000
-6.48914800000000
-6.47273100000000
-6.45621600000000
-6.43960200000000
-6.42289100000000
-6.40608200000000
-6.38917500000000
-6.37217000000000
-6.35506600000000
-6.33786500000000
-6.32056600000000
-6.30316900000000
-6.28567400000000
-6.26808000000000
-6.25038900000000
-6.23260000000000
-6.21471300000000
-6.19672700000000
-6.17864400000000
-6.16046200000000
-6.14218300000000
-6.12380600000000
-6.10533000000000
-6.08675700000000
-6.06808500000000
-6.04931600000000
-6.03044900000000
-6.01148300000000
-5.99241900000000
-5.97325800000000
-5.95399800000000
-5.93464000000000
-5.91518400000000
-5.89563100000000
-5.87597900000000
-5.85622900000000
-5.83638100000000
-5.81643500000000
-5.79639200000000
-5.77625000000000
-5.75601000000000
-5.73567200000000
-5.71523600000000
-5.69470300000000
-5.67407100000000
-5.65334100000000
-5.63251300000000
-5.61158700000000
-5.59056300000000
-5.56944100000000
-5.54822100000000
-5.52690300000000
-5.50548700000000
-5.48397300000000
-5.46236100000000
-5.44065100000000
-5.41884300000000
-5.39693600000000
-5.37493200000000
-5.35282900000000
-5.33062900000000
-5.30833100000000
-5.28593500000000
-5.26344000000000
-5.24084800000000
-5.21815800000000
-5.19537000000000
-5.17248300000000
-5.14949900000000
-5.12641700000000
-5.10323600000000
-5.07995700000000
-5.05658100000000
-5.03310600000000
-5.00953400000000
-4.98586300000000
-4.96209400000000
-4.93822800000000
-4.91426300000000
-4.89020100000000
-4.86604000000000
-4.84178100000000
-4.81742500000000
-4.79297000000000
-4.76841800000000
-4.74376700000000
-4.71901800000000
-4.69417200000000
-4.66922700000000
-4.64418400000000
-4.61904300000000
-4.59380400000000
-4.56846700000000
-4.54303200000000
-4.51749900000000
-4.49186800000000
-4.46614900000000
-4.44039100000000
-4.41465400000000
-4.38899700000000
-4.36347900000000
-4.33814600000000
-4.31299300000000
-4.28799800000000
-4.26314300000000
-4.23840700000000
-4.21377400000000
-4.18924100000000
-4.16480800000000
-4.14047500000000
-4.11624100000000
-4.09210700000000
-4.06807300000000
-4.04413800000000
-4.02030300000000
-3.99656800000000
-3.97293300000000
-3.94939700000000
-3.92596100000000
-3.90262500000000
-3.87938900000000
-3.85625200000000
-3.83321500000000
-3.81027800000000
-3.78744100000000
-3.76470300000000
-3.74206500000000
-3.71952700000000
-3.69708900000000
-3.67475000000000
-3.65251100000000
-3.63037200000000
-3.60833200000000
-3.58639300000000
-3.56455200000000
-3.54281200000000
-3.52117100000000
-3.49963000000000
-3.47818900000000
-3.45684800000000
-3.43560600000000
-3.41446400000000
-3.39342200000000
-3.37248000000000
-3.35163800000000
-3.33089500000000
-3.31025200000000
-3.28970800000000
-3.26926400000000
-3.24892000000000
-3.22867600000000
-3.20853100000000
-3.18848700000000
-3.16854200000000
-3.14869600000000
-3.12895100000000
-3.10930500000000
-3.08975900000000
-3.07031300000000
-3.05096700000000
-3.03172000000000
-3.01257300000000
-2.99352600000000
-2.97457800000000
-2.95573000000000
-2.93698200000000
-2.91833400000000
-2.89978500000000
-2.88133600000000
-2.86298600000000
-2.84473700000000
-2.82658700000000
-2.80853700000000
-2.79058700000000
-2.77273700000000
-2.75498600000000
-2.73733500000000
-2.71978400000000
-2.70233200000000
-2.68498000000000
-2.66772800000000
-2.65057600000000
-2.63352300000000
-2.61657000000000
-2.59971700000000
-2.58296400000000
-2.56631000000000
-2.54975600000000
-2.53330200000000
-2.51694800000000
-2.50069300000000
-2.48453800000000
-2.46848300000000
-2.45252700000000
-2.43667200000000
-2.42091600000000
-2.40526000000000
-2.38970400000000
-2.37424700000000
-2.35889000000000
-2.34363300000000
-2.32847500000000
-2.31341700000000
-2.29845900000000
-2.28360100000000
-2.26884200000000
-2.25418300000000
-2.23962400000000
-2.22516400000000
-2.21080500000000
-2.19654500000000
-2.18238500000000
-2.16832500000000
-2.15436400000000
-2.14050300000000
-2.12674200000000
-2.11308100000000
-2.09951900000000
-2.08605700000000
-2.07269400000000
-2.05943200000000
-2.04626900000000
-2.03320600000000
-2.02024300000000
-2.00738000000000
-1.99461600000000
-1.98195200000000
-1.96938800000000
-1.95692300000000
-1.94455800000000
-1.93229300000000
-1.92012800000000
-1.90806200000000
-1.89609600000000
-1.88423000000000
-1.87246400000000
-1.86079700000000
-1.84923000000000
-1.83776300000000
-1.82639600000000
-1.81512800000000
-1.80396000000000
-1.79289200000000
-1.78192300000000
-1.77105400000000
-1.76028500000000
-1.74961600000000
-1.73904600000000
-1.72857600000000
-1.71820600000000
-1.70793600000000
-1.69776600000000
-1.68769500000000
-1.67772400000000
-1.66785300000000
-1.65808100000000
-1.64840900000000
-1.63883700000000
-1.62936400000000
-1.61999100000000
-1.61071800000000
-1.60154500000000
-1.59247100000000
-1.58349800000000
-1.57462400000000
-1.56585000000000
-1.55717600000000
-1.54860100000000
-1.54012600000000
-1.53175100000000
-1.52347500000000
-1.51529900000000
-1.50722300000000
-1.49924700000000
-1.49137000000000
-1.48359300000000
-1.47591600000000
-1.46833900000000
-1.46086100000000
-1.45348300000000
-1.44620500000000
-1.43902700000000
-1.43194800000000
-1.42496900000000
-1.41808900000000
-1.41131000000000
-1.40463000000000
-1.39805000000000
-1.39157000000000
-1.38519000000000
-1.37890900000000
-1.37272800000000
-1.36664700000000
-1.36066500000000
-1.35478300000000
-1.34900100000000
-1.34331900000000
-1.33773600000000
-1.33225300000000
-1.32687000000000
-1.32158700000000
-1.31640300000000
-1.31132000000000
-1.30633500000000
-1.30145100000000
-1.29666600000000
-1.29198100000000
-1.28739500000000
-1.28291000000000
-1.27852400000000
-1.27423800000000
-1.27005200000000
-1.26596600000000
-1.26197900000000
-1.25809200000000
-1.25430500000000
-1.25061700000000
-1.24703000000000
-1.24354100000000
-1.24015300000000
-1.23686400000000
-1.23367500000000
-1.23058600000000
-1.22759600000000
-1.22470700000000
-1.22191700000000
-1.21922700000000
-1.21663700000000
-1.21414600000000
-1.21175500000000
-1.20946400000000
-1.20727300000000
-1.20518100000000
-1.20318900000000
-1.20129700000000
-1.19950400000000
-1.19781100000000
-1.19621800000000
-1.19472500000000
-1.19333100000000
-1.19203700000000
-1.19084300000000
-1.18974900000000
-1.18875400000000
-1.18785900000000
-1.18706400000000
-1.18636200000000
-1.18572000000000
-1.18509900000000
-1.18445900000000
-1.18376000000000
-1.18297200000000
-1.18209900000000
-1.18115500000000
-1.18015200000000
-1.17910400000000
-1.17802100000000
-1.17690600000000
-1.17575900000000
-1.17458000000000
-1.17336900000000
-1.17212600000000
-1.17085000000000
-1.16954300000000
-1.16820300000000
-1.16683100000000
-1.16542700000000
-1.16399100000000
-1.16252200000000
-1.16102200000000
-1.15948900000000
-1.15792400000000
-1.15632700000000
-1.15469800000000
-1.15303700000000
-1.15134400000000
-1.14961900000000
-1.14786100000000
-1.14607200000000
-1.14425000000000
-1.14239600000000
-1.14051000000000
-1.13859200000000
-1.13664100000000
-1.13465900000000
-1.13264400000000
-1.13059700000000
-1.12851800000000
-1.12640700000000
-1.12426400000000
-1.12208900000000
-1.11988200000000
-1.11764200000000
-1.11537100000000
-1.11306700000000
-1.11073100000000
-1.10836300000000
-1.10596300000000
-1.10353000000000
-1.10106600000000
-1.09856900000000
-1.09604000000000
-1.09347900000000
-1.09088600000000
-1.08826100000000
-1.08560400000000
-1.08291500000000
-1.08019300000000
-1.07744000000000
-1.07465400000000
-1.07183600000000
-1.06898600000000
-1.06610400000000
-1.06318900000000
-1.06024300000000
-1.05726400000000
-1.05425300000000
-1.05121000000000
-1.04813500000000
-1.04502800000000
-1.04188900000000
-1.03871800000000
-1.03551400000000
-1.03227800000000
-1.02901000000000
-1.02571000000000
-1.02237800000000
-1.01901400000000
-1.01561700000000
-1.01218900000000
-1.00872800000000
-1.00523500000000
-1.00171000000000
-0.998153500000000
-0.994564500000000
-0.990943200000000
-0.987289800000000
-0.983604200000000
-0.979886400000000
-0.976136500000000
-0.972354500000000
-0.968540400000000
-0.964694100000000
-0.960815700000000
-0.956905200000000
-0.952962500000000
-0.948987700000000
-0.944980700000000
-0.940941700000000
-0.936870400000000
-0.932767100000000
-0.928631600000000
-0.924464000000000
-0.920264300000000
-0.916032400000000
-0.911768400000000
-0.907472300000000
-0.903144000000000
-0.898783500000000
-0.894391000000000
-0.889966300000000
-0.885509500000000
-0.881020500000000
-0.876499400000000
-0.871946200000000
-0.867360800000000
-0.862743300000000
-0.858093600000000
-0.853411900000000
-0.848697900000000
-0.843951900000000
-0.839173700000000
-0.834363400000000
-0.829521000000000
-0.824646400000000
-0.819739700000000
-0.814800800000000
-0.809829900000000
-0.804826700000000
-0.799791500000000
-0.794724100000000
-0.789624600000000
-0.784492900000000
-0.779329200000000
-0.774133300000000
-0.768905200000000
-0.763645000000000
-0.758352700000000
-0.753028200000000
-0.747671600000000
-0.742282800000000
-0.736861900000000
-0.731408900000000
-0.725923800000000
-0.720406500000000
-0.714857100000000
-0.709275600000000
-0.703661900000000
-0.698016100000000
-0.692338200000000
-0.686628100000000
-0.680885900000000
-0.675111500000000
-0.669305100000000
-0.663466500000000
-0.657595700000000
-0.651692800000000
-0.645757800000000
-0.639790600000000
-0.633791300000000
-0.627759900000000
-0.621696300000000
-0.615600600000000
-0.609472800000000
-0.603312800000000
-0.597120700000000
-0.590896500000000
-0.584640100000000
-0.578351600000000
-0.572031000000000
-0.565678200000000
-0.559293300000000
-0.552876300000000
-0.546427100000000
-0.539945800000000
-0.533432300000000
-0.526886700000000
-0.520309000000000
-0.513699100000000
-0.507057100000000
-0.500383000000000
-0.493676700000000
-0.486938400000000
-0.480167800000000
-0.473365200000000
-0.466530400000000
-0.459663500000000
-0.452764400000000
-0.445833200000000
-0.438869900000000
-0.431874400000000
-0.424846800000000
-0.417787100000000
-0.410695200000000
-0.403571200000000
-0.396415000000000
-0.389226700000000
-0.382006300000000
-0.374753700000000
-0.367469000000000
-0.360152300000000
-0.352803500000000
-0.345422500000000
-0.338009300000000
-0.330563900000000
-0.323086100000000
-0.315576000000000
-0.308033700000000
-0.300459500000000
-0.292853800000000
-0.285216700000000
-0.277548300000000
-0.269847900000000
-0.262114300000000
-0.254346600000000
-0.246543800000000
-0.238705600000000
-0.230835100000000
-0.222936100000000
-0.215012300000000
-0.207067600000000
-0.199102800000000
-0.191106700000000
-0.183065000000000
-0.174963500000000
-0.166788000000000
-0.158535500000000
-0.150247800000000
-0.141978100000000
-0.133779500000000
-0.125705100000000
-0.117766100000000
-0.109806200000000
-0.101627200000000
-0.0930307600000000
-0.0838187900000000
-0.0739493600000000
-0.0640059100000000
-0.0547282100000000
-0.0468560200000000
-0.0411291100000000
-0.0380427300000000
-0.0371140200000000
-0.0376155800000000
-0.0388200400000000
-0.0400000000000000
-0.0405810900000000
-0.0406009600000000
-0.0402502900000000
-0.0397197500000000
-0.0392000000000000
-0.0388414300000000
-0.0386332300000000
-0.0385243200000000
-0.0384636100000000
-0.0384000000000000
-0.0382932100000000
-0.0381461200000000
-0.0379724300000000
-0.0377858300000000
-0.0376000000000000
-0.0374257400000000
-0.0372622800000000
-0.0371059500000000
-0.0369530800000000
-0.0368000000000000
-0.0366438200000000
-0.0364847500000000
-0.0363237600000000
-0.0361618500000000
-0.0360000000000000
-0.0358389800000000
-0.0356787300000000
-0.0355189900000000
-0.0353595000000000
-0.0352000000000000
-0.0350402700000000
-0.0348803400000000
-0.0347202700000000
-0.0345601300000000
-0.0344000000000000
-0.0342399300000000
-0.0340799100000000
-0.0339199300000000
-0.0337599600000000
-0.0336000000000000
-0.0334400200000000
-0.0332800200000000
-0.0331200200000000
-0.0329600100000000
-0.0328000000000000
-0.0326399900000000
-0.0324799900000000
-0.0323199900000000
-0.0321600000000000
-0.0320000000000000
-0.0318400000000000
-0.0316800000000000
-0.0315200000000000
-0.0313600000000000
-0.0312000000000000
-0.0310400000000000
-0.0308800000000000
-0.0307200000000000
-0.0305600000000000
-0.0304000000000000
-0.0302400000000000
-0.0300800000000000
-0.0299200000000000
-0.0297600000000000
-0.0296000000000000
-0.0294400000000000
-0.0292800000000000
-0.0291200000000000
-0.0289600000000000
-0.0288000000000000
-0.0286400000000000
-0.0284800000000000
-0.0283200000000000
-0.0281600000000000
-0.0280000000000000
-0.0278400000000000
-0.0276800000000000
-0.0275200000000000
-0.0273600000000000
-0.0272000000000000
-0.0270400000000000
-0.0268800000000000
-0.0267200000000000
-0.0265600000000000
-0.0264000000000000
-0.0262400000000000
-0.0260800000000000
-0.0259200000000000
-0.0257600000000000
-0.0256000000000000
-0.0254400000000000
-0.0252800000000000
-0.0251200000000000
-0.0249600000000000
-0.0248000000000000
-0.0246400000000000
-0.0244800000000000
-0.0243200000000000
-0.0241600000000000
-0.0240000000000000
-0.0238400000000000
-0.0236800000000000
-0.0235200000000000
-0.0233600000000000
-0.0232000000000000
-0.0230400000000000
-0.0228800000000000
-0.0227200000000000
-0.0225600000000000
-0.0224000000000000
-0.0222400000000000
-0.0220800000000000
-0.0219200000000000
-0.0217600000000000
-0.0216000000000000
-0.0214400000000000
-0.0212800000000000
-0.0211200000000000
-0.0209600000000000
-0.0208000000000000
-0.0206400000000000
-0.0204800000000000
-0.0203200000000000
-0.0201600000000000
-0.0200000000000000
-0.0198400000000000
-0.0196800000000000
-0.0195200000000000
-0.0193600000000000
-0.0192000000000000
-0.0190400000000000
-0.0188800000000000
-0.0187200000000000
-0.0185600000000000
-0.0184000000000000
-0.0182400000000000
-0.0180800000000000
-0.0179200000000000
-0.0177600000000000
-0.0176000000000000
-0.0174400000000000
-0.0172800000000000
-0.0171200000000000
-0.0169600000000000
-0.0168000000000000
-0.0166400000000000
-0.0164800000000000
-0.0163200000000000
-0.0161600000000000
-0.0160000000000000
-0.0158400000000000
-0.0156800000000000
-0.0155200000000000
-0.0153600000000000
-0.0152000000000000
-0.0150400000000000
-0.0148800000000000
-0.0147200000000000
-0.0145600000000000
-0.0144000000000000
-0.0142400000000000
-0.0140800000000000
-0.0139200000000000
-0.0137600000000000
-0.0136000000000000
-0.0134400000000000
-0.0132800000000000
-0.0131200000000000
-0.0129600000000000
-0.0128000000000000
-0.0126400000000000
-0.0124800000000000
-0.0123200000000000
-0.0121600000000000
-0.0120000000000000
-0.0118400000000000
-0.0116800000000000
-0.0115200000000000
-0.0113600000000000
-0.0112000000000000
-0.0110400000000000
-0.0108800000000000
-0.0107200000000000
-0.0105600000000000
-0.0104000000000000
-0.0102400000000000
-0.0100800000000000
-0.00992000000000000
-0.00976000000000000
-0.00960000000000000
-0.00944000000000000
-0.00928000000000000
-0.00912000000000000
-0.00896000000000000
-0.00880000000000000
-0.00864000000000000
-0.00848000000000000
-0.00832000000000000
-0.00816000000000000
-0.00800000000000000
-0.00784000000000000
-0.00768000000000000
-0.00752000000000000
-0.00736000000000000
-0.00720000000000000
-0.00704000000000000
-0.00688000000000000
-0.00672000000000000
-0.00656000000000000
-0.00640000000000000
-0.00624000000000000
-0.00608000000000000
-0.00592000000000000
-0.00576000000000000
-0.00560000000000000
-0.00544000000000000
-0.00528000000000000
-0.00512000000000000
-0.00496000000000000
-0.00480000000000000
-0.00464000000000000
-0.00448000000000000
-0.00432000000000000
-0.00416000000000000
-0.00400000000000000
-0.00384000000000000
-0.00368000000000000
-0.00352000000000000
-0.00336000000000000
-0.00320000000000000
-0.00304000000000000
-0.00288000000000000
-0.00272000000000000
-0.00256000000000000
-0.00240000000000000
-0.00224000000000000
-0.00208000000000000
-0.00192000000000000
-0.00176000000000000
-0.00160000000000000
-0.00144000000000000
-0.00128000000000000
-0.00112000000000000
-0.000960000000000000
-0.000800000000000000
-0.000640000000000000
-0.000480000000000000
-0.000320000000000000
-0.000160000000000000
6.77954500000000e-12