0 -1E-6
1E-5 -0.001617413
2E-5 -0.00295
3E-5 -0.004069415
4E-5 -0.005034232
5E-5 -0.0059
6E-5 -0.006736771
7E-5 -0.00767259
8E-5 -0.00885
9E-5 -0.01032407
1E-4 -0.0118
1.1E-4 -0.01298194
1.2E-4 -0.01391981
1.3E-4 -0.01475
1.4E-4 -0.01574228
1.5E-4 -0.0177
1.6E-4 -0.02065
1.7E-4 -0.02215871
1.8E-4 -0.0236
1.9E-4 -0.02655
2E-4 -0.0295
2.1E-4 -0.03245
2.2E-4 -0.03392711
2.3E-4 -0.0354
2.4E-4 -0.03835
2.5E-4 -0.0413
2.6E-4 -0.04425
2.7E-4 -0.04611327
2.8E-4 -0.04692331
2.9E-4 -0.04713419
3E-4 -0.0472
3.1E-4 -0.04748604
3.2E-4 -0.04800257
3.3E-4 -0.04867108
3.4E-4 -0.04941306
3.5E-4 -0.05015
3.6E-4 -0.0508201
3.7E-4 -0.05142841
3.8E-4 -0.05199666
3.9E-4 -0.05254661
4E-4 -0.0531
4.1E-4 -0.05367354
4.2E-4 -0.05426379
4.3E-4 -0.05486227
4.4E-4 -0.0554605
4.5E-4 -0.05605
4.6E-4 -0.05662573
4.7E-4 -0.05719642
4.8E-4 -0.05777424
4.9E-4 -0.05837138
5E-4 -0.059
5.1E-4 -0.05966355
5.2E-4 -0.06033054
5.3E-4 -0.06096076
5.4E-4 -0.06151399
5.5E-4 -0.06195
5.6E-4 -0.06226007
5.7E-4 -0.06256141
5.8E-4 -0.06300272
5.9E-4 -0.06373268
6E-4 -0.0649
6.1E-4 -0.06653616
6.2E-4 -0.0682038
6.3E-4 -0.06934837
6.4E-4 -0.06941529
6.5E-4 -0.06785
6.6E-4 -0.06451764
6.7E-4 -0.06096219
6.8E-4 -0.05914732
6.9E-4 -0.06103671
7E-4 -0.06859403
7.1E-4 -0.08313103
7.2E-4 -0.1033517
7.3E-4 -0.127308
7.4E-4 -0.1530521
7.5E-4 -0.178636
7.6E-4 -0.2025233
7.7E-4 -0.2248245
7.8E-4 -0.2460613
7.9E-4 -0.2667558
8E-4 -0.28743
8.1E-4 -0.3084955
8.2E-4 -0.3299226
8.3E-4 -0.3515717
8.4E-4 -0.3733028
8.5E-4 -0.394976
8.6E-4 -0.4164811
8.7E-4 -0.437826
8.8E-4 -0.4590481
8.9E-4 -0.4801849
9E-4 -0.501274
9.1E-4 -0.5223448
9.2E-4 -0.5433953
9.3E-4 -0.5644153
9.4E-4 -0.5853949
9.5E-4 -0.606324
9.6E-4 -0.6271947
9.7E-4 -0.6480076
9.8E-4 -0.6687653
9.9E-4 -0.6894705
1E-3 -0.710126
0.00101 -0.7307338
0.00102 -0.7512939
0.00103 -0.7718054
0.00104 -0.7922677
0.00105 -0.81268
0.00106 -0.8330418
0.00107 -0.8533531
0.00108 -0.8736141
0.00109 -0.893825
0.0011 -0.913986
0.00111 -0.9340972
0.00112 -0.9541587
0.00113 -0.9741704
0.00114 -0.9941321
0.00115 -1.014044
0.00116 -1.033906
0.00117 -1.053718
0.00118 -1.07348
0.00119 -1.093192
0.0012 -1.112854
0.00121 -1.132466
0.00122 -1.152029
0.00123 -1.171541
0.00124 -1.191003
0.00125 -1.210416
0.00126 -1.229779
0.00127 -1.249091
0.00128 -1.268354
0.00129 -1.287567
0.0013 -1.30673
0.00131 -1.325843
0.00132 -1.344906
0.00133 -1.363919
0.00134 -1.382883
0.00135 -1.401796
0.00136 -1.420659
0.00137 -1.439473
0.00138 -1.458237
0.00139 -1.47695
0.0014 -1.495614
0.00141 -1.514228
0.00142 -1.532792
0.00143 -1.551306
0.00144 -1.56977
0.00145 -1.588184
0.00146 -1.606548
0.00147 -1.624863
0.00148 -1.643127
0.00149 -1.661341
0.0015 -1.679506
0.00151 -1.697621
0.00152 -1.715685
0.00153 -1.7337
0.00154 -1.751665
0.00155 -1.76958
0.00156 -1.787445
0.00157 -1.80526
0.00158 -1.823025
0.00159 -1.840741
0.0016 -1.858406
0.00161 -1.876021
0.00162 -1.893587
0.00163 -1.911103
0.00164 -1.928568
0.00165 -1.945984
0.00166 -1.96335
0.00167 -1.980666
0.00168 -1.997932
0.00169 -2.015148
0.0017 -2.032314
0.00171 -2.04943
0.00172 -2.066497
0.00173 -2.083513
0.00174 -2.100479
0.00175 -2.117396
0.00176 -2.134263
0.00177 -2.151079
0.00178 -2.167846
0.00179 -2.184563
0.0018 -2.20123
0.00181 -2.217847
0.00182 -2.234414
0.00183 -2.250931
0.00184 -2.267399
0.00185 -2.283816
0.00186 -2.300183
0.00187 -2.316501
0.00188 -2.332769
0.00189 -2.348986
0.0019 -2.365154
0.00191 -2.381272
0.00192 -2.39734
0.00193 -2.413358
0.00194 -2.429326
0.00195 -2.445244
0.00196 -2.461112
0.00197 -2.476931
0.00198 -2.492699
0.00199 -2.508417
0.002 -2.524086
0.00201 -2.539705
0.00202 -2.555273
0.00203 -2.570792
0.00204 -2.586261
0.00205 -2.60168
0.00206 -2.617049
0.00207 -2.632368
0.00208 -2.647637
0.00209 -2.662857
0.0021 -2.678026
0.00211 -2.693145
0.00212 -2.708215
0.00213 -2.723235
0.00214 -2.738204
0.00215 -2.753124
0.00216 -2.767994
0.00217 -2.782814
0.00218 -2.797584
0.00219 -2.812304
0.0022 -2.826974
0.00221 -2.841594
0.00222 -2.856165
0.00223 -2.870685
0.00224 -2.885155
0.00225 -2.899576
0.00226 -2.913947
0.00227 -2.928267
0.00228 -2.942538
0.00229 -2.956759
0.0023 -2.97093
0.00231 -2.985051
0.00232 -2.999122
0.00233 -3.013143
0.00234 -3.027115
0.00235 -3.041036
0.00236 -3.054907
0.00237 -3.068729
0.00238 -3.082501
0.00239 -3.096222
0.0024 -3.109894
0.00241 -3.123516
0.00242 -3.137088
0.00243 -3.15061
0.00244 -3.164082
0.00245 -3.177504
0.00246 -3.190876
0.00247 -3.204199
0.00248 -3.217471
0.00249 -3.230693
0.0025 -3.243866
0.00251 -3.256988
0.00252 -3.270055
0.00253 -3.283063
0.00254 -3.296006
0.00255 -3.30888
0.00256 -3.321681
0.00257 -3.33441
0.00258 -3.347068
0.00259 -3.359657
0.0026 -3.372178
0.00261 -3.384633
0.00262 -3.397023
0.00263 -3.409346
0.00264 -3.421603
0.00265 -3.433795
0.00266 -3.445921
0.00267 -3.45798
0.00268 -3.469974
0.00269 -3.481901
0.0027 -3.493763
0.00271 -3.505559
0.00272 -3.517288
0.00273 -3.528952
0.00274 -3.54055
0.00275 -3.552082
0.00276 -3.563548
0.00277 -3.574948
0.00278 -3.586282
0.00279 -3.597551
0.0028 -3.608753
0.00281 -3.619889
0.00282 -3.63096
0.00283 -3.641965
0.00284 -3.652903
0.00285 -3.663776
0.00286 -3.674583
0.00287 -3.685323
0.00288 -3.695998
0.00289 -3.706607
0.0029 -3.71715
0.00291 -3.727627
0.00292 -3.738038
0.00293 -3.748383
0.00294 -3.758662
0.00295 -3.768875
0.00296 -3.779022
0.00297 -3.789103
0.00298 -3.799118
0.00299 -3.809068
0.003 -3.818951
0.00301 -3.828769
0.00302 -3.83852
0.00303 -3.848206
0.00304 -3.857826
0.00305 -3.86738
0.00306 -3.876868
0.00307 -3.88629
0.00308 -3.895645
0.00309 -3.904935
0.0031 -3.914159
0.00311 -3.923317
0.00312 -3.932409
0.00313 -3.941435
0.00314 -3.950396
0.00315 -3.95929
0.00316 -3.968119
0.00317 -3.976881
0.00318 -3.985578
0.00319 -3.994208
0.0032 -4.002773
0.00321 -4.011272
0.00322 -4.019704
0.00323 -4.028071
0.00324 -4.036371
0.00325 -4.044606
0.00326 -4.052775
0.00327 -4.060878
0.00328 -4.068915
0.00329 -4.076887
0.0033 -4.084792
0.00331 -4.092631
0.00332 -4.100405
0.00333 -4.108112
0.00334 -4.115754
0.00335 -4.123329
0.00336 -4.130839
0.00337 -4.138282
0.00338 -4.14566
0.00339 -4.152971
0.0034 -4.160217
0.00341 -4.167397
0.00342 -4.17451
0.00343 -4.181558
0.00344 -4.18854
0.00345 -4.195456
0.00346 -4.202306
0.00347 -4.20909
0.00348 -4.215808
0.00349 -4.222461
0.0035 -4.229047
0.00351 -4.235567
0.00352 -4.242022
0.00353 -4.248411
0.00354 -4.254733
0.00355 -4.26099
0.00356 -4.267181
0.00357 -4.273306
0.00358 -4.279364
0.00359 -4.285357
0.0036 -4.291284
0.00361 -4.297145
0.00362 -4.30294
0.00363 -4.308669
0.00364 -4.314332
0.00365 -4.319929
0.00366 -4.32546
0.00367 -4.330926
0.00368 -4.336325
0.00369 -4.341659
0.0037 -4.346926
0.00371 -4.352128
0.00372 -4.357263
0.00373 -4.362333
0.00374 -4.367336
0.00375 -4.372274
0.00376 -4.377146
0.00377 -4.381952
0.00378 -4.386692
0.00379 -4.391366
0.0038 -4.395974
0.00381 -4.400516
0.00382 -4.404992
0.00383 -4.409402
0.00384 -4.413747
0.00385 -4.418025
0.00386 -4.422237
0.00387 -4.426384
0.00388 -4.430465
0.00389 -4.434479
0.0039 -4.438428
0.00391 -4.442311
0.00392 -4.446127
0.00393 -4.449878
0.00394 -4.453563
0.00395 -4.457182
0.00396 -4.460735
0.00397 -4.464222
0.00398 -4.467644
0.00399 -4.470999
0.004 -4.474288
0.00401 -4.477511
0.00402 -4.480668
0.00403 -4.483759
0.00404 -4.486785
0.00405 -4.489744
0.00406 -4.492638
0.00407 -4.495465
0.00408 -4.498227
0.00409 -4.500923
0.0041 -4.503553
0.00411 -4.506117
0.00412 -4.508615
0.00413 -4.511047
0.00414 -4.513413
0.00415 -4.515713
0.00416 -4.517947
0.00417 -4.520115
0.00418 -4.522217
0.00419 -4.524254
0.0042 -4.526224
0.00421 -4.528128
0.00422 -4.529967
0.00423 -4.53174
0.00424 -4.533446
0.00425 -4.535087
0.00426 -4.536662
0.00427 -4.538171
0.00428 -4.539613
0.00429 -4.54099
0.0043 -4.542301
0.00431 -4.543546
0.00432 -4.544725
0.00433 -4.545838
0.00434 -4.546885
0.00435 -4.547866
0.00436 -4.548781
0.00437 -4.549631
0.00438 -4.550414
0.00439 -4.551131
0.0044 -4.551783
0.00441 -4.552369
0.00442 -4.552888
0.00443 -4.553342
0.00444 -4.55373
0.00445 -4.554052
0.00446 -4.554308
0.00447 -4.554498
0.00448 -4.554622
0.00449 -4.55468
0.0045 -4.554672
0.00451 -4.554598
0.00452 -4.554458
0.00453 -4.554252
0.00454 -4.553981
0.00455 -4.553643
0.00456 -4.553239
0.00457 -4.55277
0.00458 -4.552235
0.00459 -4.551633
0.0046 -4.550966
0.00461 -4.550233
0.00462 -4.549433
0.00463 -4.548568
0.00464 -4.547637
0.00465 -4.54664
0.00466 -4.545577
0.00467 -4.544448
0.00468 -4.543253
0.00469 -4.541993
0.0047 -4.540666
0.00471 -4.539273
0.00472 -4.537815
0.00473 -4.53629
0.00474 -4.5347
0.00475 -4.533043
0.00476 -4.53132
0.00477 -4.529532
0.00478 -4.527678
0.00479 -4.525757
0.0048 -4.523771
0.00481 -4.521719
0.00482 -4.519601
0.00483 -4.517417
0.00484 -4.515167
0.00485 -4.512851
0.00486 -4.510469
0.00487 -4.508022
0.00488 -4.505508
0.00489 -4.502929
0.0049 -4.500283
0.00491 -4.497571
0.00492 -4.494794
0.00493 -4.49195
0.00494 -4.48904
0.00495 -4.486065
0.00496 -4.483024
0.00497 -4.479917
0.00498 -4.476744
0.00499 -4.473505
0.005 -4.4702
0.00501 -4.466833
0.00502 -4.463424
0.00503 -4.459997
0.00504 -4.456576
0.00505 -4.453186
0.00506 -4.449845
0.00507 -4.446549
0.00508 -4.443292
0.00509 -4.440066
0.0051 -4.436861
0.00511 -4.433672
0.00512 -4.430497
0.00513 -4.427336
0.00514 -4.424189
0.00515 -4.421056
0.00516 -4.417938
0.00517 -4.414833
0.00518 -4.411743
0.00519 -4.408668
0.0052 -4.405606
0.00521 -4.402558
0.00522 -4.399525
0.00523 -4.396506
0.00524 -4.393501
0.00525 -4.39051
0.00526 -4.387533
0.00527 -4.384571
0.00528 -4.381623
0.00529 -4.378689
0.0053 -4.375769
0.00531 -4.372863
0.00532 -4.369971
0.00533 -4.367094
0.00534 -4.36423
0.00535 -4.361381
0.00536 -4.358546
0.00537 -4.355725
0.00538 -4.352919
0.00539 -4.350126
0.0054 -4.347348
0.00541 -4.344584
0.00542 -4.341834
0.00543 -4.339098
0.00544 -4.336377
0.00545 -4.333669
0.00546 -4.330976
0.00547 -4.328296
0.00548 -4.325631
0.00549 -4.322981
0.0055 -4.320344
0.00551 -4.317722
0.00552 -4.315114
0.00553 -4.31252
0.00554 -4.30994
0.00555 -4.307374
0.00556 -4.304822
0.00557 -4.302285
0.00558 -4.299761
0.00559 -4.297252
0.0056 -4.294757
0.00561 -4.292276
0.00562 -4.28981
0.00563 -4.287357
0.00564 -4.284919
0.00565 -4.282495
0.00566 -4.280085
0.00567 -4.27769
0.00568 -4.275308
0.00569 -4.272941
0.0057 -4.270588
0.00571 -4.268249
0.00572 -4.265924
0.00573 -4.263613
0.00574 -4.261316
0.00575 -4.259034
0.00576 -4.256766
0.00577 -4.254512
0.00578 -4.252272
0.00579 -4.250046
0.0058 -4.247835
0.00581 -4.245638
0.00582 -4.243455
0.00583 -4.241286
0.00584 -4.239131
0.00585 -4.23699
0.00586 -4.234863
0.00587 -4.232751
0.00588 -4.230653
0.00589 -4.228569
0.0059 -4.226499
0.00591 -4.224443
0.00592 -4.222402
0.00593 -4.220374
0.00594 -4.218361
0.00595 -4.216362
0.00596 -4.214377
0.00597 -4.212407
0.00598 -4.21045
0.00599 -4.208508
0.006 -4.20658
0.00601 -4.204666
0.00602 -4.202766
0.00603 -4.200881
0.00604 -4.199009
0.00605 -4.197152
0.00606 -4.195309
0.00607 -4.19348
0.00608 -4.191665
0.00609 -4.189864
0.0061 -4.188078
0.00611 -4.186306
0.00612 -4.184548
0.00613 -4.182804
0.00614 -4.181075
0.00615 -4.179359
0.00616 -4.177658
0.00617 -4.17597
0.00618 -4.174297
0.00619 -4.172638
0.0062 -4.170993
0.00621 -4.169362
0.00622 -4.167746
0.00623 -4.166144
0.00624 -4.164556
0.00625 -4.162982
0.00626 -4.161422
0.00627 -4.159877
0.00628 -4.158345
0.00629 -4.156828
0.0063 -4.155325
0.00631 -4.153836
0.00632 -4.152361
0.00633 -4.150901
0.00634 -4.149454
0.00635 -4.148022
0.00636 -4.146604
0.00637 -4.1452
0.00638 -4.143811
0.00639 -4.142435
0.0064 -4.141074
0.00641 -4.139727
0.00642 -4.138394
0.00643 -4.137075
0.00644 -4.13577
0.00645 -4.13448
0.00646 -4.133204
0.00647 -4.131942
0.00648 -4.130694
0.00649 -4.12946
0.0065 -4.12824
0.00651 -4.127034
0.00652 -4.125843
0.00653 -4.124666
0.00654 -4.123503
0.00655 -4.122354
0.00656 -4.121219
0.00657 -4.120099
0.00658 -4.118993
0.00659 -4.117901
0.0066 -4.116823
0.00661 -4.115759
0.00662 -4.11471
0.00663 -4.113674
0.00664 -4.112653
0.00665 -4.111646
0.00666 -4.110653
0.00667 -4.109674
0.00668 -4.10871
0.00669 -4.107759
0.0067 -4.106823
0.00671 -4.105901
0.00672 -4.104993
0.00673 -4.104099
0.00674 -4.103219
0.00675 -4.102354
0.00676 -4.101503
0.00677 -4.100665
0.00678 -4.099842
0.00679 -4.099034
0.0068 -4.098239
0.00681 -4.097459
0.00682 -4.096692
0.00683 -4.09594
0.00684 -4.095203
0.00685 -4.094479
0.00686 -4.09377
0.00687 -4.093074
0.00688 -4.092393
0.00689 -4.091726
0.0069 -4.091073
0.00691 -4.090434
0.00692 -4.08981
0.00693 -4.089199
0.00694 -4.088603
0.00695 -4.088021
0.00696 -4.087453
0.00697 -4.0869
0.00698 -4.08636
0.00699 -4.085835
0.007 -4.085324
0.00701 -4.084827
0.00702 -4.084344
0.00703 -4.083875
0.00704 -4.08342
0.00705 -4.08298
0.00706 -4.082554
0.00707 -4.082142
0.00708 -4.081744
0.00709 -4.08136
0.0071 -4.080991
0.00711 -4.080636
0.00712 -4.080294
0.00713 -4.079967
0.00714 -4.079655
0.00715 -4.079356
0.00716 -4.079072
0.00717 -4.078802
0.00718 -4.078546
0.00719 -4.078304
0.0072 -4.078076
0.00721 -4.077862
0.00722 -4.077663
0.00723 -4.077477
0.00724 -4.077306
0.00725 -4.077149
0.00726 -4.077006
0.00727 -4.076878
0.00728 -4.076763
0.00729 -4.076663
0.0073 -4.076577
0.00731 -4.076505
0.00732 -4.076447
0.00733 -4.076404
0.00734 -4.076374
0.00735 -4.076359
0.00736 -4.076358
0.00737 -4.076371
0.00738 -4.076399
0.00739 -4.07644
0.0074 -4.076496
0.00741 -4.076566
0.00742 -4.07665
0.00743 -4.076748
0.00744 -4.07686
0.00745 -4.076986
0.00746 -4.077127
0.00747 -4.077281
0.00748 -4.07745
0.00749 -4.077634
0.0075 -4.077831
0.00751 -4.078046
0.00752 -4.078297
0.00753 -4.078605
0.00754 -4.078993
0.00755 -4.07948
0.00756 -4.080085
0.00757 -4.080804
0.00758 -4.081631
0.00759 -4.082558
0.0076 -4.083579
0.00761 -4.084687
0.00762 -4.085881
0.00763 -4.087161
0.00764 -4.088528
0.00765 -4.08998
0.00766 -4.091518
0.00767 -4.093143
0.00768 -4.094854
0.00769 -4.09665
0.0077 -4.098533
0.00771 -4.100502
0.00772 -4.102556
0.00773 -4.104697
0.00774 -4.106924
0.00775 -4.109237
0.00776 -4.111636
0.00777 -4.114121
0.00778 -4.116692
0.00779 -4.11935
0.0078 -4.122093
0.00781 -4.124922
0.00782 -4.127838
0.00783 -4.130839
0.00784 -4.133926
0.00785 -4.1371
0.00786 -4.14036
0.00787 -4.143705
0.00788 -4.147137
0.00789 -4.150655
0.0079 -4.154259
0.00791 -4.157949
0.00792 -4.161725
0.00793 -4.165587
0.00794 -4.169536
0.00795 -4.17357
0.00796 -4.17769
0.00797 -4.181897
0.00798 -4.186189
0.00799 -4.190567
0.008 -4.195032
0.00801 -4.199583
0.00802 -4.204219
0.00803 -4.208942
0.00804 -4.213751
0.00805 -4.218646
0.00806 -4.223627
0.00807 -4.228694
0.00808 -4.233847
0.00809 -4.239086
0.0081 -4.244411
0.00811 -4.249822
0.00812 -4.25532
0.00813 -4.260903
0.00814 -4.266572
0.00815 -4.272328
0.00816 -4.27817
0.00817 -4.284097
0.00818 -4.290111
0.00819 -4.296211
0.0082 -4.302397
0.00821 -4.308669
0.00822 -4.315027
0.00823 -4.321471
0.00824 -4.328001
0.00825 -4.334617
0.00826 -4.341319
0.00827 -4.348108
0.00828 -4.354982
0.00829 -4.361942
0.0083 -4.368989
0.00831 -4.376122
0.00832 -4.38334
0.00833 -4.390645
0.00834 -4.398035
0.00835 -4.405512
0.00836 -4.413075
0.00837 -4.420724
0.00838 -4.428459
0.00839 -4.43628
0.0084 -4.444187
0.00841 -4.45218
0.00842 -4.46026
0.00843 -4.468425
0.00844 -4.476677
0.00845 -4.485014
0.00846 -4.493437
0.00847 -4.501947
0.00848 -4.510543
0.00849 -4.519224
0.0085 -4.527992
0.00851 -4.536846
0.00852 -4.545786
0.00853 -4.554812
0.00854 -4.563924
0.00855 -4.573122
0.00856 -4.582406
0.00857 -4.591776
0.00858 -4.601232
0.00859 -4.610775
0.0086 -4.620403
0.00861 -4.630117
0.00862 -4.639918
0.00863 -4.649805
0.00864 -4.659777
0.00865 -4.669836
0.00866 -4.679981
0.00867 -4.690212
0.00868 -4.700529
0.00869 -4.710932
0.0087 -4.721421
0.00871 -4.731996
0.00872 -4.742657
0.00873 -4.753404
0.00874 -4.764238
0.00875 -4.775157
0.00876 -4.786162
0.00877 -4.797254
0.00878 -4.808432
0.00879 -4.819695
0.0088 -4.831045
0.00881 -4.842481
0.00882 -4.854003
0.00883 -4.865611
0.00884 -4.877305
0.00885 -4.889085
0.00886 -4.900951
0.00887 -4.912903
0.00888 -4.924942
0.00889 -4.937066
0.0089 -4.949276
0.00891 -4.961572
0.00892 -4.973955
0.00893 -4.986423
0.00894 -4.998977
0.00895 -5.011618
0.00896 -5.024345
0.00897 -5.037158
0.00898 -5.050057
0.00899 -5.063042
0.009 -5.076113
0.00901 -5.08927
0.00902 -5.102513
0.00903 -5.115843
0.00904 -5.129258
0.00905 -5.142759
0.00906 -5.156346
0.00907 -5.17002
0.00908 -5.183779
0.00909 -5.197624
0.0091 -5.211556
0.00911 -5.225574
0.00912 -5.239677
0.00913 -5.253867
0.00914 -5.268143
0.00915 -5.282505
0.00916 -5.296953
0.00917 -5.311487
0.00918 -5.326107
0.00919 -5.340814
0.0092 -5.355606
0.00921 -5.370484
0.00922 -5.385449
0.00923 -5.400499
0.00924 -5.415635
0.00925 -5.430858
0.00926 -5.446167
0.00927 -5.461561
0.00928 -5.477042
0.00929 -5.492609
0.0093 -5.508262
0.00931 -5.524001
0.00932 -5.539826
0.00933 -5.555737
0.00934 -5.571735
0.00935 -5.587818
0.00936 -5.603987
0.00937 -5.620243
0.00938 -5.636584
0.00939 -5.653011
0.0094 -5.669525
0.00941 -5.686125
0.00942 -5.70281
0.00943 -5.719582
0.00944 -5.73644
0.00945 -5.753384
0.00946 -5.770414
0.00947 -5.78753
0.00948 -5.804732
0.00949 -5.82202
0.0095 -5.839394
0.00951 -5.856854
0.00952 -5.874401
0.00953 -5.892033
0.00954 -5.909752
0.00955 -5.927556
0.00956 -5.945446
0.00957 -5.963423
0.00958 -5.981485
0.00959 -5.999634
0.0096 -6.017869
0.00961 -6.03619
0.00962 -6.054597
0.00963 -6.07309
0.00964 -6.09167
0.00965 -6.110335
0.00966 -6.129086
0.00967 -6.147923
0.00968 -6.166846
0.00969 -6.185856
0.0097 -6.204951
0.00971 -6.224133
0.00972 -6.2434
0.00973 -6.262754
0.00974 -6.282194
0.00975 -6.30172
0.00976 -6.321332
0.00977 -6.34103
0.00978 -6.360814
0.00979 -6.380684
0.0098 -6.40064
0.00981 -6.420682
0.00982 -6.44081
0.00983 -6.461024
0.00984 -6.481325
0.00985 -6.501711
0.00986 -6.522184
0.00987 -6.542742
0.00988 -6.563387
0.00989 -6.584118
0.0099 -6.604935
0.00991 -6.625838
0.00992 -6.646826
0.00993 -6.667901
0.00994 -6.689062
0.00995 -6.710309
0.00996 -6.731642
0.00997 -6.753061
0.00998 -6.774567
0.00999 -6.796158
0.01 -6.817836
0.01001 -6.83959
0.01002 -6.861373
0.01003 -6.883127
0.01004 -6.904795
0.01005 -6.92632
0.01006 -6.947657
0.01007 -6.968813
0.01008 -6.989807
0.01009 -7.010657
0.0101 -7.031383
0.01011 -7.052001
0.01012 -7.072514
0.01013 -7.092922
0.01014 -7.113225
0.01015 -7.133423
0.01016 -7.153516
0.01017 -7.173504
0.01018 -7.193387
0.01019 -7.213166
0.0102 -7.232839
0.01021 -7.252407
0.01022 -7.271871
0.01023 -7.291229
0.01024 -7.310483
0.01025 -7.329631
0.01026 -7.348674
0.01027 -7.367612
0.01028 -7.386446
0.01029 -7.405174
0.0103 -7.423797
0.01031 -7.442315
0.01032 -7.460729
0.01033 -7.479037
0.01034 -7.497241
0.01035 -7.515339
0.01036 -7.533332
0.01037 -7.551221
0.01038 -7.569004
0.01039 -7.586683
0.0104 -7.604256
0.01041 -7.621725
0.01042 -7.639088
0.01043 -7.656347
0.01044 -7.6735
0.01045 -7.690549
0.01046 -7.707493
0.01047 -7.724331
0.01048 -7.741065
0.01049 -7.757693
0.0105 -7.774217
0.01051 -7.790636
0.01052 -7.806949
0.01053 -7.823158
0.01054 -7.839261
0.01055 -7.85526
0.01056 -7.871154
0.01057 -7.886943
0.01058 -7.902626
0.01059 -7.918205
0.0106 -7.933679
0.01061 -7.949048
0.01062 -7.964312
0.01063 -7.97947
0.01064 -7.994524
0.01065 -8.009473
0.01066 -8.024317
0.01067 -8.039056
0.01068 -8.053689
0.01069 -8.068218
0.0107 -8.082642
0.01071 -8.096961
0.01072 -8.111175
0.01073 -8.125284
0.01074 -8.139288
0.01075 -8.153187
0.01076 -8.166981
0.01077 -8.18067
0.01078 -8.194254
0.01079 -8.207733
0.0108 -8.221107
0.01081 -8.234376
0.01082 -8.24754
0.01083 -8.260599
0.01084 -8.273553
0.01085 -8.286402
0.01086 -8.299146
0.01087 -8.311785
0.01088 -8.32432
0.01089 -8.336749
0.0109 -8.349073
0.01091 -8.361292
0.01092 -8.373406
0.01093 -8.385416
0.01094 -8.39732
0.01095 -8.409119
0.01096 -8.420813
0.01097 -8.432402
0.01098 -8.443887
0.01099 -8.455266
0.011 -8.46654
0.01101 -8.477709
0.01102 -8.488774
0.01103 -8.499733
0.01104 -8.510588
0.01105 -8.521337
0.01106 -8.531981
0.01107 -8.542521
0.01108 -8.552955
0.01109 -8.563285
0.0111 -8.573509
0.01111 -8.583628
0.01112 -8.593643
0.01113 -8.603552
0.01114 -8.613357
0.01115 -8.623056
0.01116 -8.632651
0.01117 -8.64214
0.01118 -8.651525
0.01119 -8.660804
0.0112 -8.669979
0.01121 -8.679049
0.01122 -8.688013
0.01123 -8.696873
0.01124 -8.705627
0.01125 -8.714277
0.01126 -8.722822
0.01127 -8.731261
0.01128 -8.739596
0.01129 -8.747825
0.0113 -8.75595
0.01131 -8.76397
0.01132 -8.771885
0.01133 -8.779694
0.01134 -8.787399
0.01135 -8.794999
0.01136 -8.802494
0.01137 -8.809884
0.01138 -8.817168
0.01139 -8.824348
0.0114 -8.831423
0.01141 -8.838393
0.01142 -8.845258
0.01143 -8.852017
0.01144 -8.858672
0.01145 -8.865222
0.01146 -8.871667
0.01147 -8.878007
0.01148 -8.884242
0.01149 -8.890372
0.0115 -8.896397
0.01151 -8.902317
0.01152 -8.908132
0.01153 -8.913842
0.01154 -8.919447
0.01155 -8.924947
0.01156 -8.930342
0.01157 -8.935632
0.01158 -8.940818
0.01159 -8.945898
0.0116 -8.950873
0.01161 -8.955743
0.01162 -8.960508
0.01163 -8.965169
0.01164 -8.969724
0.01165 -8.974174
0.01166 -8.978519
0.01167 -8.982759
0.01168 -8.986895
0.01169 -8.990925
0.0117 -8.99485
0.01171 -8.99867
0.01172 -9.002385
0.01173 -9.005996
0.01174 -9.009501
0.01175 -9.012901
0.01176 -9.016196
0.01177 -9.019387
0.01178 -9.022472
0.01179 -9.025453
0.0118 -9.028328
0.01181 -9.031098
0.01182 -9.033764
0.01183 -9.036324
0.01184 -9.03878
0.01185 -9.04113
0.01186 -9.043376
0.01187 -9.045516
0.01188 -9.047552
0.01189 -9.049482
0.0119 -9.051308
0.01191 -9.053028
0.01192 -9.054644
0.01193 -9.056154
0.01194 -9.057559
0.01195 -9.05886
0.01196 -9.060056
0.01197 -9.061146
0.01198 -9.062132
0.01199 -9.063013
0.012 -9.063789
0.01201 -9.06446
0.01202 -9.065025
0.01203 -9.065486
0.01204 -9.065841
0.01205 -9.066092
0.01206 -9.066238
0.01207 -9.066278
0.01208 -9.066214
0.01209 -9.066045
0.0121 -9.065771
0.01211 -9.065392
0.01212 -9.064908
0.01213 -9.064318
0.01214 -9.063624
0.01215 -9.062825
0.01216 -9.061921
0.01217 -9.060912
0.01218 -9.059798
0.01219 -9.058579
0.0122 -9.057255
0.01221 -9.055826
0.01222 -9.054292
0.01223 -9.052653
0.01224 -9.050909
0.01225 -9.04906
0.01226 -9.047106
0.01227 -9.045047
0.01228 -9.042883
0.01229 -9.040614
0.0123 -9.03824
0.01231 -9.035761
0.01232 -9.033177
0.01233 -9.030488
0.01234 -9.027694
0.01235 -9.024795
0.01236 -9.021791
0.01237 -9.018682
0.01238 -9.015469
0.01239 -9.01215
0.0124 -9.008726
0.01241 -9.005197
0.01242 -9.001563
0.01243 -8.997825
0.01244 -8.993981
0.01245 -8.990032
0.01246 -8.985978
0.01247 -8.98182
0.01248 -8.977556
0.01249 -8.973188
0.0125 -8.968714
0.01251 -8.96414
0.01252 -8.959491
0.01253 -8.954794
0.01254 -8.95008
0.01255 -8.945378
0.01256 -8.94071
0.01257 -8.936072
0.01258 -8.931456
0.01259 -8.926852
0.0126 -8.922249
0.01261 -8.91764
0.01262 -8.913023
0.01263 -8.908399
0.01264 -8.903766
0.01265 -8.899126
0.01266 -8.894478
0.01267 -8.889822
0.01268 -8.885158
0.01269 -8.880486
0.0127 -8.875806
0.01271 -8.871118
0.01272 -8.866423
0.01273 -8.861719
0.01274 -8.857008
0.01275 -8.852289
0.01276 -8.847562
0.01277 -8.842827
0.01278 -8.838084
0.01279 -8.833334
0.0128 -8.828575
0.01281 -8.823809
0.01282 -8.819034
0.01283 -8.814252
0.01284 -8.809462
0.01285 -8.804664
0.01286 -8.799858
0.01287 -8.795044
0.01288 -8.790223
0.01289 -8.785393
0.0129 -8.780556
0.01291 -8.775711
0.01292 -8.770858
0.01293 -8.765997
0.01294 -8.761128
0.01295 -8.756251
0.01296 -8.751366
0.01297 -8.746474
0.01298 -8.741573
0.01299 -8.736665
0.013 -8.731749
0.01301 -8.726825
0.01302 -8.721893
0.01303 -8.716953
0.01304 -8.712006
0.01305 -8.70705
0.01306 -8.702087
0.01307 -8.697115
0.01308 -8.692136
0.01309 -8.687149
0.0131 -8.682154
0.01311 -8.677151
0.01312 -8.67214
0.01313 -8.667122
0.01314 -8.662095
0.01315 -8.657061
0.01316 -8.652019
0.01317 -8.646969
0.01318 -8.641911
0.01319 -8.636845
0.0132 -8.631771
0.01321 -8.62669
0.01322 -8.6216
0.01323 -8.616503
0.01324 -8.611398
0.01325 -8.606285
0.01326 -8.601164
0.01327 -8.596035
0.01328 -8.590898
0.01329 -8.585754
0.0133 -8.580601
0.01331 -8.575441
0.01332 -8.570272
0.01333 -8.565096
0.01334 -8.559912
0.01335 -8.55472
0.01336 -8.54952
0.01337 -8.544312
0.01338 -8.539097
0.01339 -8.533873
0.0134 -8.528642
0.01341 -8.523403
0.01342 -8.518156
0.01343 -8.512901
0.01344 -8.507639
0.01345 -8.502368
0.01346 -8.497089
0.01347 -8.491803
0.01348 -8.486509
0.01349 -8.481206
0.0135 -8.475896
0.01351 -8.470578
0.01352 -8.465252
0.01353 -8.459918
0.01354 -8.454576
0.01355 -8.449227
0.01356 -8.44387
0.01357 -8.438505
0.01358 -8.433132
0.01359 -8.427751
0.0136 -8.422362
0.01361 -8.416965
0.01362 -8.41156
0.01363 -8.406148
0.01364 -8.400727
0.01365 -8.395299
0.01366 -8.389863
0.01367 -8.384419
0.01368 -8.378967
0.01369 -8.373508
0.0137 -8.36804
0.01371 -8.362564
0.01372 -8.357081
0.01373 -8.351589
0.01374 -8.34609
0.01375 -8.340583
0.01376 -8.335068
0.01377 -8.329545
0.01378 -8.324015
0.01379 -8.318476
0.0138 -8.31293
0.01381 -8.307376
0.01382 -8.301813
0.01383 -8.296243
0.01384 -8.290665
0.01385 -8.285079
0.01386 -8.279485
0.01387 -8.273884
0.01388 -8.268274
0.01389 -8.262657
0.0139 -8.257032
0.01391 -8.251399
0.01392 -8.245758
0.01393 -8.240109
0.01394 -8.234453
0.01395 -8.228788
0.01396 -8.223115
0.01397 -8.217435
0.01398 -8.211746
0.01399 -8.20605
0.014 -8.200346
0.01401 -8.194634
0.01402 -8.188914
0.01403 -8.183187
0.01404 -8.177451
0.01405 -8.171708
0.01406 -8.165957
0.01407 -8.160198
0.01408 -8.154431
0.01409 -8.148656
0.0141 -8.142873
0.01411 -8.137082
0.01412 -8.131283
0.01413 -8.125477
0.01414 -8.119662
0.01415 -8.11384
0.01416 -8.10801
0.01417 -8.102172
0.01418 -8.096326
0.01419 -8.090473
0.0142 -8.084611
0.01421 -8.078742
0.01422 -8.072864
0.01423 -8.066979
0.01424 -8.061086
0.01425 -8.055185
0.01426 -8.049276
0.01427 -8.043359
0.01428 -8.037435
0.01429 -8.031502
0.0143 -8.025562
0.01431 -8.019614
0.01432 -8.013658
0.01433 -8.007694
0.01434 -8.001722
0.01435 -7.995742
0.01436 -7.989754
0.01437 -7.983759
0.01438 -7.977755
0.01439 -7.971744
0.0144 -7.965725
0.01441 -7.959698
0.01442 -7.953663
0.01443 -7.94762
0.01444 -7.94157
0.01445 -7.935511
0.01446 -7.929445
0.01447 -7.92337
0.01448 -7.917288
0.01449 -7.911198
0.0145 -7.9051
0.01451 -7.898994
0.01452 -7.89288
0.01453 -7.886759
0.01454 -7.880629
0.01455 -7.874492
0.01456 -7.868347
0.01457 -7.862194
0.01458 -7.856033
0.01459 -7.849864
0.0146 -7.843687
0.01461 -7.837502
0.01462 -7.83131
0.01463 -7.825109
0.01464 -7.818901
0.01465 -7.812685
0.01466 -7.806461
0.01467 -7.800229
0.01468 -7.793989
0.01469 -7.787742
0.0147 -7.781486
0.01471 -7.775223
0.01472 -7.768951
0.01473 -7.762672
0.01474 -7.756385
0.01475 -7.75009
0.01476 -7.743787
0.01477 -7.737476
0.01478 -7.731158
0.01479 -7.724831
0.0148 -7.718497
0.01481 -7.712155
0.01482 -7.705805
0.01483 -7.699447
0.01484 -7.693081
0.01485 -7.686707
0.01486 -7.680326
0.01487 -7.673936
0.01488 -7.667539
0.01489 -7.661134
0.0149 -7.654721
0.01491 -7.6483
0.01492 -7.641871
0.01493 -7.635434
0.01494 -7.62899
0.01495 -7.622537
0.01496 -7.616077
0.01497 -7.609608
0.01498 -7.603132
0.01499 -7.596648
0.015 -7.590156
0.01501 -7.583658
0.01502 -7.57716
0.01503 -7.570673
0.01504 -7.564203
0.01505 -7.557761
0.01506 -7.551353
0.01507 -7.544977
0.01508 -7.538632
0.01509 -7.532314
0.0151 -7.52602
0.01511 -7.519748
0.01512 -7.513497
0.01513 -7.507267
0.01514 -7.501059
0.01515 -7.494872
0.01516 -7.488706
0.01517 -7.482562
0.01518 -7.476438
0.01519 -7.470336
0.0152 -7.464256
0.01521 -7.458197
0.01522 -7.452159
0.01523 -7.446143
0.01524 -7.440148
0.01525 -7.434174
0.01526 -7.428221
0.01527 -7.42229
0.01528 -7.416379
0.01529 -7.410491
0.0153 -7.404623
0.01531 -7.398777
0.01532 -7.392952
0.01533 -7.387149
0.01534 -7.381367
0.01535 -7.375606
0.01536 -7.369866
0.01537 -7.364148
0.01538 -7.358451
0.01539 -7.352775
0.0154 -7.34712
0.01541 -7.341487
0.01542 -7.335875
0.01543 -7.330285
0.01544 -7.324716
0.01545 -7.319168
0.01546 -7.313641
0.01547 -7.308136
0.01548 -7.302652
0.01549 -7.297189
0.0155 -7.291748
0.01551 -7.286328
0.01552 -7.280929
0.01553 -7.275551
0.01554 -7.270195
0.01555 -7.26486
0.01556 -7.259546
0.01557 -7.254254
0.01558 -7.248983
0.01559 -7.243733
0.0156 -7.238505
0.01561 -7.233298
0.01562 -7.228112
0.01563 -7.222948
0.01564 -7.217805
0.01565 -7.212683
0.01566 -7.207582
0.01567 -7.202503
0.01568 -7.197445
0.01569 -7.192408
0.0157 -7.187393
0.01571 -7.182399
0.01572 -7.177426
0.01573 -7.172474
0.01574 -7.167544
0.01575 -7.162635
0.01576 -7.157747
0.01577 -7.152881
0.01578 -7.148036
0.01579 -7.143212
0.0158 -7.13841
0.01581 -7.133629
0.01582 -7.128869
0.01583 -7.124131
0.01584 -7.119414
0.01585 -7.114718
0.01586 -7.110043
0.01587 -7.10539
0.01588 -7.100758
0.01589 -7.096147
0.0159 -7.091558
0.01591 -7.08699
0.01592 -7.082443
0.01593 -7.077918
0.01594 -7.073414
0.01595 -7.068931
0.01596 -7.064469
0.01597 -7.060029
0.01598 -7.05561
0.01599 -7.051212
0.016 -7.046836
0.01601 -7.042481
0.01602 -7.038147
0.01603 -7.033835
0.01604 -7.029544
0.01605 -7.025274
0.01606 -7.021025
0.01607 -7.016798
0.01608 -7.012592
0.01609 -7.008407
0.0161 -7.004244
0.01611 -7.000102
0.01612 -6.995981
0.01613 -6.991882
0.01614 -6.987804
0.01615 -6.983747
0.01616 -6.979711
0.01617 -6.975697
0.01618 -6.971704
0.01619 -6.967732
0.0162 -6.963782
0.01621 -6.959853
0.01622 -6.955945
0.01623 -6.952059
0.01624 -6.948194
0.01625 -6.94435
0.01626 -6.940528
0.01627 -6.936726
0.01628 -6.932947
0.01629 -6.929188
0.0163 -6.925451
0.01631 -6.921735
0.01632 -6.91804
0.01633 -6.914367
0.01634 -6.910715
0.01635 -6.907084
0.01636 -6.903474
0.01637 -6.899886
0.01638 -6.896319
0.01639 -6.892773
0.0164 -6.889249
0.01641 -6.885746
0.01642 -6.882264
0.01643 -6.878804
0.01644 -6.875365
0.01645 -6.871947
0.01646 -6.868551
0.01647 -6.865175
0.01648 -6.861822
0.01649 -6.858489
0.0165 -6.855178
0.01651 -6.851888
0.01652 -6.848619
0.01653 -6.845372
0.01654 -6.842146
0.01655 -6.838941
0.01656 -6.835757
0.01657 -6.832595
0.01658 -6.829454
0.01659 -6.826334
0.0166 -6.823236
0.01661 -6.820159
0.01662 -6.817104
0.01663 -6.81407
0.01664 -6.811057
0.01665 -6.808065
0.01666 -6.805094
0.01667 -6.802145
0.01668 -6.799217
0.01669 -6.79631
0.0167 -6.793425
0.01671 -6.790561
0.01672 -6.787719
0.01673 -6.784898
0.01674 -6.782098
0.01675 -6.779319
0.01676 -6.776561
0.01677 -6.773825
0.01678 -6.77111
0.01679 -6.768416
0.0168 -6.765744
0.01681 -6.763093
0.01682 -6.760464
0.01683 -6.757855
0.01684 -6.755269
0.01685 -6.752703
0.01686 -6.750159
0.01687 -6.747636
0.01688 -6.745134
0.01689 -6.742653
0.0169 -6.740194
0.01691 -6.737756
0.01692 -6.735339
0.01693 -6.732944
0.01694 -6.73057
0.01695 -6.728217
0.01696 -6.725886
0.01697 -6.723575
0.01698 -6.721287
0.01699 -6.719019
0.017 -6.716773
0.01701 -6.714548
0.01702 -6.712344
0.01703 -6.710162
0.01704 -6.708001
0.01705 -6.705861
0.01706 -6.703743
0.01707 -6.701645
0.01708 -6.69957
0.01709 -6.697515
0.0171 -6.695482
0.01711 -6.69347
0.01712 -6.69148
0.01713 -6.68951
0.01714 -6.687563
0.01715 -6.685636
0.01716 -6.683731
0.01717 -6.681847
0.01718 -6.679984
0.01719 -6.678142
0.0172 -6.676322
0.01721 -6.674523
0.01722 -6.672745
0.01723 -6.670989
0.01724 -6.669254
0.01725 -6.66754
0.01726 -6.665848
0.01727 -6.664177
0.01728 -6.662527
0.01729 -6.660899
0.0173 -6.659292
0.01731 -6.657706
0.01732 -6.656141
0.01733 -6.654598
0.01734 -6.653076
0.01735 -6.651575
0.01736 -6.650096
0.01737 -6.648637
0.01738 -6.647201
0.01739 -6.645785
0.0174 -6.644391
0.01741 -6.643018
0.01742 -6.641667
0.01743 -6.640337
0.01744 -6.639028
0.01745 -6.63774
0.01746 -6.636474
0.01747 -6.635228
0.01748 -6.634005
0.01749 -6.632802
0.0175 -6.631621
0.01751 -6.63046
0.01752 -6.629316
0.01753 -6.628181
0.01754 -6.627052
0.01755 -6.625923
0.01756 -6.624789
0.01757 -6.623651
0.01758 -6.622511
0.01759 -6.621371
0.0176 -6.620232
0.01761 -6.619096
0.01762 -6.617964
0.01763 -6.616835
0.01764 -6.615709
0.01765 -6.614587
0.01766 -6.613468
0.01767 -6.612352
0.01768 -6.611239
0.01769 -6.61013
0.0177 -6.609024
0.01771 -6.607921
0.01772 -6.606822
0.01773 -6.605726
0.01774 -6.604633
0.01775 -6.603544
0.01776 -6.602458
0.01777 -6.601376
0.01778 -6.600297
0.01779 -6.599221
0.0178 -6.598148
0.01781 -6.597078
0.01782 -6.596012
0.01783 -6.594949
0.01784 -6.593889
0.01785 -6.592833
0.01786 -6.59178
0.01787 -6.59073
0.01788 -6.589684
0.01789 -6.588641
0.0179 -6.587602
0.01791 -6.586566
0.01792 -6.585533
0.01793 -6.584503
0.01794 -6.583477
0.01795 -6.582454
0.01796 -6.581434
0.01797 -6.580418
0.01798 -6.579405
0.01799 -6.578395
0.018 -6.577388
0.01801 -6.576385
0.01802 -6.575385
0.01803 -6.574388
0.01804 -6.573395
0.01805 -6.572405
0.01806 -6.571419
0.01807 -6.570436
0.01808 -6.569456
0.01809 -6.568479
0.0181 -6.567506
0.01811 -6.566536
0.01812 -6.565569
0.01813 -6.564605
0.01814 -6.563645
0.01815 -6.562688
0.01816 -6.561734
0.01817 -6.560784
0.01818 -6.559838
0.01819 -6.558894
0.0182 -6.557954
0.01821 -6.557017
0.01822 -6.556084
0.01823 -6.555154
0.01824 -6.554227
0.01825 -6.553303
0.01826 -6.552383
0.01827 -6.551466
0.01828 -6.550552
0.01829 -6.549641
0.0183 -6.548734
0.01831 -6.54783
0.01832 -6.54693
0.01833 -6.546032
0.01834 -6.545138
0.01835 -6.544248
0.01836 -6.543361
0.01837 -6.542477
0.01838 -6.541597
0.01839 -6.54072
0.0184 -6.539846
0.01841 -6.538975
0.01842 -6.538108
0.01843 -6.537244
0.01844 -6.536383
0.01845 -6.535525
0.01846 -6.534671
0.01847 -6.53382
0.01848 -6.532973
0.01849 -6.532129
0.0185 -6.531288
0.01851 -6.530451
0.01852 -6.529617
0.01853 -6.528786
0.01854 -6.527958
0.01855 -6.527134
0.01856 -6.526313
0.01857 -6.525495
0.01858 -6.524681
0.01859 -6.52387
0.0186 -6.523062
0.01861 -6.522258
0.01862 -6.521456
0.01863 -6.520659
0.01864 -6.519864
0.01865 -6.519073
0.01866 -6.518285
0.01867 -6.517501
0.01868 -6.516719
0.01869 -6.515942
0.0187 -6.515167
0.01871 -6.514396
0.01872 -6.513628
0.01873 -6.512863
0.01874 -6.512102
0.01875 -6.511344
0.01876 -6.510589
0.01877 -6.509838
0.01878 -6.50909
0.01879 -6.508345
0.0188 -6.507604
0.01881 -6.506866
0.01882 -6.506131
0.01883 -6.505399
0.01884 -6.504671
0.01885 -6.503946
0.01886 -6.503225
0.01887 -6.502506
0.01888 -6.501792
0.01889 -6.50108
0.0189 -6.500372
0.01891 -6.499667
0.01892 -6.498965
0.01893 -6.498267
0.01894 -6.497572
0.01895 -6.49688
0.01896 -6.496192
0.01897 -6.495506
0.01898 -6.494825
0.01899 -6.494146
0.019 -6.493471
0.01901 -6.492799
0.01902 -6.492131
0.01903 -6.491465
0.01904 -6.490804
0.01905 -6.490145
0.01906 -6.48949
0.01907 -6.488838
0.01908 -6.488189
0.01909 -6.487544
0.0191 -6.486902
0.01911 -6.486263
0.01912 -6.485628
0.01913 -6.484995
0.01914 -6.484367
0.01915 -6.483741
0.01916 -6.483119
0.01917 -6.4825
0.01918 -6.481885
0.01919 -6.481273
0.0192 -6.480664
0.01921 -6.480058
0.01922 -6.479456
0.01923 -6.478857
0.01924 -6.478261
0.01925 -6.477669
0.01926 -6.47708
0.01927 -6.476494
0.01928 -6.475912
0.01929 -6.475333
0.0193 -6.474757
0.01931 -6.474185
0.01932 -6.473616
0.01933 -6.47305
0.01934 -6.472487
0.01935 -6.471928
0.01936 -6.471372
0.01937 -6.470819
0.01938 -6.47027
0.01939 -6.469724
0.0194 -6.469181
0.01941 -6.468642
0.01942 -6.468106
0.01943 -6.467573
0.01944 -6.467044
0.01945 -6.466518
0.01946 -6.465995
0.01947 -6.465476
0.01948 -6.46496
0.01949 -6.464447
0.0195 -6.463937
0.01951 -6.463431
0.01952 -6.462928
0.01953 -6.462428
0.01954 -6.461932
0.01955 -6.461439
0.01956 -6.460949
0.01957 -6.460463
0.01958 -6.45998
0.01959 -6.4595
0.0196 -6.459024
0.01961 -6.458551
0.01962 -6.458081
0.01963 -6.457615
0.01964 -6.457152
0.01965 -6.456692
0.01966 -6.456236
0.01967 -6.455783
0.01968 -6.455333
0.01969 -6.454886
0.0197 -6.454443
0.01971 -6.454003
0.01972 -6.453566
0.01973 -6.453133
0.01974 -6.452703
0.01975 -6.452276
0.01976 -6.451853
0.01977 -6.451432
0.01978 -6.451016
0.01979 -6.450602
0.0198 -6.450192
0.01981 -6.449785
0.01982 -6.449382
0.01983 -6.448982
0.01984 -6.448585
0.01985 -6.448192
0.01986 -6.447802
0.01987 -6.447415
0.01988 -6.447031
0.01989 -6.446651
0.0199 -6.446274
0.01991 -6.4459
0.01992 -6.44553
0.01993 -6.445162
0.01994 -6.444799
0.01995 -6.444438
0.01996 -6.444081
0.01997 -6.443727
0.01998 -6.443377
0.01999 -6.44303
0.02 -6.442686
0.02001 -6.442347
0.02002 -6.442018
0.02003 -6.441706
0.02004 -6.441419
0.02005 -6.441164
0.02006 -6.440946
0.02007 -6.440764
0.02008 -6.440616
0.02009 -6.440499
0.0201 -6.440412
0.02011 -6.440352
0.02012 -6.440319
0.02013 -6.440313
0.02014 -6.440333
0.02015 -6.440381
0.02016 -6.440456
0.02017 -6.440557
0.02018 -6.440686
0.02019 -6.440841
0.0202 -6.441023
0.02021 -6.441232
0.02022 -6.441468
0.02023 -6.441731
0.02024 -6.44202
0.02025 -6.442337
0.02026 -6.44268
0.02027 -6.443051
0.02028 -6.443448
0.02029 -6.443872
0.0203 -6.444323
0.02031 -6.444801
0.02032 -6.445305
0.02033 -6.445836
0.02034 -6.446395
0.02035 -6.44698
0.02036 -6.447592
0.02037 -6.448232
0.02038 -6.448898
0.02039 -6.449591
0.0204 -6.450311
0.02041 -6.451058
0.02042 -6.451831
0.02043 -6.452632
0.02044 -6.453459
0.02045 -6.454313
0.02046 -6.455194
0.02047 -6.456102
0.02048 -6.457037
0.02049 -6.457998
0.0205 -6.458987
0.02051 -6.460003
0.02052 -6.461045
0.02053 -6.462114
0.02054 -6.463211
0.02055 -6.464334
0.02056 -6.465484
0.02057 -6.466661
0.02058 -6.467865
0.02059 -6.469096
0.0206 -6.470353
0.02061 -6.471637
0.02062 -6.472948
0.02063 -6.474286
0.02064 -6.475651
0.02065 -6.477043
0.02066 -6.478462
0.02067 -6.479907
0.02068 -6.48138
0.02069 -6.48288
0.0207 -6.484406
0.02071 -6.485959
0.02072 -6.48754
0.02073 -6.489147
0.02074 -6.490781
0.02075 -6.492442
0.02076 -6.49413
0.02077 -6.495844
0.02078 -6.497586
0.02079 -6.499354
0.0208 -6.501149
0.02081 -6.502971
0.02082 -6.50482
0.02083 -6.506696
0.02084 -6.508598
0.02085 -6.510528
0.02086 -6.512485
0.02087 -6.514468
0.02088 -6.516478
0.02089 -6.518516
0.0209 -6.52058
0.02091 -6.522671
0.02092 -6.524789
0.02093 -6.526934
0.02094 -6.529106
0.02095 -6.531304
0.02096 -6.533529
0.02097 -6.535781
0.02098 -6.53806
0.02099 -6.540366
0.021 -6.542699
0.02101 -6.545059
0.02102 -6.547445
0.02103 -6.549859
0.02104 -6.5523
0.02105 -6.554767
0.02106 -6.557261
0.02107 -6.559783
0.02108 -6.562331
0.02109 -6.564906
0.0211 -6.567508
0.02111 -6.570137
0.02112 -6.572792
0.02113 -6.575475
0.02114 -6.578184
0.02115 -6.58092
0.02116 -6.583683
0.02117 -6.586473
0.02118 -6.58929
0.02119 -6.592133
0.0212 -6.595004
0.02121 -6.597902
0.02122 -6.600826
0.02123 -6.603777
0.02124 -6.606756
0.02125 -6.609761
0.02126 -6.612793
0.02127 -6.615852
0.02128 -6.618938
0.02129 -6.62205
0.0213 -6.62519
0.02131 -6.628356
0.02132 -6.63155
0.02133 -6.63477
0.02134 -6.638017
0.02135 -6.641291
0.02136 -6.644592
0.02137 -6.64792
0.02138 -6.651274
0.02139 -6.654656
0.0214 -6.658064
0.02141 -6.661499
0.02142 -6.664961
0.02143 -6.66845
0.02144 -6.671966
0.02145 -6.675509
0.02146 -6.679079
0.02147 -6.682675
0.02148 -6.686299
0.02149 -6.689949
0.0215 -6.693626
0.02151 -6.69733
0.02152 -6.701061
0.02153 -6.704819
0.02154 -6.708603
0.02155 -6.712415
0.02156 -6.716254
0.02157 -6.720119
0.02158 -6.724011
0.02159 -6.727931
0.0216 -6.731877
0.02161 -6.73585
0.02162 -6.73985
0.02163 -6.743877
0.02164 -6.74793
0.02165 -6.752011
0.02166 -6.756118
0.02167 -6.760253
0.02168 -6.764414
0.02169 -6.768602
0.0217 -6.772817
0.02171 -6.777059
0.02172 -6.781328
0.02173 -6.785623
0.02174 -6.789946
0.02175 -6.794295
0.02176 -6.798671
0.02177 -6.803074
0.02178 -6.807504
0.02179 -6.811961
0.0218 -6.816445
0.02181 -6.820956
0.02182 -6.825493
0.02183 -6.830057
0.02184 -6.834649
0.02185 -6.839267
0.02186 -6.843912
0.02187 -6.848584
0.02188 -6.853283
0.02189 -6.858009
0.0219 -6.862762
0.02191 -6.867541
0.02192 -6.872348
0.02193 -6.877181
0.02194 -6.882041
0.02195 -6.886928
0.02196 -6.891842
0.02197 -6.896783
0.02198 -6.901751
0.02199 -6.906745
0.022 -6.911767
0.02201 -6.916815
0.02202 -6.921891
0.02203 -6.926993
0.02204 -6.932122
0.02205 -6.937278
0.02206 -6.942461
0.02207 -6.947671
0.02208 -6.952907
0.02209 -6.958171
0.0221 -6.963461
0.02211 -6.968778
0.02212 -6.974122
0.02213 -6.979493
0.02214 -6.984891
0.02215 -6.990316
0.02216 -6.995768
0.02217 -7.001246
0.02218 -7.006751
0.02219 -7.012284
0.0222 -7.017843
0.02221 -7.023429
0.02222 -7.029042
0.02223 -7.034682
0.02224 -7.040349
0.02225 -7.046043
0.02226 -7.051763
0.02227 -7.057511
0.02228 -7.063285
0.02229 -7.069086
0.0223 -7.074914
0.02231 -7.080769
0.02232 -7.086651
0.02233 -7.09256
0.02234 -7.098495
0.02235 -7.104458
0.02236 -7.110447
0.02237 -7.116464
0.02238 -7.122507
0.02239 -7.128577
0.0224 -7.134674
0.02241 -7.140798
0.02242 -7.146949
0.02243 -7.153126
0.02244 -7.159331
0.02245 -7.165562
0.02246 -7.17182
0.02247 -7.178105
0.02248 -7.184417
0.02249 -7.190756
0.0225 -7.197122
0.02251 -7.203512
0.02252 -7.209912
0.02253 -7.216304
0.02254 -7.222672
0.02255 -7.228998
0.02256 -7.235269
0.02257 -7.241487
0.02258 -7.247658
0.02259 -7.253787
0.0226 -7.25988
0.02261 -7.265942
0.02262 -7.271974
0.02263 -7.277975
0.02264 -7.283947
0.02265 -7.289888
0.02266 -7.295799
0.02267 -7.301679
0.02268 -7.30753
0.02269 -7.31335
0.0227 -7.31914
0.02271 -7.3249
0.02272 -7.330629
0.02273 -7.336329
0.02274 -7.341998
0.02275 -7.347637
0.02276 -7.353246
0.02277 -7.358824
0.02278 -7.364372
0.02279 -7.36989
0.0228 -7.375378
0.02281 -7.380836
0.02282 -7.386263
0.02283 -7.391661
0.02284 -7.397028
0.02285 -7.402365
0.02286 -7.407672
0.02287 -7.412948
0.02288 -7.418194
0.02289 -7.423409
0.0229 -7.428595
0.02291 -7.433751
0.02292 -7.438876
0.02293 -7.443971
0.02294 -7.449036
0.02295 -7.454071
0.02296 -7.459075
0.02297 -7.464049
0.02298 -7.468993
0.02299 -7.473907
0.023 -7.47879
0.02301 -7.483643
0.02302 -7.488467
0.02303 -7.49326
0.02304 -7.498022
0.02305 -7.502755
0.02306 -7.507457
0.02307 -7.512129
0.02308 -7.516771
0.02309 -7.521383
0.0231 -7.525964
0.02311 -7.530515
0.02312 -7.535036
0.02313 -7.539527
0.02314 -7.543988
0.02315 -7.548418
0.02316 -7.552818
0.02317 -7.557188
0.02318 -7.561527
0.02319 -7.565837
0.0232 -7.570116
0.02321 -7.574365
0.02322 -7.578584
0.02323 -7.582772
0.02324 -7.586931
0.02325 -7.591059
0.02326 -7.595157
0.02327 -7.599224
0.02328 -7.603262
0.02329 -7.607269
0.0233 -7.611246
0.02331 -7.615193
0.02332 -7.619109
0.02333 -7.622996
0.02334 -7.626852
0.02335 -7.630678
0.02336 -7.634474
0.02337 -7.638239
0.02338 -7.641975
0.02339 -7.64568
0.0234 -7.649355
0.02341 -7.653
0.02342 -7.656614
0.02343 -7.660198
0.02344 -7.663752
0.02345 -7.667276
0.02346 -7.67077
0.02347 -7.674233
0.02348 -7.677666
0.02349 -7.681069
0.0235 -7.684442
0.02351 -7.687784
0.02352 -7.691097
0.02353 -7.694379
0.02354 -7.69763
0.02355 -7.700852
0.02356 -7.704043
0.02357 -7.707205
0.02358 -7.710336
0.02359 -7.713436
0.0236 -7.716507
0.02361 -7.719547
0.02362 -7.722558
0.02363 -7.725538
0.02364 -7.728487
0.02365 -7.731407
0.02366 -7.734296
0.02367 -7.737155
0.02368 -7.739984
0.02369 -7.742783
0.0237 -7.745551
0.02371 -7.748289
0.02372 -7.750997
0.02373 -7.753675
0.02374 -7.756323
0.02375 -7.75894
0.02376 -7.761527
0.02377 -7.764084
0.02378 -7.76661
0.02379 -7.769107
0.0238 -7.771573
0.02381 -7.774009
0.02382 -7.776415
0.02383 -7.77879
0.02384 -7.781136
0.02385 -7.783451
0.02386 -7.785736
0.02387 -7.787991
0.02388 -7.790215
0.02389 -7.79241
0.0239 -7.794574
0.02391 -7.796708
0.02392 -7.798811
0.02393 -7.800885
0.02394 -7.802928
0.02395 -7.804941
0.02396 -7.806924
0.02397 -7.808876
0.02398 -7.810799
0.02399 -7.812691
0.024 -7.814553
0.02401 -7.816385
0.02402 -7.818186
0.02403 -7.819957
0.02404 -7.821698
0.02405 -7.823409
0.02406 -7.82509
0.02407 -7.82674
0.02408 -7.82836
0.02409 -7.82995
0.0241 -7.83151
0.02411 -7.83304
0.02412 -7.834539
0.02413 -7.836008
0.02414 -7.837447
0.02415 -7.838856
0.02416 -7.840234
0.02417 -7.841583
0.02418 -7.842901
0.02419 -7.844188
0.0242 -7.845446
0.02421 -7.846673
0.02422 -7.847871
0.02423 -7.849038
0.02424 -7.850174
0.02425 -7.851281
0.02426 -7.852357
0.02427 -7.853403
0.02428 -7.854419
0.02429 -7.855405
0.0243 -7.85636
0.02431 -7.857285
0.02432 -7.85818
0.02433 -7.859045
0.02434 -7.85988
0.02435 -7.860684
0.02436 -7.861458
0.02437 -7.862202
0.02438 -7.862915
0.02439 -7.863599
0.0244 -7.864252
0.02441 -7.864875
0.02442 -7.865468
0.02443 -7.86603
0.02444 -7.866563
0.02445 -7.867065
0.02446 -7.867537
0.02447 -7.867979
0.02448 -7.86839
0.02449 -7.868772
0.0245 -7.869123
0.02451 -7.869444
0.02452 -7.869734
0.02453 -7.869995
0.02454 -7.870225
0.02455 -7.870425
0.02456 -7.870595
0.02457 -7.870734
0.02458 -7.870844
0.02459 -7.870923
0.0246 -7.870972
0.02461 -7.870991
0.02462 -7.870979
0.02463 -7.870938
0.02464 -7.870866
0.02465 -7.870764
0.02466 -7.870632
0.02467 -7.870469
0.02468 -7.870276
0.02469 -7.870053
0.0247 -7.8698
0.02471 -7.869516
0.02472 -7.869203
0.02473 -7.868859
0.02474 -7.868484
0.02475 -7.86808
0.02476 -7.867646
0.02477 -7.867181
0.02478 -7.866686
0.02479 -7.866161
0.0248 -7.865606
0.02481 -7.86502
0.02482 -7.864404
0.02483 -7.863758
0.02484 -7.863082
0.02485 -7.862375
0.02486 -7.861638
0.02487 -7.860872
0.02488 -7.860075
0.02489 -7.859247
0.0249 -7.85839
0.02491 -7.857502
0.02492 -7.856584
0.02493 -7.855636
0.02494 -7.854658
0.02495 -7.853649
0.02496 -7.85261
0.02497 -7.851541
0.02498 -7.850441
0.02499 -7.849312
0.025 -7.848152
0.02501 -7.846959
0.02502 -7.845715
0.02503 -7.8444
0.02504 -7.842995
0.02505 -7.841477
0.02506 -7.839832
0.02507 -7.838062
0.02508 -7.836173
0.02509 -7.834173
0.0251 -7.832068
0.02511 -7.829864
0.02512 -7.827562
0.02513 -7.825162
0.02514 -7.822664
0.02515 -7.820068
0.02516 -7.817374
0.02517 -7.814582
0.02518 -7.811691
0.02519 -7.808703
0.0252 -7.805617
0.02521 -7.802433
0.02522 -7.799151
0.02523 -7.79577
0.02524 -7.792292
0.02525 -7.788716
0.02526 -7.785042
0.02527 -7.781269
0.02528 -7.777399
0.02529 -7.773431
0.0253 -7.769364
0.02531 -7.765199
0.02532 -7.760937
0.02533 -7.756576
0.02534 -7.752118
0.02535 -7.747561
0.02536 -7.742906
0.02537 -7.738154
0.02538 -7.733303
0.02539 -7.728355
0.0254 -7.723308
0.02541 -7.718163
0.02542 -7.712921
0.02543 -7.70758
0.02544 -7.702142
0.02545 -7.696605
0.02546 -7.69097
0.02547 -7.685238
0.02548 -7.679407
0.02549 -7.673478
0.0255 -7.667451
0.02551 -7.661326
0.02552 -7.655103
0.02553 -7.648782
0.02554 -7.642363
0.02555 -7.635846
0.02556 -7.629231
0.02557 -7.622518
0.02558 -7.615707
0.02559 -7.608798
0.0256 -7.601791
0.02561 -7.594686
0.02562 -7.587483
0.02563 -7.580182
0.02564 -7.572783
0.02565 -7.565286
0.02566 -7.557691
0.02567 -7.549998
0.02568 -7.542207
0.02569 -7.534317
0.0257 -7.52633
0.02571 -7.518245
0.02572 -7.510061
0.02573 -7.50178
0.02574 -7.4934
0.02575 -7.484923
0.02576 -7.476348
0.02577 -7.467674
0.02578 -7.458903
0.02579 -7.450033
0.0258 -7.441066
0.02581 -7.432
0.02582 -7.422837
0.02583 -7.413575
0.02584 -7.404216
0.02585 -7.394758
0.02586 -7.385202
0.02587 -7.375549
0.02588 -7.365797
0.02589 -7.355948
0.0259 -7.346
0.02591 -7.335954
0.02592 -7.325811
0.02593 -7.315569
0.02594 -7.30523
0.02595 -7.294792
0.02596 -7.284256
0.02597 -7.273622
0.02598 -7.26289
0.02599 -7.25206
0.026 -7.241132
0.02601 -7.230106
0.02602 -7.218982
0.02603 -7.207761
0.02604 -7.196441
0.02605 -7.185023
0.02606 -7.173507
0.02607 -7.161893
0.02608 -7.150181
0.02609 -7.138371
0.0261 -7.126463
0.02611 -7.114457
0.02612 -7.102353
0.02613 -7.09015
0.02614 -7.07785
0.02615 -7.065452
0.02616 -7.052956
0.02617 -7.040362
0.02618 -7.027669
0.02619 -7.014879
0.0262 -7.001991
0.02621 -6.989005
0.02622 -6.97592
0.02623 -6.962738
0.02624 -6.949457
0.02625 -6.936079
0.02626 -6.922603
0.02627 -6.909028
0.02628 -6.895356
0.02629 -6.881585
0.0263 -6.867717
0.02631 -6.85375
0.02632 -6.839686
0.02633 -6.825523
0.02634 -6.811263
0.02635 -6.796904
0.02636 -6.782447
0.02637 -6.767893
0.02638 -6.75324
0.02639 -6.73849
0.0264 -6.723641
0.02641 -6.708694
0.02642 -6.693649
0.02643 -6.678507
0.02644 -6.663266
0.02645 -6.647927
0.02646 -6.63249
0.02647 -6.616955
0.02648 -6.601323
0.02649 -6.585592
0.0265 -6.569763
0.02651 -6.553836
0.02652 -6.537811
0.02653 -6.521688
0.02654 -6.505467
0.02655 -6.489148
0.02656 -6.472731
0.02657 -6.456216
0.02658 -6.439602
0.02659 -6.422891
0.0266 -6.406082
0.02661 -6.389175
0.02662 -6.37217
0.02663 -6.355066
0.02664 -6.337865
0.02665 -6.320566
0.02666 -6.303169
0.02667 -6.285674
0.02668 -6.26808
0.02669 -6.250389
0.0267 -6.2326
0.02671 -6.214713
0.02672 -6.196727
0.02673 -6.178644
0.02674 -6.160462
0.02675 -6.142183
0.02676 -6.123806
0.02677 -6.10533
0.02678 -6.086757
0.02679 -6.068085
0.0268 -6.049316
0.02681 -6.030449
0.02682 -6.011483
0.02683 -5.992419
0.02684 -5.973258
0.02685 -5.953998
0.02686 -5.93464
0.02687 -5.915184
0.02688 -5.895631
0.02689 -5.875979
0.0269 -5.856229
0.02691 -5.836381
0.02692 -5.816435
0.02693 -5.796392
0.02694 -5.77625
0.02695 -5.75601
0.02696 -5.735672
0.02697 -5.715236
0.02698 -5.694703
0.02699 -5.674071
0.027 -5.653341
0.02701 -5.632513
0.02702 -5.611587
0.02703 -5.590563
0.02704 -5.569441
0.02705 -5.548221
0.02706 -5.526903
0.02707 -5.505487
0.02708 -5.483973
0.02709 -5.462361
0.0271 -5.440651
0.02711 -5.418843
0.02712 -5.396936
0.02713 -5.374932
0.02714 -5.352829
0.02715 -5.330629
0.02716 -5.308331
0.02717 -5.285935
0.02718 -5.26344
0.02719 -5.240848
0.0272 -5.218158
0.02721 -5.19537
0.02722 -5.172483
0.02723 -5.149499
0.02724 -5.126417
0.02725 -5.103236
0.02726 -5.079957
0.02727 -5.056581
0.02728 -5.033106
0.02729 -5.009534
0.0273 -4.985863
0.02731 -4.962094
0.02732 -4.938228
0.02733 -4.914263
0.02734 -4.890201
0.02735 -4.86604
0.02736 -4.841781
0.02737 -4.817425
0.02738 -4.79297
0.02739 -4.768418
0.0274 -4.743767
0.02741 -4.719018
0.02742 -4.694172
0.02743 -4.669227
0.02744 -4.644184
0.02745 -4.619043
0.02746 -4.593804
0.02747 -4.568467
0.02748 -4.543032
0.02749 -4.517499
0.0275 -4.491868
0.02751 -4.466149
0.02752 -4.440391
0.02753 -4.414654
0.02754 -4.388997
0.02755 -4.363479
0.02756 -4.338146
0.02757 -4.312993
0.02758 -4.287998
0.02759 -4.263143
0.0276 -4.238407
0.02761 -4.213774
0.02762 -4.189241
0.02763 -4.164808
0.02764 -4.140475
0.02765 -4.116241
0.02766 -4.092107
0.02767 -4.068073
0.02768 -4.044138
0.02769 -4.020303
0.0277 -3.996568
0.02771 -3.972933
0.02772 -3.949397
0.02773 -3.925961
0.02774 -3.902625
0.02775 -3.879389
0.02776 -3.856252
0.02777 -3.833215
0.02778 -3.810278
0.02779 -3.787441
0.0278 -3.764703
0.02781 -3.742065
0.02782 -3.719527
0.02783 -3.697089
0.02784 -3.67475
0.02785 -3.652511
0.02786 -3.630372
0.02787 -3.608332
0.02788 -3.586393
0.02789 -3.564552
0.0279 -3.542812
0.02791 -3.521171
0.02792 -3.49963
0.02793 -3.478189
0.02794 -3.456848
0.02795 -3.435606
0.02796 -3.414464
0.02797 -3.393422
0.02798 -3.37248
0.02799 -3.351638
0.028 -3.330895
0.02801 -3.310252
0.02802 -3.289708
0.02803 -3.269264
0.02804 -3.24892
0.02805 -3.228676
0.02806 -3.208531
0.02807 -3.188487
0.02808 -3.168542
0.02809 -3.148696
0.0281 -3.128951
0.02811 -3.109305
0.02812 -3.089759
0.02813 -3.070313
0.02814 -3.050967
0.02815 -3.03172
0.02816 -3.012573
0.02817 -2.993526
0.02818 -2.974578
0.02819 -2.95573
0.0282 -2.936982
0.02821 -2.918334
0.02822 -2.899785
0.02823 -2.881336
0.02824 -2.862986
0.02825 -2.844737
0.02826 -2.826587
0.02827 -2.808537
0.02828 -2.790587
0.02829 -2.772737
0.0283 -2.754986
0.02831 -2.737335
0.02832 -2.719784
0.02833 -2.702332
0.02834 -2.68498
0.02835 -2.667728
0.02836 -2.650576
0.02837 -2.633523
0.02838 -2.61657
0.02839 -2.599717
0.0284 -2.582964
0.02841 -2.56631
0.02842 -2.549756
0.02843 -2.533302
0.02844 -2.516948
0.02845 -2.500693
0.02846 -2.484538
0.02847 -2.468483
0.02848 -2.452527
0.02849 -2.436672
0.0285 -2.420916
0.02851 -2.40526
0.02852 -2.389704
0.02853 -2.374247
0.02854 -2.35889
0.02855 -2.343633
0.02856 -2.328475
0.02857 -2.313417
0.02858 -2.298459
0.02859 -2.283601
0.0286 -2.268842
0.02861 -2.254183
0.02862 -2.239624
0.02863 -2.225164
0.02864 -2.210805
0.02865 -2.196545
0.02866 -2.182385
0.02867 -2.168325
0.02868 -2.154364
0.02869 -2.140503
0.0287 -2.126742
0.02871 -2.113081
0.02872 -2.099519
0.02873 -2.086057
0.02874 -2.072694
0.02875 -2.059432
0.02876 -2.046269
0.02877 -2.033206
0.02878 -2.020243
0.02879 -2.00738
0.0288 -1.994616
0.02881 -1.981952
0.02882 -1.969388
0.02883 -1.956923
0.02884 -1.944558
0.02885 -1.932293
0.02886 -1.920128
0.02887 -1.908062
0.02888 -1.896096
0.02889 -1.88423
0.0289 -1.872464
0.02891 -1.860797
0.02892 -1.84923
0.02893 -1.837763
0.02894 -1.826396
0.02895 -1.815128
0.02896 -1.80396
0.02897 -1.792892
0.02898 -1.781923
0.02899 -1.771054
0.029 -1.760285
0.02901 -1.749616
0.02902 -1.739046
0.02903 -1.728576
0.02904 -1.718206
0.02905 -1.707936
0.02906 -1.697766
0.02907 -1.687695
0.02908 -1.677724
0.02909 -1.667853
0.0291 -1.658081
0.02911 -1.648409
0.02912 -1.638837
0.02913 -1.629364
0.02914 -1.619991
0.02915 -1.610718
0.02916 -1.601545
0.02917 -1.592471
0.02918 -1.583498
0.02919 -1.574624
0.0292 -1.56585
0.02921 -1.557176
0.02922 -1.548601
0.02923 -1.540126
0.02924 -1.531751
0.02925 -1.523475
0.02926 -1.515299
0.02927 -1.507223
0.02928 -1.499247
0.02929 -1.49137
0.0293 -1.483593
0.02931 -1.475916
0.02932 -1.468339
0.02933 -1.460861
0.02934 -1.453483
0.02935 -1.446205
0.02936 -1.439027
0.02937 -1.431948
0.02938 -1.424969
0.02939 -1.418089
0.0294 -1.41131
0.02941 -1.40463
0.02942 -1.39805
0.02943 -1.39157
0.02944 -1.38519
0.02945 -1.378909
0.02946 -1.372728
0.02947 -1.366647
0.02948 -1.360665
0.02949 -1.354783
0.0295 -1.349001
0.02951 -1.343319
0.02952 -1.337736
0.02953 -1.332253
0.02954 -1.32687
0.02955 -1.321587
0.02956 -1.316403
0.02957 -1.31132
0.02958 -1.306335
0.02959 -1.301451
0.0296 -1.296666
0.02961 -1.291981
0.02962 -1.287395
0.02963 -1.28291
0.02964 -1.278524
0.02965 -1.274238
0.02966 -1.270052
0.02967 -1.265966
0.02968 -1.261979
0.02969 -1.258092
0.0297 -1.254305
0.02971 -1.250617
0.02972 -1.24703
0.02973 -1.243541
0.02974 -1.240153
0.02975 -1.236864
0.02976 -1.233675
0.02977 -1.230586
0.02978 -1.227596
0.02979 -1.224707
0.0298 -1.221917
0.02981 -1.219227
0.02982 -1.216637
0.02983 -1.214146
0.02984 -1.211755
0.02985 -1.209464
0.02986 -1.207273
0.02987 -1.205181
0.02988 -1.203189
0.02989 -1.201297
0.0299 -1.199504
0.02991 -1.197811
0.02992 -1.196218
0.02993 -1.194725
0.02994 -1.193331
0.02995 -1.192037
0.02996 -1.190843
0.02997 -1.189749
0.02998 -1.188754
0.02999 -1.187859
0.03 -1.187064
0.03001 -1.186362
0.03002 -1.18572
0.03003 -1.185099
0.03004 -1.184459
0.03005 -1.18376
0.03006 -1.182972
0.03007 -1.182099
0.03008 -1.181155
0.03009 -1.180152
0.0301 -1.179104
0.03011 -1.178021
0.03012 -1.176906
0.03013 -1.175759
0.03014 -1.17458
0.03015 -1.173369
0.03016 -1.172126
0.03017 -1.17085
0.03018 -1.169543
0.03019 -1.168203
0.0302 -1.166831
0.03021 -1.165427
0.03022 -1.163991
0.03023 -1.162522
0.03024 -1.161022
0.03025 -1.159489
0.03026 -1.157924
0.03027 -1.156327
0.03028 -1.154698
0.03029 -1.153037
0.0303 -1.151344
0.03031 -1.149619
0.03032 -1.147861
0.03033 -1.146072
0.03034 -1.14425
0.03035 -1.142396
0.03036 -1.14051
0.03037 -1.138592
0.03038 -1.136641
0.03039 -1.134659
0.0304 -1.132644
0.03041 -1.130597
0.03042 -1.128518
0.03043 -1.126407
0.03044 -1.124264
0.03045 -1.122089
0.03046 -1.119882
0.03047 -1.117642
0.03048 -1.115371
0.03049 -1.113067
0.0305 -1.110731
0.03051 -1.108363
0.03052 -1.105963
0.03053 -1.10353
0.03054 -1.101066
0.03055 -1.098569
0.03056 -1.09604
0.03057 -1.093479
0.03058 -1.090886
0.03059 -1.088261
0.0306 -1.085604
0.03061 -1.082915
0.03062 -1.080193
0.03063 -1.07744
0.03064 -1.074654
0.03065 -1.071836
0.03066 -1.068986
0.03067 -1.066104
0.03068 -1.063189
0.03069 -1.060243
0.0307 -1.057264
0.03071 -1.054253
0.03072 -1.05121
0.03073 -1.048135
0.03074 -1.045028
0.03075 -1.041889
0.03076 -1.038718
0.03077 -1.035514
0.03078 -1.032278
0.03079 -1.02901
0.0308 -1.02571
0.03081 -1.022378
0.03082 -1.019014
0.03083 -1.015617
0.03084 -1.012189
0.03085 -1.008728
0.03086 -1.005235
0.03087 -1.00171
0.03088 -0.9981535
0.03089 -0.9945645
0.0309 -0.9909432
0.03091 -0.9872898
0.03092 -0.9836042
0.03093 -0.9798864
0.03094 -0.9761365
0.03095 -0.9723545
0.03096 -0.9685404
0.03097 -0.9646941
0.03098 -0.9608157
0.03099 -0.9569052
0.031 -0.9529625
0.03101 -0.9489877
0.03102 -0.9449807
0.03103 -0.9409417
0.03104 -0.9368704
0.03105 -0.9327671
0.03106 -0.9286316
0.03107 -0.924464
0.03108 -0.9202643
0.03109 -0.9160324
0.0311 -0.9117684
0.03111 -0.9074723
0.03112 -0.903144
0.03113 -0.8987835
0.03114 -0.894391
0.03115 -0.8899663
0.03116 -0.8855095
0.03117 -0.8810205
0.03118 -0.8764994
0.03119 -0.8719462
0.0312 -0.8673608
0.03121 -0.8627433
0.03122 -0.8580936
0.03123 -0.8534119
0.03124 -0.8486979
0.03125 -0.8439519
0.03126 -0.8391737
0.03127 -0.8343634
0.03128 -0.829521
0.03129 -0.8246464
0.0313 -0.8197397
0.03131 -0.8148008
0.03132 -0.8098299
0.03133 -0.8048267
0.03134 -0.7997915
0.03135 -0.7947241
0.03136 -0.7896246
0.03137 -0.7844929
0.03138 -0.7793292
0.03139 -0.7741333
0.0314 -0.7689052
0.03141 -0.763645
0.03142 -0.7583527
0.03143 -0.7530282
0.03144 -0.7476716
0.03145 -0.7422828
0.03146 -0.7368619
0.03147 -0.7314089
0.03148 -0.7259238
0.03149 -0.7204065
0.0315 -0.7148571
0.03151 -0.7092756
0.03152 -0.7036619
0.03153 -0.6980161
0.03154 -0.6923382
0.03155 -0.6866281
0.03156 -0.6808859
0.03157 -0.6751115
0.03158 -0.6693051
0.03159 -0.6634665
0.0316 -0.6575957
0.03161 -0.6516928
0.03162 -0.6457578
0.03163 -0.6397906
0.03164 -0.6337913
0.03165 -0.6277599
0.03166 -0.6216963
0.03167 -0.6156006
0.03168 -0.6094728
0.03169 -0.6033128
0.0317 -0.5971207
0.03171 -0.5908965
0.03172 -0.5846401
0.03173 -0.5783516
0.03174 -0.572031
0.03175 -0.5656782
0.03176 -0.5592933
0.03177 -0.5528763
0.03178 -0.5464271
0.03179 -0.5399458
0.0318 -0.5334323
0.03181 -0.5268867
0.03182 -0.520309
0.03183 -0.5136991
0.03184 -0.5070571
0.03185 -0.500383
0.03186 -0.4936767
0.03187 -0.4869384
0.03188 -0.4801678
0.03189 -0.4733652
0.0319 -0.4665304
0.03191 -0.4596635
0.03192 -0.4527644
0.03193 -0.4458332
0.03194 -0.4388699
0.03195 -0.4318744
0.03196 -0.4248468
0.03197 -0.4177871
0.03198 -0.4106952
0.03199 -0.4035712
0.032 -0.396415
0.03201 -0.3892267
0.03202 -0.3820063
0.03203 -0.3747537
0.03204 -0.367469
0.03205 -0.3601523
0.03206 -0.3528035
0.03207 -0.3454225
0.03208 -0.3380093
0.03209 -0.3305639
0.0321 -0.3230861
0.03211 -0.315576
0.03212 -0.3080337
0.03213 -0.3004595
0.03214 -0.2928538
0.03215 -0.2852167
0.03216 -0.2775483
0.03217 -0.2698479
0.03218 -0.2621143
0.03219 -0.2543466
0.0322 -0.2465438
0.03221 -0.2387056
0.03222 -0.2308351
0.03223 -0.2229361
0.03224 -0.2150123
0.03225 -0.2070676
0.03226 -0.1991028
0.03227 -0.1911067
0.03228 -0.183065
0.03229 -0.1749635
0.0323 -0.166788
0.03231 -0.1585355
0.03232 -0.1502478
0.03233 -0.1419781
0.03234 -0.1337795
0.03235 -0.1257051
0.03236 -0.1177661
0.03237 -0.1098062
0.03238 -0.1016272
0.03239 -0.09303076
0.0324 -0.08381879
0.03241 -0.07394936
0.03242 -0.06400591
0.03243 -0.05472821
0.03244 -0.04685602
0.03245 -0.04112911
0.03246 -0.03804273
0.03247 -0.03711402
0.03248 -0.03761558
0.03249 -0.03882004
0.0325 -0.04
0.03251 -0.04058109
0.03252 -0.04060096
0.03253 -0.04025029
0.03254 -0.03971975
0.03255 -0.0392
0.03256 -0.03884143
0.03257 -0.03863323
0.03258 -0.03852432
0.03259 -0.03846361
0.0326 -0.0384
0.03261 -0.03829321
0.03262 -0.03814612
0.03263 -0.03797243
0.03264 -0.03778583
0.03265 -0.0376
0.03266 -0.03742574
0.03267 -0.03726228
0.03268 -0.03710595
0.03269 -0.03695308
0.0327 -0.0368
0.03271 -0.03664382
0.03272 -0.03648475
0.03273 -0.03632376
0.03274 -0.03616185
0.03275 -0.036
0.03276 -0.03583898
0.03277 -0.03567873
0.03278 -0.03551899
0.03279 -0.0353595
0.0328 -0.0352
0.03281 -0.03504027
0.03282 -0.03488034
0.03283 -0.03472027
0.03284 -0.03456013
0.03285 -0.0344
0.03286 -0.03423993
0.03287 -0.03407991
0.03288 -0.03391993
0.03289 -0.03375996
0.0329 -0.0336
0.03291 -0.03344002
0.03292 -0.03328002
0.03293 -0.03312002
0.03294 -0.03296001
0.03295 -0.0328
0.03296 -0.03263999
0.03297 -0.03247999
0.03298 -0.03231999
0.03299 -0.03216
0.033 -0.032
0.03301 -0.03184
0.03302 -0.03168
0.03303 -0.03152
0.03304 -0.03136
0.03305 -0.0312
0.03306 -0.03104
0.03307 -0.03088
0.03308 -0.03072
0.03309 -0.03056
0.0331 -0.0304
0.03311 -0.03024
0.03312 -0.03008
0.03313 -0.02992
0.03314 -0.02976
0.03315 -0.0296
0.03316 -0.02944
0.03317 -0.02928
0.03318 -0.02912
0.03319 -0.02896
0.0332 -0.0288
0.03321 -0.02864
0.03322 -0.02848
0.03323 -0.02832
0.03324 -0.02816
0.03325 -0.028
0.03326 -0.02784
0.03327 -0.02768
0.03328 -0.02752
0.03329 -0.02736
0.0333 -0.0272
0.03331 -0.02704
0.03332 -0.02688
0.03333 -0.02672
0.03334 -0.02656
0.03335 -0.0264
0.03336 -0.02624
0.03337 -0.02608
0.03338 -0.02592
0.03339 -0.02576
0.0334 -0.0256
0.03341 -0.02544
0.03342 -0.02528
0.03343 -0.02512
0.03344 -0.02496
0.03345 -0.0248
0.03346 -0.02464
0.03347 -0.02448
0.03348 -0.02432
0.03349 -0.02416
0.0335 -0.024
0.03351 -0.02384
0.03352 -0.02368
0.03353 -0.02352
0.03354 -0.02336
0.03355 -0.0232
0.03356 -0.02304
0.03357 -0.02288
0.03358 -0.02272
0.03359 -0.02256
0.0336 -0.0224
0.03361 -0.02224
0.03362 -0.02208
0.03363 -0.02192
0.03364 -0.02176
0.03365 -0.0216
0.03366 -0.02144
0.03367 -0.02128
0.03368 -0.02112
0.03369 -0.02096
0.0337 -0.0208
0.03371 -0.02064
0.03372 -0.02048
0.03373 -0.02032
0.03374 -0.02016
0.03375 -0.02
0.03376 -0.01984
0.03377 -0.01968
0.03378 -0.01952
0.03379 -0.01936
0.0338 -0.0192
0.03381 -0.01904
0.03382 -0.01888
0.03383 -0.01872
0.03384 -0.01856
0.03385 -0.0184
0.03386 -0.01824
0.03387 -0.01808
0.03388 -0.01792
0.03389 -0.01776
0.0339 -0.0176
0.03391 -0.01744
0.03392 -0.01728
0.03393 -0.01712
0.03394 -0.01696
0.03395 -0.0168
0.03396 -0.01664
0.03397 -0.01648
0.03398 -0.01632
0.03399 -0.01616
0.034 -0.016
0.03401 -0.01584
0.03402 -0.01568
0.03403 -0.01552
0.03404 -0.01536
0.03405 -0.0152
0.03406 -0.01504
0.03407 -0.01488
0.03408 -0.01472
0.03409 -0.01456
0.0341 -0.0144
0.03411 -0.01424
0.03412 -0.01408
0.03413 -0.01392
0.03414 -0.01376
0.03415 -0.0136
0.03416 -0.01344
0.03417 -0.01328
0.03418 -0.01312
0.03419 -0.01296
0.0342 -0.0128
0.03421 -0.01264
0.03422 -0.01248
0.03423 -0.01232
0.03424 -0.01216
0.03425 -0.012
0.03426 -0.01184
0.03427 -0.01168
0.03428 -0.01152
0.03429 -0.01136
0.0343 -0.0112
0.03431 -0.01104
0.03432 -0.01088
0.03433 -0.01072
0.03434 -0.01056
0.03435 -0.0104
0.03436 -0.01024
0.03437 -0.01008
0.03438 -0.00992
0.03439 -0.00976
0.0344 -0.0096
0.03441 -0.00944
0.03442 -0.00928
0.03443 -0.00912
0.03444 -0.00896
0.03445 -0.0088
0.03446 -0.00864
0.03447 -0.00848
0.03448 -0.00832
0.03449 -0.00816
0.0345 -0.008
0.03451 -0.00784
0.03452 -0.00768
0.03453 -0.00752
0.03454 -0.00736
0.03455 -0.0072
0.03456 -0.00704
0.03457 -0.00688
0.03458 -0.00672
0.03459 -0.00656
0.0346 -0.0064
0.03461 -0.00624
0.03462 -0.00608
0.03463 -0.00592
0.03464 -0.00576
0.03465 -0.0056
0.03466 -0.00544
0.03467 -0.00528
0.03468 -0.00512
0.03469 -0.00496
0.0347 -0.0048
0.03471 -0.00464
0.03472 -0.00448
0.03473 -0.00432
0.03474 -0.00416
0.03475 -0.004
0.03476 -0.00384
0.03477 -0.00368
0.03478 -0.00352
0.03479 -0.00336
0.0348 -0.0032
0.03481 -0.00304
0.03482 -0.00288
0.03483 -0.00272
0.03484 -0.00256
0.03485 -0.0024
0.03486 -0.00224
0.03487 -0.00208
0.03488 -0.00192
0.03489 -0.00176
0.0349 -0.0016
0.03491 -0.00144
0.03492 -0.00128
0.03493 -0.00112
0.03494 -9.6E-4
0.03495 -8E-4
0.03496 -6.4E-4
0.03497 -4.8E-4
0.03498 -3.2E-4
0.03499 -1.6E-4
0.035 6.779545E-12