0
1.73174E-4
3.47708E-4
5.23597E-4
7.00832E-4
8.79408E-4
0.00105932
0.00124055
0.00142311
0.00160698
0.00179215
0.00197862
0.00216639
0.00235544
0.00254577
0.00273737
0.00293023
0.00312436
0.00331973
0.00351635
0.00371421
0.0039133
0.00411361
0.00431513
0.00451787
0.00472181
0.00492695
0.00513327
0.00534078
0.00554947
0.00575932
0.00597034
0.00618251
0.00639583
0.00661029
0.00682588
0.00704261
0.00726045
0.00747941
0.00769947
0.00792064
0.0081429
0.00836624
0.00859067
0.00881617
0.00904273
0.00927036
0.00949903
0.00972875
0.00995951
0.0101913
0.0104241
0.010658
0.0108928
0.0111287
0.0113655
0.0116033
0.0118422
0.012082
0.0123227
0.0125645
0.0128072
0.0130508
0.0132954
0.0135409
0.0137873
0.0140347
0.014283
0.0145322
0.0147823
0.0150333
0.0152852
0.0155379
0.0157916
0.0160461
0.0163014
0.0165576
0.0168147
0.0170726
0.0173313
0.0175909
0.0178513
0.0181125
0.0183745
0.0186373
0.0189008
0.0191652
0.0194304
0.0196963
0.019963
0.0202304
0.0204986
0.0207676
0.0210372
0.0213077
0.0215788
0.0218506
0.0221232
0.0223965
0.0226704
0.0229451
0.0232204
0.0234964
0.0237731
0.0240504
0.0243284
0.024607
0.0248863
0.0251662
0.0254468
0.0257279
0.0260097
0.0262921
0.0265751
0.0268586
0.0271428
0.0274275
0.0277129
0.0279987
0.0282852
0.0285722
0.0288597
0.0291478
0.0294364
0.0297255
0.0300152
0.0303053
0.030596
0.0308872
0.0311788
0.0314709
0.0317636
0.0320566
0.0323502
0.0326442
0.0329386
0.0332335
0.0335289
0.0338246
0.0341208
0.0344174
0.0347144
0.0350118
0.0353096
0.0356078
0.0359064
0.0362053
0.0365046
0.0368043
0.0371043
0.0374047
0.0377054
0.0380064
0.0383078
0.0386095
0.0389115
0.0392138
0.0395164
0.0398193
0.0401225
0.0404259
0.0407296
0.0410336
0.0413379
0.0416424
0.0419471
0.0422521
0.0425573
0.0428628
0.0431684
0.0434743
0.0437803
0.0440866
0.0443931
0.0446997
0.0450065
0.0453135
0.0456206
0.0459279
0.0462353
0.0465429
0.0468506
0.0471585
0.0474664
0.0477745
0.0480827
0.048391
0.0486993
0.0490078
0.0493163
0.049625
0.0499336
0.0502424
0.0505512
0.05086
0.0511689
0.0514778
0.0517867
0.0520957
0.0524046
0.0527136
0.0530225
0.0533315
0.0536404
0.0539493
0.0542582
0.054567
0.0548758
0.0551846
0.0554933
0.0558019
0.0561104
0.0564189
0.0567273
0.0570356
0.0573438
0.0576519
0.0579599
0.0582677
0.0585755
0.0588831
0.0591905
0.0594978
0.059805
0.060112
0.0604188
0.0607255
0.061032
0.0613382
0.0616443
0.0619502
0.0622559
0.0625614
0.0628666
0.0631716
0.0634764
0.063781
0.0640852
0.0643893
0.064693
0.0649965
0.0652998
0.0656027
0.0659054
0.0662077
0.0665097
0.0668115
0.0671129
0.067414
0.0677147
0.0680152
0.0683152
0.068615
0.0689143
0.0692133
0.0695119
0.0698102
0.0701081
0.0704055
0.0707026
0.0709992
0.0712955
0.0715913
0.0718867
0.0721816
0.0724762
0.0727702
0.0730638
0.073357
0.0736497
0.0739419
0.0742336
0.0745249
0.0748156
0.0751058
0.0753956
0.0756848
0.0759734
0.0762616
0.0765492
0.0768363
0.0771228
0.0774088
0.0776942
0.077979
0.0782632
0.0785469
0.07883
0.0791125
0.0793943
0.0796756
0.0799562
0.0802362
0.0805156
0.0807943
0.0810724
0.0813498
0.0816266
0.0819027
0.0821781
0.0824529
0.082727
0.0830003
0.083273
0.0835449
0.0838162
0.0840867
0.0843565
0.0846255
0.0848938
0.0851614
0.0854282
0.0856942
0.0859595
0.086224
0.0864877
0.0867506
0.0870127
0.087274
0.0875345
0.0877942
0.0880531
0.0883111
0.0885683
0.0888246
0.0890801
0.0893347
0.0895885
0.0898414
0.0900934
0.0903445
0.0905948
0.0908441
0.0910925
0.09134
0.0915866
0.0918322
0.092077
0.0923207
0.0925636
0.0928055
0.0930464
0.0932863
0.0935253
0.0937633
0.0940003
0.0942363
0.0944713
0.0947052
0.0949382
0.0951702
0.0954011
0.0956309
0.0958598
0.0960876
0.0963143
0.0965399
0.0967645
0.096988
0.0972104
0.0974318
0.097652
0.0978711
0.0980891
0.098306
0.0985218
0.0987364
0.0989499
0.0991622
0.0993734
0.0995835
0.0997923
0.1
0.100207
0.100415
0.100623
0.100831
0.10104
0.101249
0.101459
0.101669
0.101879
0.10209
0.102302
0.102514
0.102727
0.102941
0.103155
0.103369
0.103585
0.103801
0.104018
0.104235
0.104453
0.104673
0.104892
0.105113
0.105335
0.105557
0.105781
0.106005
0.10623
0.106456
0.106684
0.106912
0.107141
0.107372
0.107603
0.107835
0.108069
0.108304
0.10854
0.108777
0.109015
0.109255
0.109496
0.109738
0.109982
0.110226
0.110473
0.11072
0.110969
0.111219
0.111471
0.111725
0.111979
0.112236
0.112493
0.112753
0.113014
0.113276
0.113541
0.113806
0.114074
0.114343
0.114614
0.114887
0.115161
0.115437
0.115715
0.115995
0.116277
0.11656
0.116846
0.117133
0.117422
0.117713
0.118007
0.118302
0.118599
0.118899
0.1192
0.119503
0.119809
0.120117
0.120427
0.120739
0.121053
0.12137
0.121689
0.12201
0.122333
0.122659
0.122987
0.123317
0.12365
0.123986
0.124323
0.124663
0.125006
0.125351
0.125699
0.126049
0.126402
0.126757
0.127115
0.127476
0.127839
0.128205
0.128574
0.128945
0.129319
0.129696
0.130076
0.130459
0.130844
0.131232
0.131624
0.132018
0.132415
0.132815
0.133218
0.133624
0.134032
0.134445
0.13486
0.135278
0.135699
0.136123
0.136551
0.136982
0.137416
0.137853
0.138293
0.138737
0.139184
0.139635
0.140088
0.140545
0.141006
0.141469
0.141937
0.142407
0.142882
0.143359
0.14384
0.144325
0.144814
0.145305
0.145801
0.1463
0.146803
0.147309
0.14782
0.148333
0.148851
0.149372
0.149898
0.150427
0.15096
0.151496
0.152037
0.152581
0.15313
0.153682
0.154238
0.154799
0.155363
0.155931
0.156504
0.15708
0.157661
0.158246
0.158835
0.159428
0.160025
0.160627
0.161232
0.161842
0.162457
0.163075
0.163698
0.164326
0.164957
0.165593
0.166234
0.166879
0.167528
0.168182
0.168841
0.169504
0.170171
0.170843
0.17152
0.172201
0.172887
0.173578
0.174273
0.174973
0.175678
0.176388
0.177102
0.177821
0.178545
0.179274
0.180008
0.180746
0.18149
0.182238
0.182992
0.18375
0.184513
0.185282
0.186055
0.186834
0.187618
0.188406
0.1892
0.189999
0.190804
0.191613
0.192428
0.193248
0.194073
0.194904
0.19574
0.196581
0.197428
0.19828
0.199137
0.2
0.200859
0.201705
0.202538
0.203359
0.204168
0.204966
0.205753
0.206529
0.207296
0.208053
0.208802
0.209542
0.210274
0.210998
0.211715
0.212426
0.21313
0.213829
0.214522
0.215211
0.215895
0.216576
0.217253
0.217927
0.218599
0.219269
0.219937
0.220604
0.22127
0.221937
0.222603
0.223271
0.22394
0.22461
0.225283
0.225958
0.226636
0.227318
0.228004
0.228695
0.22939
0.230091
0.230798
0.231511
0.232231
0.232958
0.233693
0.234437
0.235188
0.235949
0.23672
0.237501
0.238292
0.239094
0.239908
0.240734
0.241572
0.242422
0.243287
0.244165
0.245057
0.245964
0.246886
0.247824
0.248777
0.249748
0.250735
0.25174
0.252763
0.253804
0.254864
0.255944
0.257043
0.258163
0.259303
0.260465
0.261648
0.262854
0.264082
0.265333
0.266607
0.267906
0.269229
0.270577
0.27195
0.273349
0.274775
0.276227
0.277707
0.279214
0.280749
0.282313
0.283906
0.285529
0.287182
0.288865
0.290579
0.292325
0.294102
0.295912
0.297755
0.299631
0.30154
0.303484
0.305463
0.307476
0.309525
0.311611
0.313732
0.315891
0.318087
0.320322
0.322594
0.324906
0.327256
0.329647
0.332077
0.334549
0.337061
0.339616
0.342212
0.344851
0.347532
0.350258
0.353027
0.355841
0.358699
0.361603
0.364553
0.367549
0.370592
0.373682
0.376819
0.380005
0.383239
0.386523
0.389855
0.393238
0.396672
0.400156
0.403691
0.407279
0.410918
0.414611
0.418357
0.422156
0.42601
0.429918
0.433881
0.4379
0.441975
0.446106
0.450294
0.45454
0.458844
0.463205
0.467626
0.472106
0.476646
0.481246
0.485906
0.490628
0.495411
0.500256
0.505164
0.510135
0.515169
0.520267
0.52543
0.530657
0.535949
0.541308
0.546732
0.552224
0.557782
0.563408
0.569102
0.574865
0.580697
0.586598
0.592569
0.59861
0.604723
0.610906
0.617162
0.62349
0.62989
0.636364
0.642911
0.649533
0.656229
0.663
0.669846
0.676769
0.683768
0.690843
0.697997
0.705228
0.712537
0.719925
0.727392
0.734939
0.742567
0.750274
0.758063
0.765934
0.773886
0.781921
0.790039
0.79824
0.806525
0.814894
0.823348
0.831888
0.840513
0.849224
0.858022
0.866907
0.87588
0.88494
0.89409
0.903328
0.912655
0.922073
0.931581
0.941179
0.950869
0.960651
0.970525
0.980491
0.990551
1.0007
1.01095
1.02129
1.03173
1.04226
1.05289
1.06362
1.07444
1.08536
1.09637
1.10749
1.1187
1.13001
1.14143
1.15294
1.16455
1.17627
1.18808
1.2
1.21214
1.22461
1.23742
1.25056
1.26403
1.27783
1.29196
1.30642
1.3212
1.33631
1.35174
1.36749
1.38356
1.39995
1.41666
1.43368
1.45102
1.46867
1.48664
1.50491
1.52349
1.54238
1.56157
1.58107
1.60088
1.62098
1.64139
1.66209
1.68309
1.70439
1.72598
1.74786
1.77004
1.7925
1.81526
1.8383
1.86163
1.88525
1.90914
1.93332
1.95778
1.98252
2.00753
2.03282
2.05839
2.08423
2.11034
2.13672
2.16337
2.19029
2.21748
2.24493
2.27264
2.30061
2.32885
2.35734
2.3861
2.4151
2.44437
2.47388
2.50365
2.53367
2.56394
2.59446
2.62522
2.65623
2.68748
2.71897
2.7507
2.78268
2.81489
2.84734
2.88002
2.91293
2.94608
2.97946
3.01307
3.0469
3.08096
3.11525
3.14976
3.1845
3.21945
3.25462
3.29001
3.32562
3.36144
3.39748
3.43373
3.47019
3.50686
3.54374
3.58082
3.61811
3.6556
3.6933
3.73119
3.76929
3.80758
3.84607
3.88476
3.92364
3.96271
4.00197
4.04142
4.08107
4.12089
4.16091
4.2011
4.24148
4.28204
4.32278
4.3637
4.40479
4.44606
4.48751
4.52913
4.57091
4.61287
4.655
4.69729
4.73975
4.78237
4.82516
4.8681
4.91121
4.95447
4.99789
5.04147
5.0852
5.12908
5.17312
5.2173
5.26164
5.30612
5.35074
5.39551
5.44043
5.48548
5.53067
5.57601
5.62148
5.66708
5.71282
5.75869
5.8047
5.85083
5.89709
5.94348
5.99
6.03718
6.08553
6.13503
6.18564
6.23735
6.29011
6.34391
6.3987
6.45446
6.51117
6.56879
6.62729
6.68665
6.74683
6.8078
6.86954
6.93202
6.9952
7.05906
7.12357
7.18869
7.25441
7.32069
7.3875
7.45481
7.52259
7.59081
7.65945
7.72847
7.79785
7.86755
7.93755
8.00781
8.07832
8.14903
8.21992
8.29095
8.36211
8.43336
8.50467
8.57601
8.64736
8.71868
8.78994
8.86112
8.93218
9.0031
9.07385
9.14439
9.2147
9.28475
9.35451
9.42394
9.49303
9.56174
9.63004
9.69791
9.76531
9.83221
9.89859
9.96441
10.0296
10.0943
10.1582
10.2216
10.2842
10.346
10.4072
10.4675
10.527
10.5857
10.6434
10.7003
10.7562
10.8112
10.8652
10.9182
10.9701
11.0209
11.0706
11.1191
11.1665
11.2127
11.2577
11.3014
11.3438
11.3849
11.4247
11.463
11.5
11.5359
11.5712
11.6058
11.6397
11.673
11.7056
11.7376
11.769
11.7998
11.8299
11.8594
11.8884
11.9167
11.9444
11.9716
11.9982
12.0242
12.0497
12.0746
12.099
12.1228
12.1461
12.1689
12.1911
12.2129
12.2341
12.2548
12.2751
12.2948
12.3141
12.3329
12.3512
12.3691
12.3865
12.4035
12.4201
12.4362
12.4519
12.4671
12.482
12.4964
12.5105
12.5242
12.5375
12.5504
12.5629
12.5751
12.5869
12.5984
12.6095
12.6203
12.6307
12.6409
12.6507
12.6602
12.6694
12.6783
12.687
12.6953
12.7034
12.7112
12.7187
12.726
12.7331
12.7399
12.7464
12.7528
12.7589
12.7648
12.7705
12.776
12.7813
12.7864
12.7913
12.7961
12.8007
12.8051
12.8094
12.8136
12.8176
12.8215
12.8252
12.8288
12.8323
12.8358
12.8391
12.8423
12.8454
12.8485
12.8515
12.8544
12.8573
12.8601
12.8629
12.8656
12.8683
12.871
12.8736
12.8763
12.879
12.8816
12.8843
12.887
12.8897
12.8924
12.8952
12.898
12.9009
12.9038
12.9068
12.9099
12.9131
12.9163
12.9196
12.9231
12.9266
12.9302
12.934
12.9378
12.9414
12.9448
12.9482
12.9514
12.9544
12.9573
12.9601
12.9627
12.9652
12.9675
12.9697
12.9717
12.9736
12.9754
12.977
12.9785
12.9798
12.981
12.982
12.9829
12.9837
12.9843
12.9847
12.985
12.9852
12.9852
12.9851
12.9848
12.9844
12.9838
12.9831
12.9823
12.9813
12.9801
12.9788
12.9774
12.9758
12.9741
12.9722
12.9702
12.968
12.9657
12.9632
12.9606
12.9578
12.9549
12.9518
12.9486
12.9453
12.9417
12.9381
12.9343
12.9303
12.9262
12.922
12.9175
12.913
12.9083
12.9034
12.8984
12.8933
12.888
12.8825
12.8769
12.8711
12.8652
12.8592
12.8529
12.8466
12.8401
12.8334
12.8266
12.8196
12.8125
12.8052
12.7978
12.7902
12.7824
12.7746
12.7665
12.7583
12.75
12.7415
12.7328
12.724
12.715
12.7059
12.6967
12.6872
12.6777
12.6679
12.658
12.648
12.6378
12.6274
12.6169
12.6063
12.5954
12.5845
12.5733
12.562
12.5506
12.539
12.5272
12.5153
12.5033
12.491
12.4786
12.4661
12.4534
12.4406
12.4274
12.4138
12.3998
12.3853
12.3705
12.3552
12.3396
12.3235
12.3071
12.2903
12.2732
12.2557
12.2379
12.2197
12.2012
12.1824
12.1633
12.1439
12.1242
12.1042
12.084
12.0635
12.0427
12.0217
12.0005
11.979
11.9573
11.9354
11.9133
11.891
11.8685
11.8459
11.823
11.8001
11.7769
11.7537
11.7303
11.7067
11.6831
11.6594
11.6355
11.6116
11.5876
11.5635
11.5394
11.5152
11.4909
11.4667
11.4423
11.418
11.3937
11.3694
11.3451
11.3207
11.2965
11.2722
11.248
11.2239
11.1998
11.1758
11.1518
11.128
11.1042
11.0806
11.057
11.0336
11.0103
10.9872
10.9642
10.9413
10.9186
10.8961
10.8738
10.8517
10.8297
10.808
10.7865
10.7652
10.7442
10.7234
10.7027
10.682
10.6613
10.6406
10.6199
10.5991
10.5784
10.5576
10.5368
10.516
10.4952
10.4744
10.4536
10.4327
10.4119
10.391
10.3702
10.3493
10.3284
10.3075
10.2866
10.2657
10.2448
10.2238
10.2029
10.182
10.161
10.14
10.1191
10.0981
10.0771
10.0561
10.0351
10.0141
9.99315
9.97214
9.95113
9.93011
9.90909
9.88806
9.86703
9.846
9.82497
9.80393
9.78288
9.76184
9.74079
9.71974
9.69869
9.67764
9.65658
9.63553
9.61447
9.59341
9.57235
9.5513
9.53024
9.50918
9.48812
9.46707
9.44601
9.42496
9.40391
9.38286
9.36181
9.34076
9.31972
9.29868
9.27764
9.25661
9.23558
9.21455
9.19353
9.17251
9.1515
9.13049
9.10948
9.08848
9.06749
9.0465
9.02552
9.00455
8.98358
8.96262
8.94166
8.92072
8.89978
8.87884
8.85792
8.83701
8.8161
8.7952
8.77431
8.75343
8.73256
8.7117
8.69085
8.67001
8.64918
8.62836
8.60755
8.58675
8.56597
8.54519
8.52443
8.50368
8.48295
8.46222
8.44151
8.42081
8.40013
8.37946
8.3588
8.33816
8.31753
8.29692
8.27632
8.25574
8.23517
8.21462
8.19408
8.17356
8.15306
8.13257
8.1121
8.09165
8.07122
8.0508
8.0304
8.01002
7.98966
7.96931
7.94899
7.92868
7.9084
7.88813
7.86788
7.84766
7.82745
7.80727
7.7871
7.76696
7.74684
7.72674
7.70666
7.68661
7.66657
7.64656
7.62658
7.60661
7.58667
7.56675
7.54686
7.52699
7.50715
7.48733
7.46753
7.44776
7.42802
7.4083
7.3886
7.36894
7.3493
7.32968
7.3101
7.29054
7.271
7.2515
7.23202
7.21257
7.19315
7.17376
7.1544
7.13507
7.11576
7.09649
7.07724
7.05803
7.03884
7.01969
7.00057
6.98148
6.96242
6.94339
6.92439
6.90543
6.8865
6.8676
6.84873
6.8299
6.8111
6.79233
6.7736
6.7549
6.73623
6.7176
6.69901
6.68045
6.66193
6.64344
6.62498
6.60657
6.58819
6.56984
6.55154
6.53327
6.51503
6.49684
6.47868
6.46056
6.44248
6.42444
6.40644
6.38847
6.37055
6.35266
6.33482
6.31701
6.29925
6.28152
6.26384
6.2462
6.22859
6.21104
6.19352
6.17604
6.15861
6.14122
6.12387
6.10656
6.0893
6.07208
6.05491
6.03778
6.02069
6.00365
5.98665
5.9697
5.95279
5.93593
5.91912
5.90235
5.88563
5.86895
5.85232
5.83572
5.81914
5.80258
5.78604
5.76952
5.75301
5.73653
5.72006
5.70361
5.68718
5.67077
5.65438
5.63801
5.62166
5.60533
5.58901
5.57272
5.55645
5.54019
5.52396
5.50774
5.49155
5.47538
5.45922
5.44309
5.42698
5.41089
5.39481
5.37876
5.36273
5.34672
5.33073
5.31477
5.29882
5.2829
5.26699
5.25111
5.23525
5.21941
5.20359
5.1878
5.17202
5.15627
5.14054
5.12483
5.10914
5.09348
5.07784
5.06222
5.04662
5.03105
5.0155
4.99997
4.98447
4.96898
4.95352
4.93809
4.92268
4.90729
4.89192
4.87658
4.86126
4.84596
4.83069
4.81544
4.80022
4.78502
4.76984
4.75469
4.73956
4.72446
4.70938
4.69433
4.6793
4.6643
4.64932
4.63436
4.61943
4.60453
4.58965
4.57479
4.55996
4.54516
4.53038
4.51563
4.5009
4.4862
4.47153
4.45688
4.44225
4.42766
4.41309
4.39854
4.38402
4.36953
4.35507
4.34063
4.32622
4.31183
4.29748
4.28314
4.26884
4.25456
4.24032
4.22609
4.2119
4.19773
4.18359
4.16948
4.1554
4.14134
4.12731
4.11331
4.09934
4.0854
4.07148
4.0576
4.04374
4.02991
4.01611
4.00234
3.98859
3.97488
3.96119
3.94754
3.93391
3.92031
3.90674
3.8932
3.8797
3.86622
3.85277
3.83935
3.82596
3.8126
3.79927
3.78597
3.7727
3.75946
3.74625
3.73307
3.71992
3.7068
3.69372
3.68066
3.66764
3.65464
3.64168
3.62875
3.61585
3.60298
3.59015
3.57734
3.56457
3.55183
3.53912
3.52644
3.51379
3.50118
3.4886
3.47605
3.46353
3.45104
3.43859
3.42617
3.41379
3.40143
3.38911
3.37682
3.36457
3.35235
3.34016
3.328
3.31588
3.30379
3.29174
3.27972
3.26773
3.25577
3.24386
3.23197
3.22012
3.2083
3.19652
3.18477
3.17306
3.16138
3.14973
3.13812
3.12655
3.11501
3.1035
3.09203
3.0806
3.0692
3.05783
3.0465
3.03521
3.02395
3.01273
3.00154
2.99039
2.97928
2.9682
2.95716
2.94615
2.93518
2.92425
2.91335
2.90249
2.89167
2.88088
2.87013
2.85942
2.84874
2.8381
2.8275
2.81694
2.80641
2.79592
2.78547
2.77505
2.76468
2.75434
2.74404
2.73378
2.72355
2.71336
2.70322
2.69311
2.68303
2.673
2.66301
2.65305
2.64313
2.63325
2.62342
2.61362
2.60385
2.59413
2.58445
2.57481
2.5652
2.55564
2.54611
2.53663
2.52718
2.51778
2.50841
2.49909
2.48981
2.48056
2.47136
2.46219
2.45307
2.44398
2.4349
2.42585
2.41681
2.40779
2.39879
2.38981
2.38085
2.3719
2.36298
2.35407
2.34518
2.33631
2.32746
2.31863
2.30982
2.30103
2.29225
2.28349
2.27475
2.26604
2.25733
2.24865
2.23999
2.23134
2.22272
2.21411
2.20552
2.19695
2.1884
2.17987
2.17135
2.16286
2.15438
2.14592
2.13749
2.12906
2.12066
2.11228
2.10392
2.09557
2.08724
2.07893
2.07064
2.06237
2.05412
2.04589
2.03767
2.02947
2.0213
2.01314
2.005
1.99687
1.98877
1.98069
1.97262
1.96457
1.95654
1.94853
1.94054
1.93257
1.92461
1.91668
1.90876
1.90086
1.89298
1.88512
1.87728
1.86946
1.86165
1.85386
1.8461
1.83835
1.83062
1.82291
1.81521
1.80754
1.79988
1.79224
1.78462
1.77702
1.76944
1.76188
1.75434
1.74681
1.7393
1.73181
1.72434
1.71689
1.70946
1.70205
1.69465
1.68727
1.67992
1.67258
1.66526
1.65795
1.65067
1.6434
1.63616
1.62893
1.62172
1.61453
1.60736
1.6002
1.59307
1.58595
1.57885
1.57177
1.56471
1.55767
1.55065
1.54364
1.53666
1.52969
1.52274
1.51581
1.5089
1.502
1.49513
1.48827
1.48144
1.47462
1.46782
1.46103
1.45427
1.44753
1.4408
1.43409
1.4274
1.42073
1.41408
1.40745
1.40083
1.39424
1.38766
1.3811
1.37456
1.36804
1.36153
1.35505
1.34858
1.34213
1.3357
1.32929
1.3229
1.31653
1.31017
1.30384
1.29752
1.29122
1.28494
1.27867
1.27243
1.26621
1.26
1.25381
1.24764
1.24149
1.23536
1.22924
1.22315
1.21707
1.21101
1.20497
1.19895
1.19295
1.18696
1.181
1.17505
1.16912
1.16321
1.15732
1.15145
1.14559
1.13976
1.13394
1.12814
1.12236
1.1166
1.11085
1.10513
1.09942
1.09373
1.08806
1.08241
1.07678
1.07116
1.06557
1.05999
1.05443
1.04889
1.04337
1.03787
1.03238
1.02692
1.02147
1.01604
1.01063
1.00524
0.999865
0.99451
0.989173
0.983855
0.978555
0.973274
0.968012
0.962767
0.957542
0.952334
0.947145
0.941975
0.936823
0.93169
0.926575
0.921479
0.916401
0.911341
0.9063
0.901278
0.896274
0.891288
0.886321
0.881372
0.876442
0.87153
0.866637
0.861762
0.856906
0.852068
0.847248
0.842447
0.837665
0.8329
0.828155
0.823428
0.818719
0.814029
0.809357
0.804703
0.800068
0.795452
0.790854
0.786274
0.781713
0.77717
0.772646
0.76814
0.763652
0.759183
0.754733
0.750301
0.745887
0.741492
0.737115
0.732756
0.728417
0.724095
0.719792
0.715507
0.711241
0.706993
0.702763
0.698552
0.69436
0.690186
0.68603
0.681892
0.677774
0.673673
0.669591
0.665527
0.661482
0.657455
0.653447
0.649456
0.645485
0.641532
0.637597
0.63368
0.629782
0.625902
0.622041
0.618198
0.614374
0.610568
0.60678
0.603011
0.59926
0.595527
0.591813
0.588118
0.58444
0.580781
0.577141
0.573519
0.569915
0.566329
0.562762
0.559214
0.555684
0.552172
0.548678
0.545203
0.541746
0.538308
0.534888
0.531486
0.528103
0.524738
0.521391
0.518063
0.514753
0.511462
0.508189
0.504934
0.501698
0.49848
0.49528
0.492099
0.488936
0.485792
0.482665
0.479558
0.476468
0.473397
0.470344
0.46731
0.464294
0.461296
0.458316
0.455355
0.452413
0.449488
0.446582
0.443695
0.440825
0.437974
0.435142
0.432327
0.429531
0.426754
0.423994
0.421253
0.418531
0.415826
0.41314
0.410472
0.407823
0.405192
0.402579
0.399985
0.397409
0.394851
0.392312
0.389791
0.387288
0.384803
0.382337
0.379889
0.37746
0.375049
0.372656
0.370281
0.367925
0.365587
0.363267
0.360966
0.358683
0.356418
0.354172
0.351943
0.349734
0.347542
0.345369
0.343214
0.341077
0.338959
0.336859
0.334777
0.332713
0.330668
0.328641
0.326633
0.324642
0.32267
0.320716
0.318781
0.316864
0.314965
0.313084
0.311222
0.309378
0.307552
0.305744
0.303955
0.302184
0.300431
0.298697
0.296981
0.295283
0.293603
0.291942
0.290299
0.288674
0.287067
0.285479
0.283909
0.282357
0.280824
0.279308
0.277811
0.276332
0.274872
0.27343
0.272006
0.2706
0.269212
0.267843
0.266492
0.265159
0.263845
0.262549
0.261271
0.260011
0.258769
0.257546
0.256341
0.255154
0.253986
0.252835
0.251703
0.250589
0.249494
0.248416
0.247357
0.246316
0.245293
0.244289
0.243303
0.242334
0.241385
0.240453
0.23954
0.238645
0.237768
0.236909
0.236068
0.235246
0.234442
0.233656
0.232888
0.232139
0.231408
0.230695
0.23
0.229316
0.228634
0.227955
0.227278
0.226604
0.225932
0.225264
0.224597
0.223933
0.223272
0.222614
0.221957
0.221304
0.220653
0.220004
0.219358
0.218715
0.218074
0.217435
0.216799
0.216166
0.215535
0.214906
0.21428
0.213657
0.213036
0.212417
0.211801
0.211187
0.210576
0.209967
0.209361
0.208757
0.208156
0.207557
0.20696
0.206366
0.205774
0.205185
0.204598
0.204013
0.203431
0.202851
0.202273
0.201698
0.201125
0.200555
0.199987
0.199421
0.198858
0.198297
0.197738
0.197182
0.196628
0.196076
0.195527
0.19498
0.194435
0.193893
0.193352
0.192815
0.192279
0.191746
0.191215
0.190686
0.190159
0.189635
0.189113
0.188593
0.188076
0.18756
0.187047
0.186536
0.186028
0.185521
0.185017
0.184515
0.184015
0.183518
0.183022
0.182529
0.182038
0.181549
0.181062
0.180578
0.180095
0.179615
0.179137
0.178661
0.178187
0.177715
0.177246
0.176778
0.176313
0.17585
0.175389
0.174929
0.174473
0.174018
0.173565
0.173114
0.172666
0.172219
0.171774
0.171332
0.170892
0.170453
0.170017
0.169583
0.16915
0.16872
0.168292
0.167866
0.167442
0.167019
0.166599
0.166181
0.165765
0.165351
0.164938
0.164528
0.16412
0.163713
0.163309
0.162907
0.162506
0.162108
0.161711
0.161316
0.160923
0.160533
0.160144
0.159757
0.159372
0.158988
0.158607
0.158228
0.15785
0.157474
0.157101
0.156729
0.156359
0.15599
0.155624
0.155259
0.154897
0.154536
0.154177
0.15382
0.153464
0.153111
0.152759
0.152409
0.152061
0.151715
0.15137
0.151027
0.150686
0.150347
0.15001
0.149674
0.14934
0.149008
0.148677
0.148349
0.148022
0.147697
0.147373
0.147051
0.146731
0.146413
0.146096
0.145781
0.145468
0.145156
0.144847
0.144538
0.144232
0.143927
0.143624
0.143322
0.143022
0.142724
0.142427
0.142132
0.141839
0.141547
0.141257
0.140969
0.140682
0.140397
0.140113
0.139831
0.13955
0.139272
0.138994
0.138718
0.138444
0.138172
0.137901
0.137631
0.137363
0.137097
0.136832
0.136568
0.136307
0.136046
0.135788
0.13553
0.135275
0.13502
0.134767
0.134516
0.134266
0.134018
0.133771
0.133526
0.133282
0.133039
0.132798
0.132559
0.132321
0.132084
0.131849
0.131615
0.131383
0.131152
0.130922
0.130694
0.130467
0.130242
0.130018
0.129795
0.129574
0.129354
0.129135
0.128918
0.128703
0.128488
0.128275
0.128063
0.127853
0.127644
0.127436
0.12723
0.127025
0.126821
0.126618
0.126417
0.126217
0.126019
0.125821
0.125625
0.125431
0.125237
0.125045
0.124854
0.124664
0.124476
0.124289
0.124103
0.123918
0.123734
0.123552
0.123371
0.123191
0.123013
0.122835
0.122659
0.122484
0.12231
0.122137
0.121966
0.121795
0.121626
0.121458
0.121291
0.121125
0.120961
0.120797
0.120635
0.120474
0.120314
0.120155
0.119997
0.11984
0.119684
0.11953
0.119376
0.119224
0.119073
0.118922
0.118773
0.118625
0.118478
0.118332
0.118187
0.118043
0.1179
0.117759
0.117618
0.117478
0.117339
0.117202
0.117065
0.116929
0.116794
0.116661
0.116528
0.116396
0.116265
0.116135
0.116007
0.115879
0.115752
0.115626
0.115501
0.115377
0.115253
0.115131
0.11501
0.114889
0.11477
0.114651
0.114533
0.114417
0.114301
0.114186
0.114072
0.113958
0.113846
0.113734
0.113624
0.113514
0.113405
0.113297
0.113189
0.113083
0.112977
0.112872
0.112768
0.112665
0.112563
0.112461
0.11236
0.11226
0.112161
0.112063
0.111965
0.111868
0.111772
0.111677
0.111582
0.111488
0.111395
0.111303
0.111211
0.11112
0.11103
0.110941
0.110852
0.110764
0.110677
0.11059
0.110504
0.110419
0.110334
0.11025
0.110167
0.110084
0.110002
0.109921
0.109841
0.109761
0.109681
0.109603
0.109525
0.109447
0.10937
0.109294
0.109218
0.109143
0.109069
0.108995
0.108922
0.108849
0.108777
0.108706
0.108635
0.108564
0.108495
0.108425
0.108357
0.108288
0.108221
0.108154
0.108087
0.108021
0.107955
0.10789
0.107826
0.107762
0.107698
0.107635
0.107572
0.10751
0.107449
0.107387
0.107327
0.107266
0.107207
0.107147
0.107088
0.10703
0.106972
0.106914
0.106857
0.1068
0.106744
0.106688
0.106632
0.106577
0.106522
0.106468
0.106413
0.10636
0.106306
0.106253
0.106201
0.106149
0.106097
0.106045
0.105994
0.105943
0.105892
0.105842
0.105792
0.105742
0.105693
0.105644
0.105595
0.105547
0.105499
0.105451
0.105403
0.105356
0.105308
0.105262
0.105215
0.105169
0.105122
0.105077
0.105031
0.104985
0.10494
0.104895
0.10485
0.104806
0.104761
0.104717
0.104673
0.104629
0.104586
0.104542
0.104499
0.104456
0.104413
0.10437
0.104327
0.104285
0.104242
0.1042
0.104158
0.104116
0.104074
0.104032
0.10399
0.103949
0.103907
0.103866
0.103824
0.103783
0.103742
0.103701
0.10366
0.103619
0.103578
0.103537
0.103496
0.103455
0.103414
0.103373
0.103332
0.103292
0.103251
0.10321
0.103169
0.103129
0.103088
0.103047
0.103006
0.102965
0.102925
0.102884
0.102843
0.102802
0.102761
0.102719
0.102678
0.102637
0.102596
0.102554
0.102513
0.102471
0.10243
0.102388
0.102346
0.102304
0.102262
0.10222
0.102177
0.102135
0.102092
0.102049
0.102006
0.101963
0.10192
0.101877
0.101833
0.101789
0.101745
0.101701
0.101657
0.101612
0.101568
0.101523
0.101478
0.101432
0.101387
0.101341
0.101295
0.101249
0.101202
0.101156
0.101109
0.101061
0.101014
0.100966
0.100918
0.10087
0.100821
0.100772
0.100723
0.100673
0.100624
0.100573
0.100523
0.100472
0.100421
0.10037
0.100318
0.100266
0.100213
0.100161
0.100107
0.100054
0.1
0.0999455
0.0998902
0.099834
0.0997771
0.0997193
0.0996607
0.0996013
0.0995411
0.0994801
0.0994182
0.0993556
0.0992921
0.0992279
0.0991628
0.099097
0.0990304
0.0989629
0.0988947
0.0988257
0.0987559
0.0986854
0.098614
0.0985419
0.098469
0.0983953
0.0983208
0.0982456
0.0981696
0.0980928
0.0980153
0.097937
0.0978579
0.0977781
0.0976976
0.0976162
0.0975342
0.0974514
0.0973678
0.0972835
0.0971984
0.0971126
0.0970261
0.0969388
0.0968508
0.0967621
0.0966726
0.0965824
0.0964915
0.0963999
0.0963075
0.0962144
0.0961206
0.0960261
0.0959309
0.095835
0.0957383
0.095641
0.0955429
0.0954442
0.0953447
0.0952445
0.0951437
0.0950421
0.0949399
0.094837
0.0947334
0.0946291
0.0945241
0.0944184
0.0943121
0.0942051
0.0940974
0.0939891
0.09388
0.0937703
0.09366
0.0935489
0.0934373
0.0933249
0.0932119
0.0930983
0.0929839
0.092869
0.0927534
0.0926371
0.0925202
0.0924027
0.0922845
0.0921657
0.0920462
0.0919262
0.0918054
0.0916841
0.0915621
0.0914395
0.0913163
0.0911925
0.091068
0.090943
0.0908173
0.090691
0.0905641
0.0904366
0.0903084
0.0901797
0.0900504
0.0899205
0.0897899
0.0896588
0.0895271
0.0893948
0.0892619
0.0891285
0.0889944
0.0888598
0.0887246
0.0885888
0.0884524
0.0883155
0.088178
0.0880399
0.0879012
0.087762
0.0876222
0.0874819
0.087341
0.0871996
0.0870576
0.086915
0.0867719
0.0866283
0.0864841
0.0863393
0.0861941
0.0860483
0.0859019
0.085755
0.0856076
0.0854596
0.0853112
0.0851622
0.0850126
0.0848626
0.084712
0.0845609
0.0844093
0.0842572
0.0841046
0.0839515
0.0837978
0.0836437
0.0834891
0.0833339
0.0831783
0.0830221
0.0828655
0.0827084
0.0825508
0.0823927
0.0822341
0.082075
0.0819155
0.0817555
0.081595
0.081434
0.0812725
0.0811106
0.0809482
0.0807854
0.0806221
0.0804583
0.0802941
0.0801294
0.0799642
0.0797986
0.0796326
0.0794661
0.0792991
0.0791317
0.0789639
0.0787956
0.0786269
0.0784578
0.0782882
0.0781182
0.0779478
0.0777769
0.0776056
0.0774339
0.0772618
0.0770892
0.0769163
0.0767429
0.0765691
0.0763949
0.0762203
0.0760453
0.0758699
0.075694
0.0755178
0.0753412
0.0751642
0.0749868
0.074809
0.0746308
0.0744523
0.0742733
0.074094
0.0739143
0.0737342
0.0735537
0.0733729
0.0731917
0.0730101
0.0728282
0.0726459
0.0724632
0.0722802
0.0720968
0.071913
0.0717289
0.0715445
0.0713597
0.0711745
0.070989
0.0708032
0.070617
0.0704305
0.0702437
0.0700565
0.069869
0.0696811
0.0694929
0.0693044
0.0691156
0.0689265
0.068737
0.0685472
0.0683571
0.0681667
0.067976
0.0677849
0.0675936
0.067402
0.06721
0.0670178
0.0668252
0.0666324
0.0664392
0.0662458
0.0660521
0.0658581
0.0656638
0.0654693
0.0652744
0.0650793
0.0648839
0.0646882
0.0644922
0.064296
0.0640995
0.0639028
0.0637058
0.0635085
0.0633109
0.0631131
0.0629151
0.0627168
0.0625182
0.0623194
0.0621204
0.0619211
0.0617215
0.0615218
0.0613218
0.0611215
0.060921
0.0607203
0.0605194
0.0603182
0.0601168
0.0599152
0.0597133
0.0595113
0.059309
0.0591065
0.0589038
0.0587009
0.0584978
0.0582945
0.0580909
0.0578872
0.0576833
0.0574792
0.0572749
0.0570703
0.0568656
0.0566607
0.0564557
0.0562504
0.056045
0.0558393
0.0556335
0.0554276
0.0552214
0.0550151
0.0548086
0.054602
0.0543951
0.0541882
0.053981
0.0537737
0.0535663
0.0533586
0.0531509
0.052943
0.0527349
0.0525267
0.0523183
0.0521099
0.0519012
0.0516925
0.0514836
0.0512745
0.0510654
0.0508561
0.0506467
0.0504371
0.0502274
0.0500177
0.0498078
0.0495977
0.0493876
0.0491774
0.048967
0.0487566
0.048546
0.0483353
0.0481246
0.0479137
0.0477028
0.0474917
0.0472806
0.0470693
0.046858
0.0466466
0.0464351
0.0462236
0.0460119
0.0458002
0.0455884
0.0453765
0.0451646
0.0449526
0.0447405
0.0445284
0.0443162
0.0441039
0.0438916
0.0436792
0.0434668
0.0432543
0.0430418
0.0428292
0.0426166
0.0424039
0.0421912
0.0419785
0.0417657
0.0415529
0.0413401
0.0411272
0.0409143
0.0407014
0.0404885
0.0402755
0.0400625
0.0398495
0.0396365
0.0394235
0.0392104
0.0389974
0.0387844
0.0385713
0.0383582
0.0381452
0.0379321
0.0377191
0.0375061
0.037293
0.03708
0.036867
0.036654
0.0364411
0.0362281
0.0360152
0.0358023
0.0355894
0.0353766
0.0351637
0.034951
0.0347382
0.0345255
0.0343128
0.0341002
0.0338876
0.0336751
0.0334626
0.0332501
0.0330377
0.0328254
0.0326131
0.0324009
0.0321887
0.0319766
0.0317646
0.0315526
0.0313408
0.0311289
0.0309172
0.0307055
0.0304939
0.0302824
0.030071
0.0298596
0.0296484
0.0294372
0.0292261
0.0290151
0.0288042
0.0285934
0.0283827
0.0281721
0.0279616
0.0277513
0.027541
0.0273308
0.0271208
0.0269108
0.026701
0.0264913
0.0262817
0.0260722
0.0258629
0.0256537
0.0254446
0.0252357
0.0250269
0.0248182
0.0246097
0.0244013
0.024193
0.0239849
0.0237769
0.0235691
0.0233615
0.0231539
0.0229466
0.0227394
0.0225324
0.0223255
0.0221188
0.0219122
0.0217059
0.0214997
0.0212936
0.0210878
0.0208821
0.0206766
0.0204713
0.0202661
0.0200612
0.0198564
0.0196518
0.0194474
0.0192433
0.0190393
0.0188355
0.0186319
0.0184285
0.0182253
0.0180223
0.0178195
0.017617
0.0174146
0.0172125
0.0170106
0.0168089
0.0166074
0.0164062
0.0162052
0.0160044
0.0158038
0.0156035
0.0154034
0.0152035
0.0150039
0.0148046
0.0146054
0.0144065
0.0142079
0.0140095
0.0138114
0.0136135
0.0134159
0.0132185
0.0130214
0.0128246
0.012628
0.0124317
0.0122356
0.0120399
0.0118444
0.0116491
0.0114542
0.0112595
0.0110651
0.0108711
0.0106772
0.0104837
0.0102905
0.0100976
0.00990491
0.00971257
0.00952052
0.00932878
0.00913734
0.0089462
0.00875537
0.00856486
0.00837465
0.00818476
0.00799519
0.00780594
0.007617
0.00742839
0.00724011
0.00705215
0.00686452
0.00667722
0.00649026
0.00630363
0.00611734
0.00593139
0.00574579
0.00556053
0.00537561
0.00519104
0.00500683
0.00482296
0.00463946
0.00445631
0.00427352
0.00409109
0.00390902
0.00372732
0.00354599
0.00336503
0.00318445
0.00300423
0.0028244
0.00264494
0.00246586
0.00228717
0.00210886
0.00193094
0.00175341
0.00157627
0.00139952
0.00122317
0.00104722
8.71672E-4
6.96524E-4
5.21781E-4
3.47444E-4
1.73517E-4
0