0 0 0
1e-05 0.000173174 8.65869e-10
2e-05 0.000347708 3.47028e-09
3e-05 0.000523597 7.82681e-09
4e-05 0.000700832 1.3949e-08
5e-05 0.000879408 2.18502e-08
6e-05 0.00105932 3.15438e-08
7e-05 0.00124055 4.30431e-08
8e-05 0.00142311 5.63614e-08
9e-05 0.00160698 7.15119e-08
0.0001 0.00179215 8.85075e-08
0.00011 0.00197862 1.07361e-07
0.00012 0.00216639 1.28086e-07
0.00013 0.00235544 1.50696e-07
0.00014 0.00254577 1.75202e-07
0.00015 0.00273737 2.01617e-07
0.00016 0.00293023 2.29955e-07
0.00017 0.00312436 2.60228e-07
0.00018 0.00331973 2.92449e-07
0.00019 0.00351635 3.26629e-07
0.0002 0.00371421 3.62782e-07
0.00021 0.0039133 4.00919e-07
0.00022 0.00411361 4.41054e-07
0.00023 0.00431513 4.83198e-07
0.00024 0.00451787 5.27363e-07
0.00025 0.00472181 5.73561e-07
0.00026 0.00492695 6.21805e-07
0.00027 0.00513327 6.72106e-07
0.00028 0.00534078 7.24476e-07
0.00029 0.00554947 7.78928e-07
0.0003 0.00575932 8.35471e-07
0.00031 0.00597034 8.9412e-07
0.00032 0.00618251 9.54884e-07
0.00033 0.00639583 1.01778e-06
0.00034 0.00661029 1.08281e-06
0.00035 0.00682588 1.14999e-06
0.00036 0.00704261 1.21933e-06
0.00037 0.00726045 1.29084e-06
0.00038 0.00747941 1.36454e-06
0.00039 0.00769947 1.44044e-06
0.0004 0.00792064 1.51854e-06
0.00041 0.0081429 1.59886e-06
0.00042 0.00836624 1.6814e-06
0.00043 0.00859067 1.76619e-06
0.00044 0.00881617 1.85322e-06
0.00045 0.00904273 1.94252e-06
0.00046 0.00927036 2.03408e-06
0.00047 0.00949903 2.12793e-06
0.00048 0.00972875 2.22407e-06
0.00049 0.00995951 2.32251e-06
0.0005 0.0101913 2.42326e-06
0.00051 0.0104241 2.52634e-06
0.00052 0.010658 2.63175e-06
0.00053 0.0108928 2.7395e-06
0.00054 0.0111287 2.84961e-06
0.00055 0.0113655 2.96208e-06
0.00056 0.0116033 3.07693e-06
0.00057 0.0118422 3.19415e-06
0.00058 0.012082 3.31377e-06
0.00059 0.0123227 3.4358e-06
0.0006 0.0125645 3.56023e-06
0.00061 0.0128072 3.68709e-06
0.00062 0.0130508 3.81638e-06
0.00063 0.0132954 3.94811e-06
0.00064 0.0135409 4.08229e-06
0.00065 0.0137873 4.21894e-06
0.00066 0.0140347 4.35805e-06
0.00067 0.014283 4.49963e-06
0.00068 0.0145322 4.64371e-06
0.00069 0.0147823 4.79028e-06
0.0007 0.0150333 4.93936e-06
0.00071 0.0152852 5.09095e-06
0.00072 0.0155379 5.24507e-06
0.00073 0.0157916 5.40172e-06
0.00074 0.0160461 5.5609e-06
0.00075 0.0163014 5.72264e-06
0.00076 0.0165576 5.88694e-06
0.00077 0.0168147 6.0538e-06
0.00078 0.0170726 6.22323e-06
0.00079 0.0173313 6.39525e-06
0.0008 0.0175909 6.56987e-06
0.00081 0.0178513 6.74708e-06
0.00082 0.0181125 6.92689e-06
0.00083 0.0183745 7.10933e-06
0.00084 0.0186373 7.29439e-06
0.00085 0.0189008 7.48208e-06
0.00086 0.0191652 7.67241e-06
0.00087 0.0194304 7.86539e-06
0.00088 0.0196963 8.06102e-06
0.00089 0.019963 8.25932e-06
0.0009 0.0202304 8.46028e-06
0.00091 0.0204986 8.66393e-06
0.00092 0.0207676 8.87026e-06
0.00093 0.0210372 9.07928e-06
0.00094 0.0213077 9.29101e-06
0.00095 0.0215788 9.50544e-06
0.00096 0.0218506 9.72259e-06
0.00097 0.0221232 9.94246e-06
0.00098 0.0223965 1.01651e-05
0.00099 0.0226704 1.03904e-05
0.001 0.0229451 1.06185e-05
0.00101 0.0232204 1.08493e-05
0.00102 0.0234964 1.10829e-05
0.00103 0.0237731 1.13192e-05
0.00104 0.0240504 1.15583e-05
0.00105 0.0243284 1.18002e-05
0.00106 0.024607 1.20449e-05
0.00107 0.0248863 1.22924e-05
0.00108 0.0251662 1.25426e-05
0.00109 0.0254468 1.27957e-05
0.0011 0.0257279 1.30516e-05
0.00111 0.0260097 1.33103e-05
0.00112 0.0262921 1.35718e-05
0.00113 0.0265751 1.38361e-05
0.00114 0.0268586 1.41033e-05
0.00115 0.0271428 1.43733e-05
0.00116 0.0274275 1.46461e-05
0.00117 0.0277129 1.49218e-05
0.00118 0.0279987 1.52004e-05
0.00119 0.0282852 1.54818e-05
0.0012 0.0285722 1.57661e-05
0.00121 0.0288597 1.60533e-05
0.00122 0.0291478 1.63433e-05
0.00123 0.0294364 1.66362e-05
0.00124 0.0297255 1.6932e-05
0.00125 0.0300152 1.72307e-05
0.00126 0.0303053 1.75323e-05
0.00127 0.030596 1.78368e-05
0.00128 0.0308872 1.81443e-05
0.00129 0.0311788 1.84546e-05
0.0013 0.0314709 1.87678e-05
0.00131 0.0317636 1.9084e-05
0.00132 0.0320566 1.94031e-05
0.00133 0.0323502 1.97251e-05
0.00134 0.0326442 2.00501e-05
0.00135 0.0329386 2.0378e-05
0.00136 0.0332335 2.07089e-05
0.00137 0.0335289 2.10427e-05
0.00138 0.0338246 2.13795e-05
0.00139 0.0341208 2.17192e-05
0.0014 0.0344174 2.20619e-05
0.00141 0.0347144 2.24076e-05
0.00142 0.0350118 2.27562e-05
0.00143 0.0353096 2.31078e-05
0.00144 0.0356078 2.34624e-05
0.00145 0.0359064 2.38199e-05
0.00146 0.0362053 2.41805e-05
0.00147 0.0365046 2.45441e-05
0.00148 0.0368043 2.49106e-05
0.00149 0.0371043 2.52801e-05
0.0015 0.0374047 2.56527e-05
0.00151 0.0377054 2.60282e-05
0.00152 0.0380064 2.64068e-05
0.00153 0.0383078 2.67884e-05
0.00154 0.0386095 2.7173e-05
0.00155 0.0389115 2.75606e-05
0.00156 0.0392138 2.79512e-05
0.00157 0.0395164 2.83448e-05
0.00158 0.0398193 2.87415e-05
0.00159 0.0401225 2.91412e-05
0.0016 0.0404259 2.9544e-05
0.00161 0.0407296 2.99497e-05
0.00162 0.0410336 3.03586e-05
0.00163 0.0413379 3.07704e-05
0.00164 0.0416424 3.11853e-05
0.00165 0.0419471 3.16033e-05
0.00166 0.0422521 3.20243e-05
0.00167 0.0425573 3.24483e-05
0.00168 0.0428628 3.28754e-05
0.00169 0.0431684 3.33056e-05
0.0017 0.0434743 3.37388e-05
0.00171 0.0437803 3.41751e-05
0.00172 0.0440866 3.46144e-05
0.00173 0.0443931 3.50568e-05
0.00174 0.0446997 3.55022e-05
0.00175 0.0450065 3.59508e-05
0.00176 0.0453135 3.64024e-05
0.00177 0.0456206 3.68571e-05
0.00178 0.0459279 3.73148e-05
0.00179 0.0462353 3.77756e-05
0.0018 0.0465429 3.82395e-05
0.00181 0.0468506 3.87065e-05
0.00182 0.0471585 3.91765e-05
0.00183 0.0474664 3.96496e-05
0.00184 0.0477745 4.01258e-05
0.00185 0.0480827 4.06051e-05
0.00186 0.048391 4.10875e-05
0.00187 0.0486993 4.15729e-05
0.00188 0.0490078 4.20615e-05
0.00189 0.0493163 4.25531e-05
0.0019 0.049625 4.30478e-05
0.00191 0.0499336 4.35456e-05
0.00192 0.0502424 4.40465e-05
0.00193 0.0505512 4.45505e-05
0.00194 0.05086 4.50575e-05
0.00195 0.0511689 4.55677e-05
0.00196 0.0514778 4.60809e-05
0.00197 0.0517867 4.65972e-05
0.00198 0.0520957 4.71166e-05
0.00199 0.0524046 4.76391e-05
0.002 0.0527136 4.81647e-05
0.00201 0.0530225 4.86934e-05
0.00202 0.0533315 4.92252e-05
0.00203 0.0536404 4.976e-05
0.00204 0.0539493 5.0298e-05
0.00205 0.0542582 5.0839e-05
0.00206 0.054567 5.13831e-05
0.00207 0.0548758 5.19303e-05
0.00208 0.0551846 5.24807e-05
0.00209 0.0554933 5.3034e-05
0.0021 0.0558019 5.35905e-05
0.00211 0.0561104 5.41501e-05
0.00212 0.0564189 5.47127e-05
0.00213 0.0567273 5.52785e-05
0.00214 0.0570356 5.58473e-05
0.00215 0.0573438 5.64192e-05
0.00216 0.0576519 5.69941e-05
0.00217 0.0579599 5.75722e-05
0.00218 0.0582677 5.81533e-05
0.00219 0.0585755 5.87376e-05
0.0022 0.0588831 5.93248e-05
0.00221 0.0591905 5.99152e-05
0.00222 0.0594978 6.05087e-05
0.00223 0.059805 6.11052e-05
0.00224 0.060112 6.17048e-05
0.00225 0.0604188 6.23074e-05
0.00226 0.0607255 6.29131e-05
0.00227 0.061032 6.35219e-05
0.00228 0.0613382 6.41338e-05
0.00229 0.0616443 6.47487e-05
0.0023 0.0619502 6.53667e-05
0.00231 0.0622559 6.59877e-05
0.00232 0.0625614 6.66118e-05
0.00233 0.0628666 6.72389e-05
0.00234 0.0631716 6.78691e-05
0.00235 0.0634764 6.85023e-05
0.00236 0.063781 6.91386e-05
0.00237 0.0640852 6.9778e-05
0.00238 0.0643893 7.04203e-05
0.00239 0.064693 7.10657e-05
0.0024 0.0649965 7.17142e-05
0.00241 0.0652998 7.23657e-05
0.00242 0.0656027 7.30202e-05
0.00243 0.0659054 7.36777e-05
0.00244 0.0662077 7.43383e-05
0.00245 0.0665097 7.50019e-05
0.00246 0.0668115 7.56685e-05
0.00247 0.0671129 7.63381e-05
0.00248 0.067414 7.70107e-05
0.00249 0.0677147 7.76864e-05
0.0025 0.0680152 7.8365e-05
0.00251 0.0683152 7.90467e-05
0.00252 0.068615 7.97313e-05
0.00253 0.0689143 8.0419e-05
0.00254 0.0692133 8.11096e-05
0.00255 0.0695119 8.18033e-05
0.00256 0.0698102 8.24999e-05
0.00257 0.0701081 8.31995e-05
0.00258 0.0704055 8.3902e-05
0.00259 0.0707026 8.46076e-05
0.0026 0.0709992 8.53161e-05
0.00261 0.0712955 8.60275e-05
0.00262 0.0715913 8.6742e-05
0.00263 0.0718867 8.74594e-05
0.00264 0.0721816 8.81797e-05
0.00265 0.0724762 8.8903e-05
0.00266 0.0727702 8.96292e-05
0.00267 0.0730638 9.03584e-05
0.00268 0.073357 9.10905e-05
0.00269 0.0736497 9.18255e-05
0.0027 0.0739419 9.25635e-05
0.00271 0.0742336 9.33044e-05
0.00272 0.0745249 9.40482e-05
0.00273 0.0748156 9.47949e-05
0.00274 0.0751058 9.55445e-05
0.00275 0.0753956 9.6297e-05
0.00276 0.0756848 9.70524e-05
0.00277 0.0759734 9.78107e-05
0.00278 0.0762616 9.85719e-05
0.00279 0.0765492 9.93359e-05
0.0028 0.0768363 0.000100103
0.00281 0.0771228 0.000100873
0.00282 0.0774088 0.000101645
0.00283 0.0776942 0.000102421
0.00284 0.077979 0.000103199
0.00285 0.0782632 0.00010398
0.00286 0.0785469 0.000104764
0.00287 0.07883 0.000105551
0.00288 0.0791125 0.000106341
0.00289 0.0793943 0.000107134
0.0029 0.0796756 0.000107929
0.00291 0.0799562 0.000108727
0.00292 0.0802362 0.000109528
0.00293 0.0805156 0.000110332
0.00294 0.0807943 0.000111138
0.00295 0.0810724 0.000111948
0.00296 0.0813498 0.00011276
0.00297 0.0816266 0.000113575
0.00298 0.0819027 0.000114392
0.00299 0.0821781 0.000115213
0.003 0.0824529 0.000116036
0.00301 0.082727 0.000116862
0.00302 0.0830003 0.00011769
0.00303 0.083273 0.000118522
0.00304 0.0835449 0.000119356
0.00305 0.0838162 0.000120193
0.00306 0.0840867 0.000121032
0.00307 0.0843565 0.000121874
0.00308 0.0846255 0.000122719
0.00309 0.0848938 0.000123567
0.0031 0.0851614 0.000124417
0.00311 0.0854282 0.00012527
0.00312 0.0856942 0.000126126
0.00313 0.0859595 0.000126984
0.00314 0.086224 0.000127845
0.00315 0.0864877 0.000128708
0.00316 0.0867506 0.000129575
0.00317 0.0870127 0.000130443
0.00318 0.087274 0.000131315
0.00319 0.0875345 0.000132189
0.0032 0.0877942 0.000133066
0.00321 0.0880531 0.000133945
0.00322 0.0883111 0.000134827
0.00323 0.0885683 0.000135711
0.00324 0.0888246 0.000136598
0.00325 0.0890801 0.000137488
0.00326 0.0893347 0.00013838
0.00327 0.0895885 0.000139274
0.00328 0.0898414 0.000140171
0.00329 0.0900934 0.000141071
0.0033 0.0903445 0.000141973
0.00331 0.0905948 0.000142878
0.00332 0.0908441 0.000143785
0.00333 0.0910925 0.000144695
0.00334 0.09134 0.000145607
0.00335 0.0915866 0.000146522
0.00336 0.0918322 0.000147439
0.00337 0.092077 0.000148358
0.00338 0.0923207 0.00014928
0.00339 0.0925636 0.000150205
0.0034 0.0928055 0.000151132
0.00341 0.0930464 0.000152061
0.00342 0.0932863 0.000152992
0.00343 0.0935253 0.000153927
0.00344 0.0937633 0.000154863
0.00345 0.0940003 0.000155802
0.00346 0.0942363 0.000156743
0.00347 0.0944713 0.000157686
0.00348 0.0947052 0.000158632
0.00349 0.0949382 0.000159581
0.0035 0.0951702 0.000160531
0.00351 0.0954011 0.000161484
0.00352 0.0956309 0.000162439
0.00353 0.0958598 0.000163397
0.00354 0.0960876 0.000164356
0.00355 0.0963143 0.000165318
0.00356 0.0965399 0.000166283
0.00357 0.0967645 0.000167249
0.00358 0.096988 0.000168218
0.00359 0.0972104 0.000169189
0.0036 0.0974318 0.000170162
0.00361 0.097652 0.000171138
0.00362 0.0978711 0.000172115
0.00363 0.0980891 0.000173095
0.00364 0.098306 0.000174077
0.00365 0.0985218 0.000175061
0.00366 0.0987364 0.000176047
0.00367 0.0989499 0.000177036
0.00368 0.0991622 0.000178026
0.00369 0.0993734 0.000179019
0.0037 0.0995835 0.000180014
0.00371 0.0997923 0.000181011
0.00372 0.1 0.00018201
0.00373 0.100207 0.000183011
0.00374 0.100415 0.000184014
0.00375 0.100623 0.000185019
0.00376 0.100831 0.000186026
0.00377 0.10104 0.000187036
0.00378 0.101249 0.000188047
0.00379 0.101459 0.000189061
0.0038 0.101669 0.000190076
0.00381 0.101879 0.000191094
0.00382 0.10209 0.000192114
0.00383 0.102302 0.000193136
0.00384 0.102514 0.00019416
0.00385 0.102727 0.000195186
0.00386 0.102941 0.000196214
0.00387 0.103155 0.000197245
0.00388 0.103369 0.000198278
0.00389 0.103585 0.000199312
0.0039 0.103801 0.000200349
0.00391 0.104018 0.000201388
0.00392 0.104235 0.00020243
0.00393 0.104453 0.000203473
0.00394 0.104673 0.000204519
0.00395 0.104892 0.000205566
0.00396 0.105113 0.000206616
0.00397 0.105335 0.000207669
0.00398 0.105557 0.000208723
0.00399 0.105781 0.00020978
0.004 0.106005 0.000210839
0.00401 0.10623 0.0002119
0.00402 0.106456 0.000212963
0.00403 0.106684 0.000214029
0.00404 0.106912 0.000215097
0.00405 0.107141 0.000216167
0.00406 0.107372 0.00021724
0.00407 0.107603 0.000218315
0.00408 0.107835 0.000219392
0.00409 0.108069 0.000220471
0.0041 0.108304 0.000221553
0.00411 0.10854 0.000222638
0.00412 0.108777 0.000223724
0.00413 0.109015 0.000224813
0.00414 0.109255 0.000225904
0.00415 0.109496 0.000226998
0.00416 0.109738 0.000228094
0.00417 0.109982 0.000229193
0.00418 0.110226 0.000230294
0.00419 0.110473 0.000231398
0.0042 0.11072 0.000232504
0.00421 0.110969 0.000233612
0.00422 0.111219 0.000234723
0.00423 0.111471 0.000235836
0.00424 0.111725 0.000236952
0.00425 0.111979 0.000238071
0.00426 0.112236 0.000239192
0.00427 0.112493 0.000240316
0.00428 0.112753 0.000241442
0.00429 0.113014 0.000242571
0.0043 0.113276 0.000243702
0.00431 0.113541 0.000244836
0.00432 0.113806 0.000245973
0.00433 0.114074 0.000247112
0.00434 0.114343 0.000248254
0.00435 0.114614 0.000249399
0.00436 0.114887 0.000250547
0.00437 0.115161 0.000251697
0.00438 0.115437 0.00025285
0.00439 0.115715 0.000254006
0.0044 0.115995 0.000255164
0.00441 0.116277 0.000256326
0.00442 0.11656 0.00025749
0.00443 0.116846 0.000258657
0.00444 0.117133 0.000259827
0.00445 0.117422 0.000260999
0.00446 0.117713 0.000262175
0.00447 0.118007 0.000263354
0.00448 0.118302 0.000264535
0.00449 0.118599 0.00026572
0.0045 0.118899 0.000266907
0.00451 0.1192 0.000268098
0.00452 0.119503 0.000269291
0.00453 0.119809 0.000270488
0.00454 0.120117 0.000271687
0.00455 0.120427 0.00027289
0.00456 0.120739 0.000274096
0.00457 0.121053 0.000275305
0.00458 0.12137 0.000276517
0.00459 0.121689 0.000277732
0.0046 0.12201 0.000278951
0.00461 0.122333 0.000280173
0.00462 0.122659 0.000281398
0.00463 0.122987 0.000282626
0.00464 0.123317 0.000283857
0.00465 0.12365 0.000285092
0.00466 0.123986 0.00028633
0.00467 0.124323 0.000287572
0.00468 0.124663 0.000288817
0.00469 0.125006 0.000290065
0.0047 0.125351 0.000291317
0.00471 0.125699 0.000292572
0.00472 0.126049 0.000293831
0.00473 0.126402 0.000295093
0.00474 0.126757 0.000296359
0.00475 0.127115 0.000297628
0.00476 0.127476 0.000298901
0.00477 0.127839 0.000300178
0.00478 0.128205 0.000301458
0.00479 0.128574 0.000302742
0.0048 0.128945 0.00030403
0.00481 0.129319 0.000305321
0.00482 0.129696 0.000306616
0.00483 0.130076 0.000307915
0.00484 0.130459 0.000309218
0.00485 0.130844 0.000310524
0.00486 0.131232 0.000311834
0.00487 0.131624 0.000313149
0.00488 0.132018 0.000314467
0.00489 0.132415 0.000315789
0.0049 0.132815 0.000317115
0.00491 0.133218 0.000318445
0.00492 0.133624 0.00031978
0.00493 0.134032 0.000321118
0.00494 0.134445 0.00032246
0.00495 0.13486 0.000323807
0.00496 0.135278 0.000325157
0.00497 0.135699 0.000326512
0.00498 0.136123 0.000327871
0.00499 0.136551 0.000329235
0.005 0.136982 0.000330602
0.00501 0.137416 0.000331974
0.00502 0.137853 0.000333351
0.00503 0.138293 0.000334732
0.00504 0.138737 0.000336117
0.00505 0.139184 0.000337506
0.00506 0.139635 0.0003389
0.00507 0.140088 0.000340299
0.00508 0.140545 0.000341702
0.00509 0.141006 0.00034311
0.0051 0.141469 0.000344522
0.00511 0.141937 0.000345939
0.00512 0.142407 0.000347361
0.00513 0.142882 0.000348788
0.00514 0.143359 0.000350219
0.00515 0.14384 0.000351655
0.00516 0.144325 0.000353096
0.00517 0.144814 0.000354541
0.00518 0.145305 0.000355992
0.00519 0.145801 0.000357447
0.0052 0.1463 0.000358908
0.00521 0.146803 0.000360373
0.00522 0.147309 0.000361844
0.00523 0.14782 0.00036332
0.00524 0.148333 0.0003648
0.00525 0.148851 0.000366286
0.00526 0.149372 0.000367777
0.00527 0.149898 0.000369274
0.00528 0.150427 0.000370775
0.00529 0.15096 0.000372282
0.0053 0.151496 0.000373795
0.00531 0.152037 0.000375312
0.00532 0.152581 0.000376835
0.00533 0.15313 0.000378364
0.00534 0.153682 0.000379898
0.00535 0.154238 0.000381438
0.00536 0.154799 0.000382983
0.00537 0.155363 0.000384534
0.00538 0.155931 0.00038609
0.00539 0.156504 0.000387652
0.0054 0.15708 0.00038922
0.00541 0.157661 0.000390794
0.00542 0.158246 0.000392373
0.00543 0.158835 0.000393959
0.00544 0.159428 0.00039555
0.00545 0.160025 0.000397147
0.00546 0.160627 0.000398751
0.00547 0.161232 0.00040036
0.00548 0.161842 0.000401975
0.00549 0.162457 0.000403597
0.0055 0.163075 0.000405224
0.00551 0.163698 0.000406858
0.00552 0.164326 0.000408498
0.00553 0.164957 0.000410145
0.00554 0.165593 0.000411798
0.00555 0.166234 0.000413457
0.00556 0.166879 0.000415122
0.00557 0.167528 0.000416794
0.00558 0.168182 0.000418473
0.00559 0.168841 0.000420158
0.0056 0.169504 0.00042185
0.00561 0.170171 0.000423548
0.00562 0.170843 0.000425253
0.00563 0.17152 0.000426965
0.00564 0.172201 0.000428684
0.00565 0.172887 0.000430409
0.00566 0.173578 0.000432141
0.00567 0.174273 0.000433881
0.00568 0.174973 0.000435627
0.00569 0.175678 0.00043738
0.0057 0.176388 0.00043914
0.00571 0.177102 0.000440908
0.00572 0.177821 0.000442682
0.00573 0.178545 0.000444464
0.00574 0.179274 0.000446253
0.00575 0.180008 0.00044805
0.00576 0.180746 0.000449854
0.00577 0.18149 0.000451665
0.00578 0.182238 0.000453483
0.00579 0.182992 0.00045531
0.0058 0.18375 0.000457143
0.00581 0.184513 0.000458985
0.00582 0.185282 0.000460834
0.00583 0.186055 0.00046269
0.00584 0.186834 0.000464555
0.00585 0.187618 0.000466427
0.00586 0.188406 0.000468307
0.00587 0.1892 0.000470195
0.00588 0.189999 0.000472091
0.00589 0.190804 0.000473995
0.0059 0.191613 0.000475907
0.00591 0.192428 0.000477827
0.00592 0.193248 0.000479756
0.00593 0.194073 0.000481692
0.00594 0.194904 0.000483637
0.00595 0.19574 0.00048559
0.00596 0.196581 0.000487552
0.00597 0.197428 0.000489522
0.00598 0.19828 0.000491501
0.00599 0.199137 0.000493488
0.006 0.2 0.000495483
0.00601 0.200859 0.000497488
0.00602 0.201705 0.000499501
0.00603 0.202538 0.000501522
0.00604 0.203359 0.000503551
0.00605 0.204168 0.000505589
0.00606 0.204966 0.000507635
0.00607 0.205753 0.000509688
0.00608 0.206529 0.00051175
0.00609 0.207296 0.000513819
0.0061 0.208053 0.000515895
0.00611 0.208802 0.00051798
0.00612 0.209542 0.000520071
0.00613 0.210274 0.00052217
0.00614 0.210998 0.000524277
0.00615 0.211715 0.00052639
0.00616 0.212426 0.000528511
0.00617 0.21313 0.000530639
0.00618 0.213829 0.000532774
0.00619 0.214522 0.000534915
0.0062 0.215211 0.000537064
0.00621 0.215895 0.00053922
0.00622 0.216576 0.000541382
0.00623 0.217253 0.000543551
0.00624 0.217927 0.000545727
0.00625 0.218599 0.00054791
0.00626 0.219269 0.000550099
0.00627 0.219937 0.000552295
0.00628 0.220604 0.000554498
0.00629 0.22127 0.000556707
0.0063 0.221937 0.000558923
0.00631 0.222603 0.000561146
0.00632 0.223271 0.000563375
0.00633 0.22394 0.000565611
0.00634 0.22461 0.000567854
0.00635 0.225283 0.000570103
0.00636 0.225958 0.00057236
0.00637 0.226636 0.000574623
0.00638 0.227318 0.000576892
0.00639 0.228004 0.000579169
0.0064 0.228695 0.000581453
0.00641 0.22939 0.000583743
0.00642 0.230091 0.00058604
0.00643 0.230798 0.000588345
0.00644 0.231511 0.000590656
0.00645 0.232231 0.000592975
0.00646 0.232958 0.000595301
0.00647 0.233693 0.000597634
0.00648 0.234437 0.000599975
0.00649 0.235188 0.000602323
0.0065 0.235949 0.000604679
0.00651 0.23672 0.000607042
0.00652 0.237501 0.000609413
0.00653 0.238292 0.000611792
0.00654 0.239094 0.000614179
0.00655 0.239908 0.000616574
0.00656 0.240734 0.000618977
0.00657 0.241572 0.000621389
0.00658 0.242422 0.000623809
0.00659 0.243287 0.000626237
0.0066 0.244165 0.000628675
0.00661 0.245057 0.000631121
0.00662 0.245964 0.000633576
0.00663 0.246886 0.00063604
0.00664 0.247824 0.000638514
0.00665 0.248777 0.000640997
0.00666 0.249748 0.000643489
0.00667 0.250735 0.000645992
0.00668 0.25174 0.000648504
0.00669 0.252763 0.000651027
0.0067 0.253804 0.000653559
0.00671 0.254864 0.000656103
0.00672 0.255944 0.000658657
0.00673 0.257043 0.000661222
0.00674 0.258163 0.000663798
0.00675 0.259303 0.000666385
0.00676 0.260465 0.000668984
0.00677 0.261648 0.000671594
0.00678 0.262854 0.000674217
0.00679 0.264082 0.000676852
0.0068 0.265333 0.000679499
0.00681 0.266607 0.000682158
0.00682 0.267906 0.000684831
0.00683 0.269229 0.000687517
0.00684 0.270577 0.000690216
0.00685 0.27195 0.000692928
0.00686 0.273349 0.000695655
0.00687 0.274775 0.000698395
0.00688 0.276227 0.00070115
0.00689 0.277707 0.00070392
0.0069 0.279214 0.000706705
0.00691 0.280749 0.000709505
0.00692 0.282313 0.00071232
0.00693 0.283906 0.000715151
0.00694 0.285529 0.000717998
0.00695 0.287182 0.000720862
0.00696 0.288865 0.000723742
0.00697 0.290579 0.000726639
0.00698 0.292325 0.000729554
0.00699 0.294102 0.000732486
0.007 0.295912 0.000735436
0.00701 0.297755 0.000738404
0.00702 0.299631 0.000741391
0.00703 0.30154 0.000744397
0.00704 0.303484 0.000747422
0.00705 0.305463 0.000750467
0.00706 0.307476 0.000753532
0.00707 0.309525 0.000756617
0.00708 0.311611 0.000759722
0.00709 0.313732 0.000762849
0.0071 0.315891 0.000765997
0.00711 0.318087 0.000769167
0.00712 0.320322 0.000772359
0.00713 0.322594 0.000775574
0.00714 0.324906 0.000778811
0.00715 0.327256 0.000782072
0.00716 0.329647 0.000785356
0.00717 0.332077 0.000788665
0.00718 0.334549 0.000791998
0.00719 0.337061 0.000795356
0.0072 0.339616 0.00079874
0.00721 0.342212 0.000802149
0.00722 0.344851 0.000805584
0.00723 0.347532 0.000809046
0.00724 0.350258 0.000812535
0.00725 0.353027 0.000816051
0.00726 0.355841 0.000819596
0.00727 0.358699 0.000823168
0.00728 0.361603 0.00082677
0.00729 0.364553 0.000830401
0.0073 0.367549 0.000834061
0.00731 0.370592 0.000837752
0.00732 0.373682 0.000841473
0.00733 0.376819 0.000845226
0.00734 0.380005 0.00084901
0.00735 0.383239 0.000852826
0.00736 0.386523 0.000856675
0.00737 0.389855 0.000860557
0.00738 0.393238 0.000864472
0.00739 0.396672 0.000868422
0.0074 0.400156 0.000872406
0.00741 0.403691 0.000876425
0.00742 0.407279 0.00088048
0.00743 0.410918 0.000884571
0.00744 0.414611 0.000888699
0.00745 0.418357 0.000892864
0.00746 0.422156 0.000897066
0.00747 0.42601 0.000901307
0.00748 0.429918 0.000905587
0.00749 0.433881 0.000909906
0.0075 0.4379 0.000914264
0.00751 0.441975 0.000918664
0.00752 0.446106 0.000923104
0.00753 0.450294 0.000927586
0.00754 0.45454 0.00093211
0.00755 0.458844 0.000936677
0.00756 0.463205 0.000941288
0.00757 0.467626 0.000945942
0.00758 0.472106 0.00095064
0.00759 0.476646 0.000955384
0.0076 0.481246 0.000960174
0.00761 0.485906 0.000965009
0.00762 0.490628 0.000969892
0.00763 0.495411 0.000974822
0.00764 0.500256 0.000979801
0.00765 0.505164 0.000984828
0.00766 0.510135 0.000989904
0.00767 0.515169 0.000995031
0.00768 0.520267 0.00100021
0.00769 0.52543 0.00100544
0.0077 0.530657 0.00101072
0.00771 0.535949 0.00101605
0.00772 0.541308 0.00102144
0.00773 0.546732 0.00102688
0.00774 0.552224 0.00103237
0.00775 0.557782 0.00103792
0.00776 0.563408 0.00104353
0.00777 0.569102 0.00104919
0.00778 0.574865 0.00105491
0.00779 0.580697 0.00106069
0.0078 0.586598 0.00106652
0.00781 0.592569 0.00107242
0.00782 0.59861 0.00107838
0.00783 0.604723 0.00108439
0.00784 0.610906 0.00109047
0.00785 0.617162 0.00109661
0.00786 0.62349 0.00110281
0.00787 0.62989 0.00110908
0.00788 0.636364 0.00111541
0.00789 0.642911 0.00112181
0.0079 0.649533 0.00112827
0.00791 0.656229 0.0011348
0.00792 0.663 0.0011414
0.00793 0.669846 0.00114806
0.00794 0.676769 0.00115479
0.00795 0.683768 0.0011616
0.00796 0.690843 0.00116847
0.00797 0.697997 0.00117541
0.00798 0.705228 0.00118243
0.00799 0.712537 0.00118952
0.008 0.719925 0.00119668
0.00801 0.727392 0.00120392
0.00802 0.734939 0.00121123
0.00803 0.742567 0.00121862
0.00804 0.750274 0.00122608
0.00805 0.758063 0.00123362
0.00806 0.765934 0.00124124
0.00807 0.773886 0.00124894
0.00808 0.781921 0.00125672
0.00809 0.790039 0.00126458
0.0081 0.79824 0.00127252
0.00811 0.806525 0.00128054
0.00812 0.814894 0.00128865
0.00813 0.823348 0.00129684
0.00814 0.831888 0.00130512
0.00815 0.840513 0.00131348
0.00816 0.849224 0.00132193
0.00817 0.858022 0.00133047
0.00818 0.866907 0.00133909
0.00819 0.87588 0.0013478
0.0082 0.88494 0.00135661
0.00821 0.89409 0.0013655
0.00822 0.903328 0.00137449
0.00823 0.912655 0.00138357
0.00824 0.922073 0.00139274
0.00825 0.931581 0.00140201
0.00826 0.941179 0.00141138
0.00827 0.950869 0.00142084
0.00828 0.960651 0.00143039
0.00829 0.970525 0.00144005
0.0083 0.980491 0.00144981
0.00831 0.990551 0.00145966
0.00832 1.0007 0.00146962
0.00833 1.01095 0.00147968
0.00834 1.02129 0.00148984
0.00835 1.03173 0.0015001
0.00836 1.04226 0.00151047
0.00837 1.05289 0.00152095
0.00838 1.06362 0.00153153
0.00839 1.07444 0.00154222
0.0084 1.08536 0.00155302
0.00841 1.09637 0.00156393
0.00842 1.10749 0.00157495
0.00843 1.1187 0.00158608
0.00844 1.13001 0.00159732
0.00845 1.14143 0.00160868
0.00846 1.15294 0.00162015
0.00847 1.16455 0.00163174
0.00848 1.17627 0.00164344
0.00849 1.18808 0.00165526
0.0085 1.2 0.0016672
0.00851 1.21214 0.00167927
0.00852 1.22461 0.00169145
0.00853 1.23742 0.00170376
0.00854 1.25056 0.0017162
0.00855 1.26403 0.00172877
0.00856 1.27783 0.00174148
0.00857 1.29196 0.00175433
0.00858 1.30642 0.00176732
0.00859 1.3212 0.00178046
0.0086 1.33631 0.00179375
0.00861 1.35174 0.00180719
0.00862 1.36749 0.00182078
0.00863 1.38356 0.00183454
0.00864 1.39995 0.00184846
0.00865 1.41666 0.00186254
0.00866 1.43368 0.00187679
0.00867 1.45102 0.00189122
0.00868 1.46867 0.00190581
0.00869 1.48664 0.00192059
0.0087 1.50491 0.00193555
0.00871 1.52349 0.00195069
0.00872 1.54238 0.00196602
0.00873 1.56157 0.00198154
0.00874 1.58107 0.00199725
0.00875 1.60088 0.00201316
0.00876 1.62098 0.00202927
0.00877 1.64139 0.00204558
0.00878 1.66209 0.0020621
0.00879 1.68309 0.00207883
0.0088 1.70439 0.00209576
0.00881 1.72598 0.00211292
0.00882 1.74786 0.00213028
0.00883 1.77004 0.00214787
0.00884 1.7925 0.00216569
0.00885 1.81526 0.00218373
0.00886 1.8383 0.00220199
0.00887 1.86163 0.00222049
0.00888 1.88525 0.00223923
0.00889 1.90914 0.0022582
0.0089 1.93332 0.00227741
0.00891 1.95778 0.00229687
0.00892 1.98252 0.00231657
0.00893 2.00753 0.00233652
0.00894 2.03282 0.00235672
0.00895 2.05839 0.00237718
0.00896 2.08423 0.00239789
0.00897 2.11034 0.00241886
0.00898 2.13672 0.0024401
0.00899 2.16337 0.0024616
0.009 2.19029 0.00248337
0.00901 2.21748 0.00250541
0.00902 2.24493 0.00252772
0.00903 2.27264 0.00255031
0.00904 2.30061 0.00257317
0.00905 2.32885 0.00259632
0.00906 2.35734 0.00261975
0.00907 2.3861 0.00264347
0.00908 2.4151 0.00266747
0.00909 2.44437 0.00269177
0.0091 2.47388 0.00271636
0.00911 2.50365 0.00274125
0.00912 2.53367 0.00276644
0.00913 2.56394 0.00279192
0.00914 2.59446 0.00281772
0.00915 2.62522 0.00284382
0.00916 2.65623 0.00287022
0.00917 2.68748 0.00289694
0.00918 2.71897 0.00292397
0.00919 2.7507 0.00295132
0.0092 2.78268 0.00297899
0.00921 2.81489 0.00300698
0.00922 2.84734 0.00303529
0.00923 2.88002 0.00306392
0.00924 2.91293 0.00309289
0.00925 2.94608 0.00312218
0.00926 2.97946 0.00315181
0.00927 3.01307 0.00318177
0.00928 3.0469 0.00321207
0.00929 3.08096 0.00324271
0.0093 3.11525 0.00327369
0.00931 3.14976 0.00330502
0.00932 3.1845 0.00333669
0.00933 3.21945 0.00336871
0.00934 3.25462 0.00340108
0.00935 3.29001 0.0034338
0.00936 3.32562 0.00346688
0.00937 3.36144 0.00350032
0.00938 3.39748 0.00353411
0.00939 3.43373 0.00356827
0.0094 3.47019 0.00360279
0.00941 3.50686 0.00363767
0.00942 3.54374 0.00367293
0.00943 3.58082 0.00370855
0.00944 3.61811 0.00374454
0.00945 3.6556 0.00378091
0.00946 3.6933 0.00381766
0.00947 3.73119 0.00385478
0.00948 3.76929 0.00389228
0.00949 3.80758 0.00393017
0.0095 3.84607 0.00396843
0.00951 3.88476 0.00400709
0.00952 3.92364 0.00404613
0.00953 3.96271 0.00408556
0.00954 4.00197 0.00412539
0.00955 4.04142 0.0041656
0.00956 4.08107 0.00420621
0.00957 4.12089 0.00424722
0.00958 4.16091 0.00428863
0.00959 4.2011 0.00433044
0.0096 4.24148 0.00437266
0.00961 4.28204 0.00441527
0.00962 4.32278 0.0044583
0.00963 4.3637 0.00450173
0.00964 4.40479 0.00454557
0.00965 4.44606 0.00458983
0.00966 4.48751 0.0046345
0.00967 4.52913 0.00467958
0.00968 4.57091 0.00472508
0.00969 4.61287 0.004771
0.0097 4.655 0.00481734
0.00971 4.69729 0.0048641
0.00972 4.73975 0.00491128
0.00973 4.78237 0.00495889
0.00974 4.82516 0.00500693
0.00975 4.8681 0.0050554
0.00976 4.91121 0.00510429
0.00977 4.95447 0.00515362
0.00978 4.99789 0.00520338
0.00979 5.04147 0.00525358
0.0098 5.0852 0.00530421
0.00981 5.12908 0.00535529
0.00982 5.17312 0.0054068
0.00983 5.2173 0.00545875
0.00984 5.26164 0.00551114
0.00985 5.30612 0.00556398
0.00986 5.35074 0.00561727
0.00987 5.39551 0.005671
0.00988 5.44043 0.00572518
0.00989 5.48548 0.00577981
0.0099 5.53067 0.00583489
0.00991 5.57601 0.00589042
0.00992 5.62148 0.00594641
0.00993 5.66708 0.00600285
0.00994 5.71282 0.00605975
0.00995 5.75869 0.00611711
0.00996 5.8047 0.00617493
0.00997 5.85083 0.0062332
0.00998 5.89709 0.00629194
0.00999 5.94348 0.00635115
0.01 5.99 0.00641081
0.01001 6.03718 0.00647095
0.01002 6.08553 0.00653156
0.01003 6.13503 0.00659267
0.01004 6.18564 0.00665427
0.01005 6.23735 0.00671638
0.01006 6.29011 0.00677902
0.01007 6.34391 0.00684219
0.01008 6.3987 0.0069059
0.01009 6.45446 0.00697017
0.0101 6.51117 0.007035
0.01011 6.56879 0.0071004
0.01012 6.62729 0.00716638
0.01013 6.68665 0.00723295
0.01014 6.74683 0.00730012
0.01015 6.8078 0.00736789
0.01016 6.86954 0.00743628
0.01017 6.93202 0.00750528
0.01018 6.9952 0.00757492
0.01019 7.05906 0.00764519
0.0102 7.12357 0.0077161
0.01021 7.18869 0.00778767
0.01022 7.25441 0.00785988
0.01023 7.32069 0.00793276
0.01024 7.3875 0.0080063
0.01025 7.45481 0.00808051
0.01026 7.52259 0.0081554
0.01027 7.59081 0.00823096
0.01028 7.65945 0.00830721
0.01029 7.72847 0.00838415
0.0103 7.79785 0.00846179
0.01031 7.86755 0.00854011
0.01032 7.93755 0.00861914
0.01033 8.00781 0.00869886
0.01034 8.07832 0.0087793
0.01035 8.14903 0.00886043
0.01036 8.21992 0.00894228
0.01037 8.29095 0.00902483
0.01038 8.36211 0.0091081
0.01039 8.43336 0.00919207
0.0104 8.50467 0.00927676
0.01041 8.57601 0.00936217
0.01042 8.64736 0.00944828
0.01043 8.71868 0.00953511
0.01044 8.78994 0.00962266
0.01045 8.86112 0.00971091
0.01046 8.93218 0.00979988
0.01047 9.0031 0.00988956
0.01048 9.07385 0.00997994
0.01049 9.14439 0.010071
0.0105 9.2147 0.0101628
0.01051 9.28475 0.0102553
0.01052 9.35451 0.0103485
0.01053 9.42394 0.0104424
0.01054 9.49303 0.010537
0.01055 9.56174 0.0106323
0.01056 9.63004 0.0107282
0.01057 9.69791 0.0108249
0.01058 9.76531 0.0109222
0.01059 9.83221 0.0110202
0.0106 9.89859 0.0111188
0.01061 9.96441 0.0112181
0.01062 10.0296 0.0113181
0.01063 10.0943 0.0114187
0.01064 10.1582 0.01152
0.01065 10.2216 0.0116219
0.01066 10.2842 0.0117244
0.01067 10.346 0.0118276
0.01068 10.4072 0.0119313
0.01069 10.4675 0.0120357
0.0107 10.527 0.0121407
0.01071 10.5857 0.0122462
0.01072 10.6434 0.0123524
0.01073 10.7003 0.0124591
0.01074 10.7562 0.0125664
0.01075 10.8112 0.0126742
0.01076 10.8652 0.0127826
0.01077 10.9182 0.0128915
0.01078 10.9701 0.013001
0.01079 11.0209 0.0131109
0.0108 11.0706 0.0132214
0.01081 11.1191 0.0133323
0.01082 11.1665 0.0134438
0.01083 11.2127 0.0135557
0.01084 11.2577 0.013668
0.01085 11.3014 0.0137808
0.01086 11.3438 0.013894
0.01087 11.3849 0.0140077
0.01088 11.4247 0.0141217
0.01089 11.463 0.0142362
0.0109 11.5 0.014351
0.01091 11.5359 0.0144662
0.01092 11.5712 0.0145817
0.01093 11.6058 0.0146976
0.01094 11.6397 0.0148138
0.01095 11.673 0.0149304
0.01096 11.7056 0.0150473
0.01097 11.7376 0.0151645
0.01098 11.769 0.015282
0.01099 11.7998 0.0153999
0.011 11.8299 0.015518
0.01101 11.8594 0.0156364
0.01102 11.8884 0.0157552
0.01103 11.9167 0.0158742
0.01104 11.9444 0.0159935
0.01105 11.9716 0.0161131
0.01106 11.9982 0.0162329
0.01107 12.0242 0.0163531
0.01108 12.0497 0.0164734
0.01109 12.0746 0.0165941
0.0111 12.099 0.0167149
0.01111 12.1228 0.016836
0.01112 12.1461 0.0169574
0.01113 12.1689 0.0170789
0.01114 12.1911 0.0172007
0.01115 12.2129 0.0173228
0.01116 12.2341 0.017445
0.01117 12.2548 0.0175674
0.01118 12.2751 0.0176901
0.01119 12.2948 0.0178129
0.0112 12.3141 0.017936
0.01121 12.3329 0.0180592
0.01122 12.3512 0.0181826
0.01123 12.3691 0.0183062
0.01124 12.3865 0.01843
0.01125 12.4035 0.018554
0.01126 12.4201 0.0186781
0.01127 12.4362 0.0188024
0.01128 12.4519 0.0189268
0.01129 12.4671 0.0190514
0.0113 12.482 0.0191762
0.01131 12.4964 0.019301
0.01132 12.5105 0.0194261
0.01133 12.5242 0.0195513
0.01134 12.5375 0.0196766
0.01135 12.5504 0.019802
0.01136 12.5629 0.0199276
0.01137 12.5751 0.0200533
0.01138 12.5869 0.0201791
0.01139 12.5984 0.020305
0.0114 12.6095 0.020431
0.01141 12.6203 0.0205572
0.01142 12.6307 0.0206834
0.01143 12.6409 0.0208098
0.01144 12.6507 0.0209363
0.01145 12.6602 0.0210628
0.01146 12.6694 0.0211895
0.01147 12.6783 0.0213162
0.01148 12.687 0.021443
0.01149 12.6953 0.0215699
0.0115 12.7034 0.0216969
0.01151 12.7112 0.021824
0.01152 12.7187 0.0219512
0.01153 12.726 0.0220784
0.01154 12.7331 0.0222057
0.01155 12.7399 0.022333
0.01156 12.7464 0.0224605
0.01157 12.7528 0.022588
0.01158 12.7589 0.0227155
0.01159 12.7648 0.0228431
0.0116 12.7705 0.0229708
0.01161 12.776 0.0230985
0.01162 12.7813 0.0232263
0.01163 12.7864 0.0233542
0.01164 12.7913 0.0234821
0.01165 12.7961 0.02361
0.01166 12.8007 0.023738
0.01167 12.8051 0.023866
0.01168 12.8094 0.0239941
0.01169 12.8136 0.0241222
0.0117 12.8176 0.0242504
0.01171 12.8215 0.0243786
0.01172 12.8252 0.0245068
0.01173 12.8288 0.0246351
0.01174 12.8323 0.0247634
0.01175 12.8358 0.0248917
0.01176 12.8391 0.0250201
0.01177 12.8423 0.0251485
0.01178 12.8454 0.0252769
0.01179 12.8485 0.0254054
0.0118 12.8515 0.0255339
0.01181 12.8544 0.0256624
0.01182 12.8573 0.025791
0.01183 12.8601 0.0259196
0.01184 12.8629 0.0260482
0.01185 12.8656 0.0261768
0.01186 12.8683 0.0263055
0.01187 12.871 0.0264342
0.01188 12.8736 0.0265629
0.01189 12.8763 0.0266917
0.0119 12.879 0.0268204
0.01191 12.8816 0.0269492
0.01192 12.8843 0.0270781
0.01193 12.887 0.0272069
0.01194 12.8897 0.0273358
0.01195 12.8924 0.0274647
0.01196 12.8952 0.0275937
0.01197 12.898 0.0277226
0.01198 12.9009 0.0278516
0.01199 12.9038 0.0279806
0.012 12.9068 0.0281097
0.01201 12.9099 0.0282388
0.01202 12.9131 0.0283679
0.01203 12.9163 0.028497
0.01204 12.9196 0.0286262
0.01205 12.9231 0.0287554
0.01206 12.9266 0.0288847
0.01207 12.9302 0.029014
0.01208 12.934 0.0291433
0.01209 12.9378 0.0292726
0.0121 12.9414 0.029402
0.01211 12.9448 0.0295315
0.01212 12.9482 0.0296609
0.01213 12.9514 0.0297904
0.01214 12.9544 0.02992
0.01215 12.9573 0.0300495
0.01216 12.9601 0.0301791
0.01217 12.9627 0.0303087
0.01218 12.9652 0.0304384
0.01219 12.9675 0.030568
0.0122 12.9697 0.0306977
0.01221 12.9717 0.0308274
0.01222 12.9736 0.0309571
0.01223 12.9754 0.0310869
0.01224 12.977 0.0312167
0.01225 12.9785 0.0313464
0.01226 12.9798 0.0314762
0.01227 12.981 0.031606
0.01228 12.982 0.0317358
0.01229 12.9829 0.0318657
0.0123 12.9837 0.0319955
0.01231 12.9843 0.0321253
0.01232 12.9847 0.0322552
0.01233 12.985 0.032385
0.01234 12.9852 0.0325149
0.01235 12.9852 0.0326447
0.01236 12.9851 0.0327746
0.01237 12.9848 0.0329044
0.01238 12.9844 0.0330343
0.01239 12.9838 0.0331641
0.0124 12.9831 0.033294
0.01241 12.9823 0.0334238
0.01242 12.9813 0.0335536
0.01243 12.9801 0.0336834
0.01244 12.9788 0.0338132
0.01245 12.9774 0.033943
0.01246 12.9758 0.0340728
0.01247 12.9741 0.0342025
0.01248 12.9722 0.0343322
0.01249 12.9702 0.0344619
0.0125 12.968 0.0345916
0.01251 12.9657 0.0347213
0.01252 12.9632 0.0348509
0.01253 12.9606 0.0349806
0.01254 12.9578 0.0351102
0.01255 12.9549 0.0352397
0.01256 12.9518 0.0353693
0.01257 12.9486 0.0354988
0.01258 12.9453 0.0356282
0.01259 12.9417 0.0357577
0.0126 12.9381 0.0358871
0.01261 12.9343 0.0360164
0.01262 12.9303 0.0361457
0.01263 12.9262 0.036275
0.01264 12.922 0.0364043
0.01265 12.9175 0.0365335
0.01266 12.913 0.0366626
0.01267 12.9083 0.0367917
0.01268 12.9034 0.0369208
0.01269 12.8984 0.0370498
0.0127 12.8933 0.0371788
0.01271 12.888 0.0373077
0.01272 12.8825 0.0374365
0.01273 12.8769 0.0375653
0.01274 12.8711 0.037694
0.01275 12.8652 0.0378227
0.01276 12.8592 0.0379514
0.01277 12.8529 0.0380799
0.01278 12.8466 0.0382084
0.01279 12.8401 0.0383368
0.0128 12.8334 0.0384652
0.01281 12.8266 0.0385935
0.01282 12.8196 0.0387217
0.01283 12.8125 0.0388499
0.01284 12.8052 0.038978
0.01285 12.7978 0.039106
0.01286 12.7902 0.0392339
0.01287 12.7824 0.0393618
0.01288 12.7746 0.0394896
0.01289 12.7665 0.0396173
0.0129 12.7583 0.0397449
0.01291 12.75 0.0398725
0.01292 12.7415 0.0399999
0.01293 12.7328 0.0401273
0.01294 12.724 0.0402546
0.01295 12.715 0.0403818
0.01296 12.7059 0.0405089
0.01297 12.6967 0.0406359
0.01298 12.6872 0.0407628
0.01299 12.6777 0.0408896
0.013 12.6679 0.0410164
0.01301 12.658 0.041143
0.01302 12.648 0.0412695
0.01303 12.6378 0.041396
0.01304 12.6274 0.0415223
0.01305 12.6169 0.0416485
0.01306 12.6063 0.0417746
0.01307 12.5954 0.0419006
0.01308 12.5845 0.0420265
0.01309 12.5733 0.0421523
0.0131 12.562 0.042278
0.01311 12.5506 0.0424036
0.01312 12.539 0.042529
0.01313 12.5272 0.0426543
0.01314 12.5153 0.0427795
0.01315 12.5033 0.0429046
0.01316 12.491 0.0430296
0.01317 12.4786 0.0431545
0.01318 12.4661 0.0432792
0.01319 12.4534 0.0434038
0.0132 12.4406 0.0435282
0.01321 12.4274 0.0436526
0.01322 12.4138 0.0437768
0.01323 12.3998 0.0439009
0.01324 12.3853 0.0440248
0.01325 12.3705 0.0441486
0.01326 12.3552 0.0442722
0.01327 12.3396 0.0443957
0.01328 12.3235 0.044519
0.01329 12.3071 0.0446421
0.0133 12.2903 0.0447651
0.01331 12.2732 0.0448879
0.01332 12.2557 0.0450106
0.01333 12.2379 0.0451331
0.01334 12.2197 0.0452553
0.01335 12.2012 0.0453774
0.01336 12.1824 0.0454994
0.01337 12.1633 0.0456211
0.01338 12.1439 0.0457426
0.01339 12.1242 0.045864
0.0134 12.1042 0.0459851
0.01341 12.084 0.0461061
0.01342 12.0635 0.0462268
0.01343 12.0427 0.0463473
0.01344 12.0217 0.0464676
0.01345 12.0005 0.0465878
0.01346 11.979 0.0467077
0.01347 11.9573 0.0468273
0.01348 11.9354 0.0469468
0.01349 11.9133 0.047066
0.0135 11.891 0.0471851
0.01351 11.8685 0.0473039
0.01352 11.8459 0.0474224
0.01353 11.823 0.0475408
0.01354 11.8001 0.0476589
0.01355 11.7769 0.0477768
0.01356 11.7537 0.0478944
0.01357 11.7303 0.0480119
0.01358 11.7067 0.048129
0.01359 11.6831 0.048246
0.0136 11.6594 0.0483627
0.01361 11.6355 0.0484792
0.01362 11.6116 0.0485954
0.01363 11.5876 0.0487114
0.01364 11.5635 0.0488272
0.01365 11.5394 0.0489427
0.01366 11.5152 0.0490579
0.01367 11.4909 0.049173
0.01368 11.4667 0.0492878
0.01369 11.4423 0.0494023
0.0137 11.418 0.0495166
0.01371 11.3937 0.0496307
0.01372 11.3694 0.0497445
0.01373 11.3451 0.0498581
0.01374 11.3207 0.0499714
0.01375 11.2965 0.0500845
0.01376 11.2722 0.0501973
0.01377 11.248 0.0503099
0.01378 11.2239 0.0504223
0.01379 11.1998 0.0505344
0.0138 11.1758 0.0506463
0.01381 11.1518 0.0507579
0.01382 11.128 0.0508693
0.01383 11.1042 0.0509805
0.01384 11.0806 0.0510914
0.01385 11.057 0.0512021
0.01386 11.0336 0.0513125
0.01387 11.0103 0.0514228
0.01388 10.9872 0.0515327
0.01389 10.9642 0.0516425
0.0139 10.9413 0.051752
0.01391 10.9186 0.0518613
0.01392 10.8961 0.0519704
0.01393 10.8738 0.0520793
0.01394 10.8517 0.0521879
0.01395 10.8297 0.0522963
0.01396 10.808 0.0524045
0.01397 10.7865 0.0525124
0.01398 10.7652 0.0526202
0.01399 10.7442 0.0527278
0.014 10.7234 0.0528351
0.01401 10.7027 0.0529422
0.01402 10.682 0.0530491
0.01403 10.6613 0.0531559
0.01404 10.6406 0.0532624
0.01405 10.6199 0.0533687
0.01406 10.5991 0.0534748
0.01407 10.5784 0.0535807
0.01408 10.5576 0.0536863
0.01409 10.5368 0.0537918
0.0141 10.516 0.0538971
0.01411 10.4952 0.0540021
0.01412 10.4744 0.054107
0.01413 10.4536 0.0542116
0.01414 10.4327 0.054316
0.01415 10.4119 0.0544203
0.01416 10.391 0.0545243
0.01417 10.3702 0.0546281
0.01418 10.3493 0.0547317
0.01419 10.3284 0.0548351
0.0142 10.3075 0.0549383
0.01421 10.2866 0.0550412
0.01422 10.2657 0.055144
0.01423 10.2448 0.0552465
0.01424 10.2238 0.0553489
0.01425 10.2029 0.055451
0.01426 10.182 0.0555529
0.01427 10.161 0.0556547
0.01428 10.14 0.0557562
0.01429 10.1191 0.0558575
0.0143 10.0981 0.0559585
0.01431 10.0771 0.0560594
0.01432 10.0561 0.0561601
0.01433 10.0351 0.0562605
0.01434 10.0141 0.0563608
0.01435 9.99315 0.0564608
0.01436 9.97214 0.0565607
0.01437 9.95113 0.0566603
0.01438 9.93011 0.0567597
0.01439 9.90909 0.0568589
0.0144 9.88806 0.0569579
0.01441 9.86703 0.0570566
0.01442 9.846 0.0571552
0.01443 9.82497 0.0572536
0.01444 9.80393 0.0573517
0.01445 9.78288 0.0574496
0.01446 9.76184 0.0575474
0.01447 9.74079 0.0576449
0.01448 9.71974 0.0577422
0.01449 9.69869 0.0578393
0.0145 9.67764 0.0579361
0.01451 9.65658 0.0580328
0.01452 9.63553 0.0581293
0.01453 9.61447 0.0582255
0.01454 9.59341 0.0583216
0.01455 9.57235 0.0584174
0.01456 9.5513 0.058513
0.01457 9.53024 0.0586084
0.01458 9.50918 0.0587036
0.01459 9.48812 0.0587986
0.0146 9.46707 0.0588934
0.01461 9.44601 0.0589879
0.01462 9.42496 0.0590823
0.01463 9.40391 0.0591764
0.01464 9.38286 0.0592704
0.01465 9.36181 0.0593641
0.01466 9.34076 0.0594576
0.01467 9.31972 0.0595509
0.01468 9.29868 0.059644
0.01469 9.27764 0.0597369
0.0147 9.25661 0.0598296
0.01471 9.23558 0.059922
0.01472 9.21455 0.0600143
0.01473 9.19353 0.0601063
0.01474 9.17251 0.0601981
0.01475 9.1515 0.0602898
0.01476 9.13049 0.0603812
0.01477 9.10948 0.0604724
0.01478 9.08848 0.0605634
0.01479 9.06749 0.0606541
0.0148 9.0465 0.0607447
0.01481 9.02552 0.0608351
0.01482 9.00455 0.0609252
0.01483 8.98358 0.0610152
0.01484 8.96262 0.0611049
0.01485 8.94166 0.0611944
0.01486 8.92072 0.0612837
0.01487 8.89978 0.0613728
0.01488 8.87884 0.0614617
0.01489 8.85792 0.0615504
0.0149 8.83701 0.0616389
0.01491 8.8161 0.0617271
0.01492 8.7952 0.0618152
0.01493 8.77431 0.0619031
0.01494 8.75343 0.0619907
0.01495 8.73256 0.0620781
0.01496 8.7117 0.0621653
0.01497 8.69085 0.0622524
0.01498 8.67001 0.0623392
0.01499 8.64918 0.0624258
0.015 8.62836 0.0625121
0.01501 8.60755 0.0625983
0.01502 8.58675 0.0626843
0.01503 8.56597 0.0627701
0.01504 8.54519 0.0628556
0.01505 8.52443 0.062941
0.01506 8.50368 0.0630261
0.01507 8.48295 0.063111
0.01508 8.46222 0.0631958
0.01509 8.44151 0.0632803
0.0151 8.42081 0.0633646
0.01511 8.40013 0.0634487
0.01512 8.37946 0.0635326
0.01513 8.3588 0.0636163
0.01514 8.33816 0.0636998
0.01515 8.31753 0.063783
0.01516 8.29692 0.0638661
0.01517 8.27632 0.063949
0.01518 8.25574 0.0640316
0.01519 8.23517 0.0641141
0.0152 8.21462 0.0641963
0.01521 8.19408 0.0642784
0.01522 8.17356 0.0643602
0.01523 8.15306 0.0644419
0.01524 8.13257 0.0645233
0.01525 8.1121 0.0646045
0.01526 8.09165 0.0646855
0.01527 8.07122 0.0647663
0.01528 8.0508 0.064847
0.01529 8.0304 0.0649274
0.0153 8.01002 0.0650076
0.01531 7.98966 0.0650876
0.01532 7.96931 0.0651674
0.01533 7.94899 0.065247
0.01534 7.92868 0.0653263
0.01535 7.9084 0.0654055
0.01536 7.88813 0.0654845
0.01537 7.86788 0.0655633
0.01538 7.84766 0.0656419
0.01539 7.82745 0.0657202
0.0154 7.80727 0.0657984
0.01541 7.7871 0.0658764
0.01542 7.76696 0.0659542
0.01543 7.74684 0.0660317
0.01544 7.72674 0.0661091
0.01545 7.70666 0.0661863
0.01546 7.68661 0.0662632
0.01547 7.66657 0.06634
0.01548 7.64656 0.0664166
0.01549 7.62658 0.0664929
0.0155 7.60661 0.0665691
0.01551 7.58667 0.0666451
0.01552 7.56675 0.0667208
0.01553 7.54686 0.0667964
0.01554 7.52699 0.0668718
0.01555 7.50715 0.0669469
0.01556 7.48733 0.0670219
0.01557 7.46753 0.0670967
0.01558 7.44776 0.0671713
0.01559 7.42802 0.0672456
0.0156 7.4083 0.0673198
0.01561 7.3886 0.0673938
0.01562 7.36894 0.0674676
0.01563 7.3493 0.0675412
0.01564 7.32968 0.0676146
0.01565 7.3101 0.0676878
0.01566 7.29054 0.0677608
0.01567 7.271 0.0678336
0.01568 7.2515 0.0679062
0.01569 7.23202 0.0679786
0.0157 7.21257 0.0680508
0.01571 7.19315 0.0681229
0.01572 7.17376 0.0681947
0.01573 7.1544 0.0682663
0.01574 7.13507 0.0683378
0.01575 7.11576 0.068409
0.01576 7.09649 0.0684801
0.01577 7.07724 0.068551
0.01578 7.05803 0.0686216
0.01579 7.03884 0.0686921
0.0158 7.01969 0.0687624
0.01581 7.00057 0.0688325
0.01582 6.98148 0.0689024
0.01583 6.96242 0.0689722
0.01584 6.94339 0.0690417
0.01585 6.92439 0.069111
0.01586 6.90543 0.0691802
0.01587 6.8865 0.0692491
0.01588 6.8676 0.0693179
0.01589 6.84873 0.0693865
0.0159 6.8299 0.0694549
0.01591 6.8111 0.0695231
0.01592 6.79233 0.0695911
0.01593 6.7736 0.0696589
0.01594 6.7549 0.0697266
0.01595 6.73623 0.069794
0.01596 6.7176 0.0698613
0.01597 6.69901 0.0699284
0.01598 6.68045 0.0699953
0.01599 6.66193 0.070062
0.016 6.64344 0.0701285
0.01601 6.62498 0.0701949
0.01602 6.60657 0.070261
0.01603 6.58819 0.070327
0.01604 6.56984 0.0703928
0.01605 6.55154 0.0704584
0.01606 6.53327 0.0705238
0.01607 6.51503 0.0705891
0.01608 6.49684 0.0706541
0.01609 6.47868 0.070719
0.0161 6.46056 0.0707837
0.01611 6.44248 0.0708482
0.01612 6.42444 0.0709125
0.01613 6.40644 0.0709767
0.01614 6.38847 0.0710407
0.01615 6.37055 0.0711045
0.01616 6.35266 0.0711681
0.01617 6.33482 0.0712315
0.01618 6.31701 0.0712948
0.01619 6.29925 0.0713579
0.0162 6.28152 0.0714208
0.01621 6.26384 0.0714835
0.01622 6.2462 0.071546
0.01623 6.22859 0.0716084
0.01624 6.21104 0.0716706
0.01625 6.19352 0.0717326
0.01626 6.17604 0.0717945
0.01627 6.15861 0.0718562
0.01628 6.14122 0.0719177
0.01629 6.12387 0.071979
0.0163 6.10656 0.0720401
0.01631 6.0893 0.0721011
0.01632 6.07208 0.0721619
0.01633 6.05491 0.0722225
0.01634 6.03778 0.072283
0.01635 6.02069 0.0723433
0.01636 6.00365 0.0724034
0.01637 5.98665 0.0724634
0.01638 5.9697 0.0725232
0.01639 5.95279 0.0725828
0.0164 5.93593 0.0726422
0.01641 5.91912 0.0727015
0.01642 5.90235 0.0727606
0.01643 5.88563 0.0728195
0.01644 5.86895 0.0728783
0.01645 5.85232 0.0729369
0.01646 5.83572 0.0729954
0.01647 5.81914 0.0730536
0.01648 5.80258 0.0731117
0.01649 5.78604 0.0731697
0.0165 5.76952 0.0732275
0.01651 5.75301 0.0732851
0.01652 5.73653 0.0733425
0.01653 5.72006 0.0733998
0.01654 5.70361 0.0734569
0.01655 5.68718 0.0735139
0.01656 5.67077 0.0735707
0.01657 5.65438 0.0736273
0.01658 5.63801 0.0736838
0.01659 5.62166 0.0737401
0.0166 5.60533 0.0737962
0.01661 5.58901 0.0738522
0.01662 5.57272 0.073908
0.01663 5.55645 0.0739636
0.01664 5.54019 0.0740191
0.01665 5.52396 0.0740744
0.01666 5.50774 0.0741296
0.01667 5.49155 0.0741846
0.01668 5.47538 0.0742394
0.01669 5.45922 0.0742941
0.0167 5.44309 0.0743486
0.01671 5.42698 0.0744029
0.01672 5.41089 0.0744571
0.01673 5.39481 0.0745112
0.01674 5.37876 0.074565
0.01675 5.36273 0.0746187
0.01676 5.34672 0.0746723
0.01677 5.33073 0.0747257
0.01678 5.31477 0.0747789
0.01679 5.29882 0.074832
0.0168 5.2829 0.0748849
0.01681 5.26699 0.0749376
0.01682 5.25111 0.0749902
0.01683 5.23525 0.0750426
0.01684 5.21941 0.0750949
0.01685 5.20359 0.075147
0.01686 5.1878 0.075199
0.01687 5.17202 0.0752508
0.01688 5.15627 0.0753024
0.01689 5.14054 0.0753539
0.0169 5.12483 0.0754052
0.01691 5.10914 0.0754564
0.01692 5.09348 0.0755074
0.01693 5.07784 0.0755583
0.01694 5.06222 0.075609
0.01695 5.04662 0.0756595
0.01696 5.03105 0.0757099
0.01697 5.0155 0.0757601
0.01698 4.99997 0.0758102
0.01699 4.98447 0.0758601
0.017 4.96898 0.0759099
0.01701 4.95352 0.0759595
0.01702 4.93809 0.076009
0.01703 4.92268 0.0760583
0.01704 4.90729 0.0761074
0.01705 4.89192 0.0761564
0.01706 4.87658 0.0762053
0.01707 4.86126 0.076254
0.01708 4.84596 0.0763025
0.01709 4.83069 0.0763509
0.0171 4.81544 0.0763991
0.01711 4.80022 0.0764472
0.01712 4.78502 0.0764951
0.01713 4.76984 0.0765429
0.01714 4.75469 0.0765905
0.01715 4.73956 0.076638
0.01716 4.72446 0.0766853
0.01717 4.70938 0.0767325
0.01718 4.69433 0.0767795
0.01719 4.6793 0.0768264
0.0172 4.6643 0.0768731
0.01721 4.64932 0.0769197
0.01722 4.63436 0.0769661
0.01723 4.61943 0.0770123
0.01724 4.60453 0.0770585
0.01725 4.58965 0.0771044
0.01726 4.57479 0.0771503
0.01727 4.55996 0.0771959
0.01728 4.54516 0.0772415
0.01729 4.53038 0.0772868
0.0173 4.51563 0.0773321
0.01731 4.5009 0.0773771
0.01732 4.4862 0.0774221
0.01733 4.47153 0.0774669
0.01734 4.45688 0.0775115
0.01735 4.44225 0.077556
0.01736 4.42766 0.0776004
0.01737 4.41309 0.0776446
0.01738 4.39854 0.0776886
0.01739 4.38402 0.0777325
0.0174 4.36953 0.0777763
0.01741 4.35507 0.0778199
0.01742 4.34063 0.0778634
0.01743 4.32622 0.0779067
0.01744 4.31183 0.0779499
0.01745 4.29748 0.077993
0.01746 4.28314 0.0780359
0.01747 4.26884 0.0780786
0.01748 4.25456 0.0781212
0.01749 4.24032 0.0781637
0.0175 4.22609 0.0782061
0.01751 4.2119 0.0782482
0.01752 4.19773 0.0782903
0.01753 4.18359 0.0783322
0.01754 4.16948 0.078374
0.01755 4.1554 0.0784156
0.01756 4.14134 0.0784571
0.01757 4.12731 0.0784984
0.01758 4.11331 0.0785396
0.01759 4.09934 0.0785807
0.0176 4.0854 0.0786216
0.01761 4.07148 0.0786624
0.01762 4.0576 0.078703
0.01763 4.04374 0.0787435
0.01764 4.02991 0.0787839
0.01765 4.01611 0.0788241
0.01766 4.00234 0.0788642
0.01767 3.98859 0.0789042
0.01768 3.97488 0.078944
0.01769 3.96119 0.0789837
0.0177 3.94754 0.0790232
0.01771 3.93391 0.0790626
0.01772 3.92031 0.0791019
0.01773 3.90674 0.079141
0.01774 3.8932 0.07918
0.01775 3.8797 0.0792189
0.01776 3.86622 0.0792576
0.01777 3.85277 0.0792962
0.01778 3.83935 0.0793347
0.01779 3.82596 0.079373
0.0178 3.8126 0.0794112
0.01781 3.79927 0.0794493
0.01782 3.78597 0.0794872
0.01783 3.7727 0.079525
0.01784 3.75946 0.0795627
0.01785 3.74625 0.0796002
0.01786 3.73307 0.0796376
0.01787 3.71992 0.0796748
0.01788 3.7068 0.079712
0.01789 3.69372 0.079749
0.0179 3.68066 0.0797858
0.01791 3.66764 0.0798226
0.01792 3.65464 0.0798592
0.01793 3.64168 0.0798957
0.01794 3.62875 0.079932
0.01795 3.61585 0.0799683
0.01796 3.60298 0.0800044
0.01797 3.59015 0.0800403
0.01798 3.57734 0.0800762
0.01799 3.56457 0.0801119
0.018 3.55183 0.0801474
0.01801 3.53912 0.0801829
0.01802 3.52644 0.0802182
0.01803 3.51379 0.0802534
0.01804 3.50118 0.0802885
0.01805 3.4886 0.0803235
0.01806 3.47605 0.0803583
0.01807 3.46353 0.080393
0.01808 3.45104 0.0804275
0.01809 3.43859 0.080462
0.0181 3.42617 0.0804963
0.01811 3.41379 0.0805305
0.01812 3.40143 0.0805646
0.01813 3.38911 0.0805985
0.01814 3.37682 0.0806324
0.01815 3.36457 0.0806661
0.01816 3.35235 0.0806997
0.01817 3.34016 0.0807331
0.01818 3.328 0.0807665
0.01819 3.31588 0.0807997
0.0182 3.30379 0.0808328
0.01821 3.29174 0.0808658
0.01822 3.27972 0.0808986
0.01823 3.26773 0.0809314
0.01824 3.25577 0.080964
0.01825 3.24386 0.0809965
0.01826 3.23197 0.0810289
0.01827 3.22012 0.0810611
0.01828 3.2083 0.0810933
0.01829 3.19652 0.0811253
0.0183 3.18477 0.0811572
0.01831 3.17306 0.081189
0.01832 3.16138 0.0812207
0.01833 3.14973 0.0812522
0.01834 3.13812 0.0812836
0.01835 3.12655 0.081315
0.01836 3.11501 0.0813462
0.01837 3.1035 0.0813773
0.01838 3.09203 0.0814082
0.01839 3.0806 0.0814391
0.0184 3.0692 0.0814699
0.01841 3.05783 0.0815005
0.01842 3.0465 0.081531
0.01843 3.03521 0.0815614
0.01844 3.02395 0.0815917
0.01845 3.01273 0.0816219
0.01846 3.00154 0.081652
0.01847 2.99039 0.0816819
0.01848 2.97928 0.0817118
0.01849 2.9682 0.0817415
0.0185 2.95716 0.0817711
0.01851 2.94615 0.0818007
0.01852 2.93518 0.0818301
0.01853 2.92425 0.0818594
0.01854 2.91335 0.0818886
0.01855 2.90249 0.0819176
0.01856 2.89167 0.0819466
0.01857 2.88088 0.0819755
0.01858 2.87013 0.0820042
0.01859 2.85942 0.0820329
0.0186 2.84874 0.0820614
0.01861 2.8381 0.0820898
0.01862 2.8275 0.0821182
0.01863 2.81694 0.0821464
0.01864 2.80641 0.0821745
0.01865 2.79592 0.0822025
0.01866 2.78547 0.0822304
0.01867 2.77505 0.0822582
0.01868 2.76468 0.0822859
0.01869 2.75434 0.0823135
0.0187 2.74404 0.082341
0.01871 2.73378 0.0823684
0.01872 2.72355 0.0823957
0.01873 2.71336 0.0824229
0.01874 2.70322 0.08245
0.01875 2.69311 0.0824769
0.01876 2.68303 0.0825038
0.01877 2.673 0.0825306
0.01878 2.66301 0.0825573
0.01879 2.65305 0.0825839
0.0188 2.64313 0.0826103
0.01881 2.63325 0.0826367
0.01882 2.62342 0.082663
0.01883 2.61362 0.0826892
0.01884 2.60385 0.0827153
0.01885 2.59413 0.0827413
0.01886 2.58445 0.0827672
0.01887 2.57481 0.082793
0.01888 2.5652 0.0828187
0.01889 2.55564 0.0828443
0.0189 2.54611 0.0828698
0.01891 2.53663 0.0828952
0.01892 2.52718 0.0829205
0.01893 2.51778 0.0829457
0.01894 2.50841 0.0829709
0.01895 2.49909 0.0829959
0.01896 2.48981 0.0830208
0.01897 2.48056 0.0830457
0.01898 2.47136 0.0830705
0.01899 2.46219 0.0830951
0.019 2.45307 0.0831197
0.01901 2.44398 0.0831442
0.01902 2.4349 0.0831686
0.01903 2.42585 0.0831929
0.01904 2.41681 0.0832171
0.01905 2.40779 0.0832412
0.01906 2.39879 0.0832653
0.01907 2.38981 0.0832892
0.01908 2.38085 0.0833131
0.01909 2.3719 0.0833368
0.0191 2.36298 0.0833605
0.01911 2.35407 0.0833841
0.01912 2.34518 0.0834076
0.01913 2.33631 0.083431
0.01914 2.32746 0.0834543
0.01915 2.31863 0.0834775
0.01916 2.30982 0.0835007
0.01917 2.30103 0.0835237
0.01918 2.29225 0.0835467
0.01919 2.28349 0.0835696
0.0192 2.27475 0.0835924
0.01921 2.26604 0.0836151
0.01922 2.25733 0.0836377
0.01923 2.24865 0.0836602
0.01924 2.23999 0.0836827
0.01925 2.23134 0.083705
0.01926 2.22272 0.0837273
0.01927 2.21411 0.0837495
0.01928 2.20552 0.0837716
0.01929 2.19695 0.0837936
0.0193 2.1884 0.0838155
0.01931 2.17987 0.0838373
0.01932 2.17135 0.0838591
0.01933 2.16286 0.0838808
0.01934 2.15438 0.0839024
0.01935 2.14592 0.0839239
0.01936 2.13749 0.0839453
0.01937 2.12906 0.0839666
0.01938 2.12066 0.0839879
0.01939 2.11228 0.084009
0.0194 2.10392 0.0840301
0.01941 2.09557 0.0840511
0.01942 2.08724 0.084072
0.01943 2.07893 0.0840928
0.01944 2.07064 0.0841136
0.01945 2.06237 0.0841343
0.01946 2.05412 0.0841548
0.01947 2.04589 0.0841753
0.01948 2.03767 0.0841958
0.01949 2.02947 0.0842161
0.0195 2.0213 0.0842364
0.01951 2.01314 0.0842565
0.01952 2.005 0.0842766
0.01953 1.99687 0.0842966
0.01954 1.98877 0.0843166
0.01955 1.98069 0.0843364
0.01956 1.97262 0.0843562
0.01957 1.96457 0.0843759
0.01958 1.95654 0.0843955
0.01959 1.94853 0.084415
0.0196 1.94054 0.0844344
0.01961 1.93257 0.0844538
0.01962 1.92461 0.0844731
0.01963 1.91668 0.0844923
0.01964 1.90876 0.0845114
0.01965 1.90086 0.0845305
0.01966 1.89298 0.0845494
0.01967 1.88512 0.0845683
0.01968 1.87728 0.0845871
0.01969 1.86946 0.0846059
0.0197 1.86165 0.0846245
0.01971 1.85386 0.0846431
0.01972 1.8461 0.0846616
0.01973 1.83835 0.08468
0.01974 1.83062 0.0846984
0.01975 1.82291 0.0847166
0.01976 1.81521 0.0847348
0.01977 1.80754 0.0847529
0.01978 1.79988 0.084771
0.01979 1.79224 0.0847889
0.0198 1.78462 0.0848068
0.01981 1.77702 0.0848246
0.01982 1.76944 0.0848424
0.01983 1.76188 0.08486
0.01984 1.75434 0.0848776
0.01985 1.74681 0.0848951
0.01986 1.7393 0.0849125
0.01987 1.73181 0.0849299
0.01988 1.72434 0.0849472
0.01989 1.71689 0.0849644
0.0199 1.70946 0.0849815
0.01991 1.70205 0.0849986
0.01992 1.69465 0.0850156
0.01993 1.68727 0.0850325
0.01994 1.67992 0.0850493
0.01995 1.67258 0.0850661
0.01996 1.66526 0.0850827
0.01997 1.65795 0.0850994
0.01998 1.65067 0.0851159
0.01999 1.6434 0.0851324
0.02 1.63616 0.0851488
0.02001 1.62893 0.0851651
0.02002 1.62172 0.0851814
0.02003 1.61453 0.0851975
0.02004 1.60736 0.0852136
0.02005 1.6002 0.0852297
0.02006 1.59307 0.0852456
0.02007 1.58595 0.0852615
0.02008 1.57885 0.0852774
0.02009 1.57177 0.0852931
0.0201 1.56471 0.0853088
0.02011 1.55767 0.0853244
0.02012 1.55065 0.08534
0.02013 1.54364 0.0853554
0.02014 1.53666 0.0853708
0.02015 1.52969 0.0853862
0.02016 1.52274 0.0854014
0.02017 1.51581 0.0854166
0.02018 1.5089 0.0854317
0.02019 1.502 0.0854468
0.0202 1.49513 0.0854618
0.02021 1.48827 0.0854767
0.02022 1.48144 0.0854915
0.02023 1.47462 0.0855063
0.02024 1.46782 0.085521
0.02025 1.46103 0.0855357
0.02026 1.45427 0.0855503
0.02027 1.44753 0.0855648
0.02028 1.4408 0.0855792
0.02029 1.43409 0.0855936
0.0203 1.4274 0.0856079
0.02031 1.42073 0.0856221
0.02032 1.41408 0.0856363
0.02033 1.40745 0.0856504
0.02034 1.40083 0.0856645
0.02035 1.39424 0.0856784
0.02036 1.38766 0.0856923
0.02037 1.3811 0.0857062
0.02038 1.37456 0.08572
0.02039 1.36804 0.0857337
0.0204 1.36153 0.0857473
0.02041 1.35505 0.0857609
0.02042 1.34858 0.0857744
0.02043 1.34213 0.0857879
0.02044 1.3357 0.0858013
0.02045 1.32929 0.0858146
0.02046 1.3229 0.0858279
0.02047 1.31653 0.085841
0.02048 1.31017 0.0858542
0.02049 1.30384 0.0858673
0.0205 1.29752 0.0858803
0.02051 1.29122 0.0858932
0.02052 1.28494 0.0859061
0.02053 1.27867 0.0859189
0.02054 1.27243 0.0859317
0.02055 1.26621 0.0859444
0.02056 1.26 0.085957
0.02057 1.25381 0.0859696
0.02058 1.24764 0.0859821
0.02059 1.24149 0.0859945
0.0206 1.23536 0.0860069
0.02061 1.22924 0.0860192
0.02062 1.22315 0.0860315
0.02063 1.21707 0.0860437
0.02064 1.21101 0.0860558
0.02065 1.20497 0.0860679
0.02066 1.19895 0.0860799
0.02067 1.19295 0.0860919
0.02068 1.18696 0.0861038
0.02069 1.181 0.0861156
0.0207 1.17505 0.0861274
0.02071 1.16912 0.0861391
0.02072 1.16321 0.0861508
0.02073 1.15732 0.0861624
0.02074 1.15145 0.0861739
0.02075 1.14559 0.0861854
0.02076 1.13976 0.0861968
0.02077 1.13394 0.0862082
0.02078 1.12814 0.0862195
0.02079 1.12236 0.0862308
0.0208 1.1166 0.086242
0.02081 1.11085 0.0862531
0.02082 1.10513 0.0862642
0.02083 1.09942 0.0862752
0.02084 1.09373 0.0862862
0.02085 1.08806 0.0862971
0.02086 1.08241 0.0863079
0.02087 1.07678 0.0863187
0.02088 1.07116 0.0863295
0.02089 1.06557 0.0863401
0.0209 1.05999 0.0863508
0.02091 1.05443 0.0863613
0.02092 1.04889 0.0863719
0.02093 1.04337 0.0863823
0.02094 1.03787 0.0863927
0.02095 1.03238 0.0864031
0.02096 1.02692 0.0864134
0.02097 1.02147 0.0864236
0.02098 1.01604 0.0864338
0.02099 1.01063 0.0864439
0.021 1.00524 0.086454
0.02101 0.999865 0.086464
0.02102 0.99451 0.086474
0.02103 0.989173 0.0864839
0.02104 0.983855 0.0864938
0.02105 0.978555 0.0865036
0.02106 0.973274 0.0865134
0.02107 0.968012 0.0865231
0.02108 0.962767 0.0865327
0.02109 0.957542 0.0865423
0.0211 0.952334 0.0865519
0.02111 0.947145 0.0865614
0.02112 0.941975 0.0865708
0.02113 0.936823 0.0865802
0.02114 0.93169 0.0865896
0.02115 0.926575 0.0865989
0.02116 0.921479 0.0866081
0.02117 0.916401 0.0866173
0.02118 0.911341 0.0866264
0.02119 0.9063 0.0866355
0.0212 0.901278 0.0866445
0.02121 0.896274 0.0866535
0.02122 0.891288 0.0866625
0.02123 0.886321 0.0866714
0.02124 0.881372 0.0866802
0.02125 0.876442 0.086689
0.02126 0.87153 0.0866977
0.02127 0.866637 0.0867064
0.02128 0.861762 0.0867151
0.02129 0.856906 0.0867237
0.0213 0.852068 0.0867322
0.02131 0.847248 0.0867407
0.02132 0.842447 0.0867491
0.02133 0.837665 0.0867575
0.02134 0.8329 0.0867659
0.02135 0.828155 0.0867742
0.02136 0.823428 0.0867825
0.02137 0.818719 0.0867907
0.02138 0.814029 0.0867988
0.02139 0.809357 0.086807
0.0214 0.804703 0.086815
0.02141 0.800068 0.086823
0.02142 0.795452 0.086831
0.02143 0.790854 0.086839
0.02144 0.786274 0.0868468
0.02145 0.781713 0.0868547
0.02146 0.77717 0.0868625
0.02147 0.772646 0.0868702
0.02148 0.76814 0.0868779
0.02149 0.763652 0.0868856
0.0215 0.759183 0.0868932
0.02151 0.754733 0.0869008
0.02152 0.750301 0.0869083
0.02153 0.745887 0.0869158
0.02154 0.741492 0.0869232
0.02155 0.737115 0.0869306
0.02156 0.732756 0.086938
0.02157 0.728417 0.0869453
0.02158 0.724095 0.0869525
0.02159 0.719792 0.0869597
0.0216 0.715507 0.0869669
0.02161 0.711241 0.0869741
0.02162 0.706993 0.0869811
0.02163 0.702763 0.0869882
0.02164 0.698552 0.0869952
0.02165 0.69436 0.0870022
0.02166 0.690186 0.0870091
0.02167 0.68603 0.087016
0.02168 0.681892 0.0870228
0.02169 0.677774 0.0870296
0.0217 0.673673 0.0870364
0.02171 0.669591 0.0870431
0.02172 0.665527 0.0870498
0.02173 0.661482 0.0870564
0.02174 0.657455 0.087063
0.02175 0.653447 0.0870695
0.02176 0.649456 0.0870761
0.02177 0.645485 0.0870825
0.02178 0.641532 0.087089
0.02179 0.637597 0.0870954
0.0218 0.63368 0.0871017
0.02181 0.629782 0.087108
0.02182 0.625902 0.0871143
0.02183 0.622041 0.0871206
0.02184 0.618198 0.0871268
0.02185 0.614374 0.0871329
0.02186 0.610568 0.087139
0.02187 0.60678 0.0871451
0.02188 0.603011 0.0871512
0.02189 0.59926 0.0871572
0.0219 0.595527 0.0871632
0.02191 0.591813 0.0871691
0.02192 0.588118 0.087175
0.02193 0.58444 0.0871809
0.02194 0.580781 0.0871867
0.02195 0.577141 0.0871925
0.02196 0.573519 0.0871982
0.02197 0.569915 0.087204
0.02198 0.566329 0.0872096
0.02199 0.562762 0.0872153
0.022 0.559214 0.0872209
0.02201 0.555684 0.0872265
0.02202 0.552172 0.087232
0.02203 0.548678 0.0872375
0.02204 0.545203 0.087243
0.02205 0.541746 0.0872484
0.02206 0.538308 0.0872538
0.02207 0.534888 0.0872592
0.02208 0.531486 0.0872645
0.02209 0.528103 0.0872698
0.0221 0.524738 0.0872751
0.02211 0.521391 0.0872803
0.02212 0.518063 0.0872855
0.02213 0.514753 0.0872907
0.02214 0.511462 0.0872958
0.02215 0.508189 0.0873009
0.02216 0.504934 0.087306
0.02217 0.501698 0.087311
0.02218 0.49848 0.087316
0.02219 0.49528 0.087321
0.0222 0.492099 0.0873259
0.02221 0.488936 0.0873308
0.02222 0.485792 0.0873357
0.02223 0.482665 0.0873405
0.02224 0.479558 0.0873453
0.02225 0.476468 0.0873501
0.02226 0.473397 0.0873549
0.02227 0.470344 0.0873596
0.02228 0.46731 0.0873643
0.02229 0.464294 0.0873689
0.0223 0.461296 0.0873736
0.02231 0.458316 0.0873781
0.02232 0.455355 0.0873827
0.02233 0.452413 0.0873873
0.02234 0.449488 0.0873918
0.02235 0.446582 0.0873962
0.02236 0.443695 0.0874007
0.02237 0.440825 0.0874051
0.02238 0.437974 0.0874095
0.02239 0.435142 0.0874139
0.0224 0.432327 0.0874182
0.02241 0.429531 0.0874225
0.02242 0.426754 0.0874268
0.02243 0.423994 0.0874311
0.02244 0.421253 0.0874353
0.02245 0.418531 0.0874395
0.02246 0.415826 0.0874437
0.02247 0.41314 0.0874478
0.02248 0.410472 0.0874519
0.02249 0.407823 0.087456
0.0225 0.405192 0.0874601
0.02251 0.402579 0.0874641
0.02252 0.399985 0.0874681
0.02253 0.397409 0.0874721
0.02254 0.394851 0.0874761
0.02255 0.392312 0.08748
0.02256 0.389791 0.0874839
0.02257 0.387288 0.0874878
0.02258 0.384803 0.0874917
0.02259 0.382337 0.0874955
0.0226 0.379889 0.0874993
0.02261 0.37746 0.0875031
0.02262 0.375049 0.0875069
0.02263 0.372656 0.0875106
0.02264 0.370281 0.0875143
0.02265 0.367925 0.087518
0.02266 0.365587 0.0875217
0.02267 0.363267 0.0875253
0.02268 0.360966 0.0875289
0.02269 0.358683 0.0875325
0.0227 0.356418 0.0875361
0.02271 0.354172 0.0875397
0.02272 0.351943 0.0875432
0.02273 0.349734 0.0875467
0.02274 0.347542 0.0875502
0.02275 0.345369 0.0875537
0.02276 0.343214 0.0875571
0.02277 0.341077 0.0875605
0.02278 0.338959 0.0875639
0.02279 0.336859 0.0875673
0.0228 0.334777 0.0875707
0.02281 0.332713 0.087574
0.02282 0.330668 0.0875773
0.02283 0.328641 0.0875806
0.02284 0.326633 0.0875839
0.02285 0.324642 0.0875871
0.02286 0.32267 0.0875904
0.02287 0.320716 0.0875936
0.02288 0.318781 0.0875968
0.02289 0.316864 0.0876
0.0229 0.314965 0.0876031
0.02291 0.313084 0.0876063
0.02292 0.311222 0.0876094
0.02293 0.309378 0.0876125
0.02294 0.307552 0.0876156
0.02295 0.305744 0.0876186
0.02296 0.303955 0.0876217
0.02297 0.302184 0.0876247
0.02298 0.300431 0.0876277
0.02299 0.298697 0.0876307
0.023 0.296981 0.0876337
0.02301 0.295283 0.0876367
0.02302 0.293603 0.0876396
0.02303 0.291942 0.0876425
0.02304 0.290299 0.0876455
0.02305 0.288674 0.0876484
0.02306 0.287067 0.0876512
0.02307 0.285479 0.0876541
0.02308 0.283909 0.0876569
0.02309 0.282357 0.0876598
0.0231 0.280824 0.0876626
0.02311 0.279308 0.0876654
0.02312 0.277811 0.0876682
0.02313 0.276332 0.0876709
0.02314 0.274872 0.0876737
0.02315 0.27343 0.0876764
0.02316 0.272006 0.0876792
0.02317 0.2706 0.0876819
0.02318 0.269212 0.0876846
0.02319 0.267843 0.0876873
0.0232 0.266492 0.0876899
0.02321 0.265159 0.0876926
0.02322 0.263845 0.0876952
0.02323 0.262549 0.0876979
0.02324 0.261271 0.0877005
0.02325 0.260011 0.0877031
0.02326 0.258769 0.0877057
0.02327 0.257546 0.0877083
0.02328 0.256341 0.0877108
0.02329 0.255154 0.0877134
0.0233 0.253986 0.087716
0.02331 0.252835 0.0877185
0.02332 0.251703 0.087721
0.02333 0.250589 0.0877235
0.02334 0.249494 0.087726
0.02335 0.248416 0.0877285
0.02336 0.247357 0.087731
0.02337 0.246316 0.0877335
0.02338 0.245293 0.0877359
0.02339 0.244289 0.0877384
0.0234 0.243303 0.0877408
0.02341 0.242334 0.0877432
0.02342 0.241385 0.0877456
0.02343 0.240453 0.0877481
0.02344 0.23954 0.0877505
0.02345 0.238645 0.0877528
0.02346 0.237768 0.0877552
0.02347 0.236909 0.0877576
0.02348 0.236068 0.08776
0.02349 0.235246 0.0877623
0.0235 0.234442 0.0877647
0.02351 0.233656 0.087767
0.02352 0.232888 0.0877693
0.02353 0.232139 0.0877717
0.02354 0.231408 0.087774
0.02355 0.230695 0.0877763
0.02356 0.23 0.0877786
0.02357 0.229316 0.0877809
0.02358 0.228634 0.0877832
0.02359 0.227955 0.0877855
0.0236 0.227278 0.0877877
0.02361 0.226604 0.08779
0.02362 0.225932 0.0877923
0.02363 0.225264 0.0877945
0.02364 0.224597 0.0877968
0.02365 0.223933 0.087799
0.02366 0.223272 0.0878013
0.02367 0.222614 0.0878035
0.02368 0.221957 0.0878057
0.02369 0.221304 0.0878079
0.0237 0.220653 0.0878101
0.02371 0.220004 0.0878123
0.02372 0.219358 0.0878145
0.02373 0.218715 0.0878167
0.02374 0.218074 0.0878189
0.02375 0.217435 0.0878211
0.02376 0.216799 0.0878233
0.02377 0.216166 0.0878254
0.02378 0.215535 0.0878276
0.02379 0.214906 0.0878297
0.0238 0.21428 0.0878319
0.02381 0.213657 0.087834
0.02382 0.213036 0.0878362
0.02383 0.212417 0.0878383
0.02384 0.211801 0.0878404
0.02385 0.211187 0.0878425
0.02386 0.210576 0.0878446
0.02387 0.209967 0.0878467
0.02388 0.209361 0.0878488
0.02389 0.208757 0.0878509
0.0239 0.208156 0.087853
0.02391 0.207557 0.0878551
0.02392 0.20696 0.0878572
0.02393 0.206366 0.0878592
0.02394 0.205774 0.0878613
0.02395 0.205185 0.0878633
0.02396 0.204598 0.0878654
0.02397 0.204013 0.0878674
0.02398 0.203431 0.0878695
0.02399 0.202851 0.0878715
0.024 0.202273 0.0878735
0.02401 0.201698 0.0878755
0.02402 0.201125 0.0878776
0.02403 0.200555 0.0878796
0.02404 0.199987 0.0878816
0.02405 0.199421 0.0878836
0.02406 0.198858 0.0878856
0.02407 0.198297 0.0878875
0.02408 0.197738 0.0878895
0.02409 0.197182 0.0878915
0.0241 0.196628 0.0878935
0.02411 0.196076 0.0878954
0.02412 0.195527 0.0878974
0.02413 0.19498 0.0878993
0.02414 0.194435 0.0879013
0.02415 0.193893 0.0879032
0.02416 0.193352 0.0879052
0.02417 0.192815 0.0879071
0.02418 0.192279 0.087909
0.02419 0.191746 0.0879109
0.0242 0.191215 0.0879129
0.02421 0.190686 0.0879148
0.02422 0.190159 0.0879167
0.02423 0.189635 0.0879186
0.02424 0.189113 0.0879205
0.02425 0.188593 0.0879224
0.02426 0.188076 0.0879242
0.02427 0.18756 0.0879261
0.02428 0.187047 0.087928
0.02429 0.186536 0.0879299
0.0243 0.186028 0.0879317
0.02431 0.185521 0.0879336
0.02432 0.185017 0.0879354
0.02433 0.184515 0.0879373
0.02434 0.184015 0.0879391
0.02435 0.183518 0.087941
0.02436 0.183022 0.0879428
0.02437 0.182529 0.0879446
0.02438 0.182038 0.0879464
0.02439 0.181549 0.0879483
0.0244 0.181062 0.0879501
0.02441 0.180578 0.0879519
0.02442 0.180095 0.0879537
0.02443 0.179615 0.0879555
0.02444 0.179137 0.0879573
0.02445 0.178661 0.0879591
0.02446 0.178187 0.0879608
0.02447 0.177715 0.0879626
0.02448 0.177246 0.0879644
0.02449 0.176778 0.0879662
0.0245 0.176313 0.0879679
0.02451 0.17585 0.0879697
0.02452 0.175389 0.0879715
0.02453 0.174929 0.0879732
0.02454 0.174473 0.087975
0.02455 0.174018 0.0879767
0.02456 0.173565 0.0879784
0.02457 0.173114 0.0879802
0.02458 0.172666 0.0879819
0.02459 0.172219 0.0879836
0.0246 0.171774 0.0879853
0.02461 0.171332 0.0879871
0.02462 0.170892 0.0879888
0.02463 0.170453 0.0879905
0.02464 0.170017 0.0879922
0.02465 0.169583 0.0879939
0.02466 0.16915 0.0879956
0.02467 0.16872 0.0879973
0.02468 0.168292 0.0879989
0.02469 0.167866 0.0880006
0.0247 0.167442 0.0880023
0.02471 0.167019 0.088004
0.02472 0.166599 0.0880056
0.02473 0.166181 0.0880073
0.02474 0.165765 0.088009
0.02475 0.165351 0.0880106
0.02476 0.164938 0.0880123
0.02477 0.164528 0.0880139
0.02478 0.16412 0.0880156
0.02479 0.163713 0.0880172
0.0248 0.163309 0.0880188
0.02481 0.162907 0.0880205
0.02482 0.162506 0.0880221
0.02483 0.162108 0.0880237
0.02484 0.161711 0.0880253
0.02485 0.161316 0.088027
0.02486 0.160923 0.0880286
0.02487 0.160533 0.0880302
0.02488 0.160144 0.0880318
0.02489 0.159757 0.0880334
0.0249 0.159372 0.088035
0.02491 0.158988 0.0880366
0.02492 0.158607 0.0880381
0.02493 0.158228 0.0880397
0.02494 0.15785 0.0880413
0.02495 0.157474 0.0880429
0.02496 0.157101 0.0880445
0.02497 0.156729 0.088046
0.02498 0.156359 0.0880476
0.02499 0.15599 0.0880492
0.025 0.155624 0.0880507
0.02501 0.155259 0.0880523
0.02502 0.154897 0.0880538
0.02503 0.154536 0.0880554
0.02504 0.154177 0.0880569
0.02505 0.15382 0.0880585
0.02506 0.153464 0.08806
0.02507 0.153111 0.0880615
0.02508 0.152759 0.0880631
0.02509 0.152409 0.0880646
0.0251 0.152061 0.0880661
0.02511 0.151715 0.0880676
0.02512 0.15137 0.0880691
0.02513 0.151027 0.0880706
0.02514 0.150686 0.0880722
0.02515 0.150347 0.0880737
0.02516 0.15001 0.0880752
0.02517 0.149674 0.0880767
0.02518 0.14934 0.0880782
0.02519 0.149008 0.0880796
0.0252 0.148677 0.0880811
0.02521 0.148349 0.0880826
0.02522 0.148022 0.0880841
0.02523 0.147697 0.0880856
0.02524 0.147373 0.0880871
0.02525 0.147051 0.0880885
0.02526 0.146731 0.08809
0.02527 0.146413 0.0880915
0.02528 0.146096 0.0880929
0.02529 0.145781 0.0880944
0.0253 0.145468 0.0880958
0.02531 0.145156 0.0880973
0.02532 0.144847 0.0880987
0.02533 0.144538 0.0881002
0.02534 0.144232 0.0881016
0.02535 0.143927 0.0881031
0.02536 0.143624 0.0881045
0.02537 0.143322 0.0881059
0.02538 0.143022 0.0881074
0.02539 0.142724 0.0881088
0.0254 0.142427 0.0881102
0.02541 0.142132 0.0881117
0.02542 0.141839 0.0881131
0.02543 0.141547 0.0881145
0.02544 0.141257 0.0881159
0.02545 0.140969 0.0881173
0.02546 0.140682 0.0881187
0.02547 0.140397 0.0881201
0.02548 0.140113 0.0881215
0.02549 0.139831 0.0881229
0.0255 0.13955 0.0881243
0.02551 0.139272 0.0881257
0.02552 0.138994 0.0881271
0.02553 0.138718 0.0881285
0.02554 0.138444 0.0881299
0.02555 0.138172 0.0881313
0.02556 0.137901 0.0881327
0.02557 0.137631 0.088134
0.02558 0.137363 0.0881354
0.02559 0.137097 0.0881368
0.0256 0.136832 0.0881382
0.02561 0.136568 0.0881395
0.02562 0.136307 0.0881409
0.02563 0.136046 0.0881422
0.02564 0.135788 0.0881436
0.02565 0.13553 0.088145
0.02566 0.135275 0.0881463
0.02567 0.13502 0.0881477
0.02568 0.134767 0.088149
0.02569 0.134516 0.0881504
0.0257 0.134266 0.0881517
0.02571 0.134018 0.088153
0.02572 0.133771 0.0881544
0.02573 0.133526 0.0881557
0.02574 0.133282 0.0881571
0.02575 0.133039 0.0881584
0.02576 0.132798 0.0881597
0.02577 0.132559 0.088161
0.02578 0.132321 0.0881624
0.02579 0.132084 0.0881637
0.0258 0.131849 0.088165
0.02581 0.131615 0.0881663
0.02582 0.131383 0.0881676
0.02583 0.131152 0.088169
0.02584 0.130922 0.0881703
0.02585 0.130694 0.0881716
0.02586 0.130467 0.0881729
0.02587 0.130242 0.0881742
0.02588 0.130018 0.0881755
0.02589 0.129795 0.0881768
0.0259 0.129574 0.0881781
0.02591 0.129354 0.0881794
0.02592 0.129135 0.0881807
0.02593 0.128918 0.088182
0.02594 0.128703 0.0881832
0.02595 0.128488 0.0881845
0.02596 0.128275 0.0881858
0.02597 0.128063 0.0881871
0.02598 0.127853 0.0881884
0.02599 0.127644 0.0881897
0.026 0.127436 0.0881909
0.02601 0.12723 0.0881922
0.02602 0.127025 0.0881935
0.02603 0.126821 0.0881947
0.02604 0.126618 0.088196
0.02605 0.126417 0.0881973
0.02606 0.126217 0.0881985
0.02607 0.126019 0.0881998
0.02608 0.125821 0.0882011
0.02609 0.125625 0.0882023
0.0261 0.125431 0.0882036
0.02611 0.125237 0.0882048
0.02612 0.125045 0.0882061
0.02613 0.124854 0.0882073
0.02614 0.124664 0.0882086
0.02615 0.124476 0.0882098
0.02616 0.124289 0.0882111
0.02617 0.124103 0.0882123
0.02618 0.123918 0.0882135
0.02619 0.123734 0.0882148
0.0262 0.123552 0.088216
0.02621 0.123371 0.0882173
0.02622 0.123191 0.0882185
0.02623 0.123013 0.0882197
0.02624 0.122835 0.0882209
0.02625 0.122659 0.0882222
0.02626 0.122484 0.0882234
0.02627 0.12231 0.0882246
0.02628 0.122137 0.0882258
0.02629 0.121966 0.0882271
0.0263 0.121795 0.0882283
0.02631 0.121626 0.0882295
0.02632 0.121458 0.0882307
0.02633 0.121291 0.0882319
0.02634 0.121125 0.0882331
0.02635 0.120961 0.0882344
0.02636 0.120797 0.0882356
0.02637 0.120635 0.0882368
0.02638 0.120474 0.088238
0.02639 0.120314 0.0882392
0.0264 0.120155 0.0882404
0.02641 0.119997 0.0882416
0.02642 0.11984 0.0882428
0.02643 0.119684 0.088244
0.02644 0.11953 0.0882452
0.02645 0.119376 0.0882464
0.02646 0.119224 0.0882476
0.02647 0.119073 0.0882488
0.02648 0.118922 0.0882499
0.02649 0.118773 0.0882511
0.0265 0.118625 0.0882523
0.02651 0.118478 0.0882535
0.02652 0.118332 0.0882547
0.02653 0.118187 0.0882559
0.02654 0.118043 0.0882571
0.02655 0.1179 0.0882582
0.02656 0.117759 0.0882594
0.02657 0.117618 0.0882606
0.02658 0.117478 0.0882618
0.02659 0.117339 0.0882629
0.0266 0.117202 0.0882641
0.02661 0.117065 0.0882653
0.02662 0.116929 0.0882665
0.02663 0.116794 0.0882676
0.02664 0.116661 0.0882688
0.02665 0.116528 0.08827
0.02666 0.116396 0.0882711
0.02667 0.116265 0.0882723
0.02668 0.116135 0.0882734
0.02669 0.116007 0.0882746
0.0267 0.115879 0.0882758
0.02671 0.115752 0.0882769
0.02672 0.115626 0.0882781
0.02673 0.115501 0.0882792
0.02674 0.115377 0.0882804
0.02675 0.115253 0.0882815
0.02676 0.115131 0.0882827
0.02677 0.11501 0.0882838
0.02678 0.114889 0.088285
0.02679 0.11477 0.0882861
0.0268 0.114651 0.0882873
0.02681 0.114533 0.0882884
0.02682 0.114417 0.0882896
0.02683 0.114301 0.0882907
0.02684 0.114186 0.0882919
0.02685 0.114072 0.088293
0.02686 0.113958 0.0882941
0.02687 0.113846 0.0882953
0.02688 0.113734 0.0882964
0.02689 0.113624 0.0882976
0.0269 0.113514 0.0882987
0.02691 0.113405 0.0882998
0.02692 0.113297 0.088301
0.02693 0.113189 0.0883021
0.02694 0.113083 0.0883032
0.02695 0.112977 0.0883044
0.02696 0.112872 0.0883055
0.02697 0.112768 0.0883066
0.02698 0.112665 0.0883077
0.02699 0.112563 0.0883089
0.027 0.112461 0.08831
0.02701 0.11236 0.0883111
0.02702 0.11226 0.0883122
0.02703 0.112161 0.0883134
0.02704 0.112063 0.0883145
0.02705 0.111965 0.0883156
0.02706 0.111868 0.0883167
0.02707 0.111772 0.0883178
0.02708 0.111677 0.088319
0.02709 0.111582 0.0883201
0.0271 0.111488 0.0883212
0.02711 0.111395 0.0883223
0.02712 0.111303 0.0883234
0.02713 0.111211 0.0883245
0.02714 0.11112 0.0883256
0.02715 0.11103 0.0883268
0.02716 0.110941 0.0883279
0.02717 0.110852 0.088329
0.02718 0.110764 0.0883301
0.02719 0.110677 0.0883312
0.0272 0.11059 0.0883323
0.02721 0.110504 0.0883334
0.02722 0.110419 0.0883345
0.02723 0.110334 0.0883356
0.02724 0.11025 0.0883367
0.02725 0.110167 0.0883378
0.02726 0.110084 0.0883389
0.02727 0.110002 0.08834
0.02728 0.109921 0.0883411
0.02729 0.109841 0.0883422
0.0273 0.109761 0.0883433
0.02731 0.109681 0.0883444
0.02732 0.109603 0.0883455
0.02733 0.109525 0.0883466
0.02734 0.109447 0.0883477
0.02735 0.10937 0.0883488
0.02736 0.109294 0.0883499
0.02737 0.109218 0.088351
0.02738 0.109143 0.0883521
0.02739 0.109069 0.0883532
0.0274 0.108995 0.0883542
0.02741 0.108922 0.0883553
0.02742 0.108849 0.0883564
0.02743 0.108777 0.0883575
0.02744 0.108706 0.0883586
0.02745 0.108635 0.0883597
0.02746 0.108564 0.0883608
0.02747 0.108495 0.0883619
0.02748 0.108425 0.0883629
0.02749 0.108357 0.088364
0.0275 0.108288 0.0883651
0.02751 0.108221 0.0883662
0.02752 0.108154 0.0883673
0.02753 0.108087 0.0883684
0.02754 0.108021 0.0883694
0.02755 0.107955 0.0883705
0.02756 0.10789 0.0883716
0.02757 0.107826 0.0883727
0.02758 0.107762 0.0883738
0.02759 0.107698 0.0883748
0.0276 0.107635 0.0883759
0.02761 0.107572 0.088377
0.02762 0.10751 0.0883781
0.02763 0.107449 0.0883791
0.02764 0.107387 0.0883802
0.02765 0.107327 0.0883813
0.02766 0.107266 0.0883824
0.02767 0.107207 0.0883834
0.02768 0.107147 0.0883845
0.02769 0.107088 0.0883856
0.0277 0.10703 0.0883866
0.02771 0.106972 0.0883877
0.02772 0.106914 0.0883888
0.02773 0.106857 0.0883898
0.02774 0.1068 0.0883909
0.02775 0.106744 0.088392
0.02776 0.106688 0.0883931
0.02777 0.106632 0.0883941
0.02778 0.106577 0.0883952
0.02779 0.106522 0.0883963
0.0278 0.106468 0.0883973
0.02781 0.106413 0.0883984
0.02782 0.10636 0.0883994
0.02783 0.106306 0.0884005
0.02784 0.106253 0.0884016
0.02785 0.106201 0.0884026
0.02786 0.106149 0.0884037
0.02787 0.106097 0.0884048
0.02788 0.106045 0.0884058
0.02789 0.105994 0.0884069
0.0279 0.105943 0.0884079
0.02791 0.105892 0.088409
0.02792 0.105842 0.0884101
0.02793 0.105792 0.0884111
0.02794 0.105742 0.0884122
0.02795 0.105693 0.0884132
0.02796 0.105644 0.0884143
0.02797 0.105595 0.0884153
0.02798 0.105547 0.0884164
0.02799 0.105499 0.0884175
0.028 0.105451 0.0884185
0.02801 0.105403 0.0884196
0.02802 0.105356 0.0884206
0.02803 0.105308 0.0884217
0.02804 0.105262 0.0884227
0.02805 0.105215 0.0884238
0.02806 0.105169 0.0884248
0.02807 0.105122 0.0884259
0.02808 0.105077 0.0884269
0.02809 0.105031 0.088428
0.0281 0.104985 0.088429
0.02811 0.10494 0.0884301
0.02812 0.104895 0.0884311
0.02813 0.10485 0.0884322
0.02814 0.104806 0.0884332
0.02815 0.104761 0.0884343
0.02816 0.104717 0.0884353
0.02817 0.104673 0.0884364
0.02818 0.104629 0.0884374
0.02819 0.104586 0.0884385
0.0282 0.104542 0.0884395
0.02821 0.104499 0.0884405
0.02822 0.104456 0.0884416
0.02823 0.104413 0.0884426
0.02824 0.10437 0.0884437
0.02825 0.104327 0.0884447
0.02826 0.104285 0.0884458
0.02827 0.104242 0.0884468
0.02828 0.1042 0.0884479
0.02829 0.104158 0.0884489
0.0283 0.104116 0.0884499
0.02831 0.104074 0.088451
0.02832 0.104032 0.088452
0.02833 0.10399 0.0884531
0.02834 0.103949 0.0884541
0.02835 0.103907 0.0884551
0.02836 0.103866 0.0884562
0.02837 0.103824 0.0884572
0.02838 0.103783 0.0884583
0.02839 0.103742 0.0884593
0.0284 0.103701 0.0884603
0.02841 0.10366 0.0884614
0.02842 0.103619 0.0884624
0.02843 0.103578 0.0884634
0.02844 0.103537 0.0884645
0.02845 0.103496 0.0884655
0.02846 0.103455 0.0884665
0.02847 0.103414 0.0884676
0.02848 0.103373 0.0884686
0.02849 0.103332 0.0884696
0.0285 0.103292 0.0884707
0.02851 0.103251 0.0884717
0.02852 0.10321 0.0884727
0.02853 0.103169 0.0884738
0.02854 0.103129 0.0884748
0.02855 0.103088 0.0884758
0.02856 0.103047 0.0884769
0.02857 0.103006 0.0884779
0.02858 0.102965 0.0884789
0.02859 0.102925 0.08848
0.0286 0.102884 0.088481
0.02861 0.102843 0.088482
0.02862 0.102802 0.088483
0.02863 0.102761 0.0884841
0.02864 0.102719 0.0884851
0.02865 0.102678 0.0884861
0.02866 0.102637 0.0884872
0.02867 0.102596 0.0884882
0.02868 0.102554 0.0884892
0.02869 0.102513 0.0884902
0.0287 0.102471 0.0884913
0.02871 0.10243 0.0884923
0.02872 0.102388 0.0884933
0.02873 0.102346 0.0884943
0.02874 0.102304 0.0884953
0.02875 0.102262 0.0884964
0.02876 0.10222 0.0884974
0.02877 0.102177 0.0884984
0.02878 0.102135 0.0884994
0.02879 0.102092 0.0885005
0.0288 0.102049 0.0885015
0.02881 0.102006 0.0885025
0.02882 0.101963 0.0885035
0.02883 0.10192 0.0885045
0.02884 0.101877 0.0885056
0.02885 0.101833 0.0885066
0.02886 0.101789 0.0885076
0.02887 0.101745 0.0885086
0.02888 0.101701 0.0885096
0.02889 0.101657 0.0885106
0.0289 0.101612 0.0885117
0.02891 0.101568 0.0885127
0.02892 0.101523 0.0885137
0.02893 0.101478 0.0885147
0.02894 0.101432 0.0885157
0.02895 0.101387 0.0885167
0.02896 0.101341 0.0885178
0.02897 0.101295 0.0885188
0.02898 0.101249 0.0885198
0.02899 0.101202 0.0885208
0.029 0.101156 0.0885218
0.02901 0.101109 0.0885228
0.02902 0.101061 0.0885238
0.02903 0.101014 0.0885248
0.02904 0.100966 0.0885258
0.02905 0.100918 0.0885269
0.02906 0.10087 0.0885279
0.02907 0.100821 0.0885289
0.02908 0.100772 0.0885299
0.02909 0.100723 0.0885309
0.0291 0.100673 0.0885319
0.02911 0.100624 0.0885329
0.02912 0.100573 0.0885339
0.02913 0.100523 0.0885349
0.02914 0.100472 0.0885359
0.02915 0.100421 0.0885369
0.02916 0.10037 0.0885379
0.02917 0.100318 0.0885389
0.02918 0.100266 0.0885399
0.02919 0.100213 0.0885409
0.0292 0.100161 0.0885419
0.02921 0.100107 0.0885429
0.02922 0.100054 0.0885439
0.02923 0.1 0.0885449
0.02924 0.0999455 0.0885459
0.02925 0.0998902 0.0885469
0.02926 0.099834 0.0885479
0.02927 0.0997771 0.0885489
0.02928 0.0997193 0.0885499
0.02929 0.0996607 0.0885509
0.0293 0.0996013 0.0885519
0.02931 0.0995411 0.0885529
0.02932 0.0994801 0.0885539
0.02933 0.0994182 0.0885549
0.02934 0.0993556 0.0885559
0.02935 0.0992921 0.0885569
0.02936 0.0992279 0.0885579
0.02937 0.0991628 0.0885589
0.02938 0.099097 0.0885599
0.02939 0.0990304 0.0885609
0.0294 0.0989629 0.0885619
0.02941 0.0988947 0.0885628
0.02942 0.0988257 0.0885638
0.02943 0.0987559 0.0885648
0.02944 0.0986854 0.0885658
0.02945 0.098614 0.0885668
0.02946 0.0985419 0.0885678
0.02947 0.098469 0.0885688
0.02948 0.0983953 0.0885697
0.02949 0.0983208 0.0885707
0.0295 0.0982456 0.0885717
0.02951 0.0981696 0.0885727
0.02952 0.0980928 0.0885737
0.02953 0.0980153 0.0885747
0.02954 0.097937 0.0885756
0.02955 0.0978579 0.0885766
0.02956 0.0977781 0.0885776
0.02957 0.0976976 0.0885786
0.02958 0.0976162 0.0885795
0.02959 0.0975342 0.0885805
0.0296 0.0974514 0.0885815
0.02961 0.0973678 0.0885825
0.02962 0.0972835 0.0885834
0.02963 0.0971984 0.0885844
0.02964 0.0971126 0.0885854
0.02965 0.0970261 0.0885864
0.02966 0.0969388 0.0885873
0.02967 0.0968508 0.0885883
0.02968 0.0967621 0.0885893
0.02969 0.0966726 0.0885902
0.0297 0.0965824 0.0885912
0.02971 0.0964915 0.0885922
0.02972 0.0963999 0.0885931
0.02973 0.0963075 0.0885941
0.02974 0.0962144 0.0885951
0.02975 0.0961206 0.088596
0.02976 0.0960261 0.088597
0.02977 0.0959309 0.0885979
0.02978 0.095835 0.0885989
0.02979 0.0957383 0.0885999
0.0298 0.095641 0.0886008
0.02981 0.0955429 0.0886018
0.02982 0.0954442 0.0886027
0.02983 0.0953447 0.0886037
0.02984 0.0952445 0.0886046
0.02985 0.0951437 0.0886056
0.02986 0.0950421 0.0886065
0.02987 0.0949399 0.0886075
0.02988 0.094837 0.0886084
0.02989 0.0947334 0.0886094
0.0299 0.0946291 0.0886103
0.02991 0.0945241 0.0886113
0.02992 0.0944184 0.0886122
0.02993 0.0943121 0.0886132
0.02994 0.0942051 0.0886141
0.02995 0.0940974 0.088615
0.02996 0.0939891 0.088616
0.02997 0.09388 0.0886169
0.02998 0.0937703 0.0886179
0.02999 0.09366 0.0886188
0.03 0.0935489 0.0886197
0.03001 0.0934373 0.0886207
0.03002 0.0933249 0.0886216
0.03003 0.0932119 0.0886225
0.03004 0.0930983 0.0886235
0.03005 0.0929839 0.0886244
0.03006 0.092869 0.0886253
0.03007 0.0927534 0.0886263
0.03008 0.0926371 0.0886272
0.03009 0.0925202 0.0886281
0.0301 0.0924027 0.088629
0.03011 0.0922845 0.08863
0.03012 0.0921657 0.0886309
0.03013 0.0920462 0.0886318
0.03014 0.0919262 0.0886327
0.03015 0.0918054 0.0886336
0.03016 0.0916841 0.0886346
0.03017 0.0915621 0.0886355
0.03018 0.0914395 0.0886364
0.03019 0.0913163 0.0886373
0.0302 0.0911925 0.0886382
0.03021 0.091068 0.0886391
0.03022 0.090943 0.08864
0.03023 0.0908173 0.0886409
0.03024 0.090691 0.0886419
0.03025 0.0905641 0.0886428
0.03026 0.0904366 0.0886437
0.03027 0.0903084 0.0886446
0.03028 0.0901797 0.0886455
0.03029 0.0900504 0.0886464
0.0303 0.0899205 0.0886473
0.03031 0.0897899 0.0886482
0.03032 0.0896588 0.0886491
0.03033 0.0895271 0.08865
0.03034 0.0893948 0.0886509
0.03035 0.0892619 0.0886518
0.03036 0.0891285 0.0886526
0.03037 0.0889944 0.0886535
0.03038 0.0888598 0.0886544
0.03039 0.0887246 0.0886553
0.0304 0.0885888 0.0886562
0.03041 0.0884524 0.0886571
0.03042 0.0883155 0.088658
0.03043 0.088178 0.0886588
0.03044 0.0880399 0.0886597
0.03045 0.0879012 0.0886606
0.03046 0.087762 0.0886615
0.03047 0.0876222 0.0886624
0.03048 0.0874819 0.0886632
0.03049 0.087341 0.0886641
0.0305 0.0871996 0.088665
0.03051 0.0870576 0.0886659
0.03052 0.086915 0.0886667
0.03053 0.0867719 0.0886676
0.03054 0.0866283 0.0886685
0.03055 0.0864841 0.0886693
0.03056 0.0863393 0.0886702
0.03057 0.0861941 0.0886711
0.03058 0.0860483 0.0886719
0.03059 0.0859019 0.0886728
0.0306 0.085755 0.0886736
0.03061 0.0856076 0.0886745
0.03062 0.0854596 0.0886753
0.03063 0.0853112 0.0886762
0.03064 0.0851622 0.0886771
0.03065 0.0850126 0.0886779
0.03066 0.0848626 0.0886788
0.03067 0.084712 0.0886796
0.03068 0.0845609 0.0886804
0.03069 0.0844093 0.0886813
0.0307 0.0842572 0.0886821
0.03071 0.0841046 0.088683
0.03072 0.0839515 0.0886838
0.03073 0.0837978 0.0886847
0.03074 0.0836437 0.0886855
0.03075 0.0834891 0.0886863
0.03076 0.0833339 0.0886872
0.03077 0.0831783 0.088688
0.03078 0.0830221 0.0886888
0.03079 0.0828655 0.0886897
0.0308 0.0827084 0.0886905
0.03081 0.0825508 0.0886913
0.03082 0.0823927 0.0886921
0.03083 0.0822341 0.088693
0.03084 0.082075 0.0886938
0.03085 0.0819155 0.0886946
0.03086 0.0817555 0.0886954
0.03087 0.081595 0.0886962
0.03088 0.081434 0.0886971
0.03089 0.0812725 0.0886979
0.0309 0.0811106 0.0886987
0.03091 0.0809482 0.0886995
0.03092 0.0807854 0.0887003
0.03093 0.0806221 0.0887011
0.03094 0.0804583 0.0887019
0.03095 0.0802941 0.0887027
0.03096 0.0801294 0.0887035
0.03097 0.0799642 0.0887043
0.03098 0.0797986 0.0887051
0.03099 0.0796326 0.0887059
0.031 0.0794661 0.0887067
0.03101 0.0792991 0.0887075
0.03102 0.0791317 0.0887083
0.03103 0.0789639 0.0887091
0.03104 0.0787956 0.0887099
0.03105 0.0786269 0.0887107
0.03106 0.0784578 0.0887114
0.03107 0.0782882 0.0887122
0.03108 0.0781182 0.088713
0.03109 0.0779478 0.0887138
0.0311 0.0777769 0.0887146
0.03111 0.0776056 0.0887153
0.03112 0.0774339 0.0887161
0.03113 0.0772618 0.0887169
0.03114 0.0770892 0.0887177
0.03115 0.0769163 0.0887184
0.03116 0.0767429 0.0887192
0.03117 0.0765691 0.08872
0.03118 0.0763949 0.0887207
0.03119 0.0762203 0.0887215
0.0312 0.0760453 0.0887223
0.03121 0.0758699 0.088723
0.03122 0.075694 0.0887238
0.03123 0.0755178 0.0887245
0.03124 0.0753412 0.0887253
0.03125 0.0751642 0.088726
0.03126 0.0749868 0.0887268
0.03127 0.074809 0.0887275
0.03128 0.0746308 0.0887283
0.03129 0.0744523 0.088729
0.0313 0.0742733 0.0887298
0.03131 0.074094 0.0887305
0.03132 0.0739143 0.0887313
0.03133 0.0737342 0.088732
0.03134 0.0735537 0.0887327
0.03135 0.0733729 0.0887335
0.03136 0.0731917 0.0887342
0.03137 0.0730101 0.0887349
0.03138 0.0728282 0.0887357
0.03139 0.0726459 0.0887364
0.0314 0.0724632 0.0887371
0.03141 0.0722802 0.0887378
0.03142 0.0720968 0.0887386
0.03143 0.071913 0.0887393
0.03144 0.0717289 0.08874
0.03145 0.0715445 0.0887407
0.03146 0.0713597 0.0887414
0.03147 0.0711745 0.0887421
0.03148 0.070989 0.0887429
0.03149 0.0708032 0.0887436
0.0315 0.070617 0.0887443
0.03151 0.0704305 0.088745
0.03152 0.0702437 0.0887457
0.03153 0.0700565 0.0887464
0.03154 0.069869 0.0887471
0.03155 0.0696811 0.0887478
0.03156 0.0694929 0.0887485
0.03157 0.0693044 0.0887492
0.03158 0.0691156 0.0887499
0.03159 0.0689265 0.0887505
0.0316 0.068737 0.0887512
0.03161 0.0685472 0.0887519
0.03162 0.0683571 0.0887526
0.03163 0.0681667 0.0887533
0.03164 0.067976 0.088754
0.03165 0.0677849 0.0887546
0.03166 0.0675936 0.0887553
0.03167 0.067402 0.088756
0.03168 0.06721 0.0887567
0.03169 0.0670178 0.0887573
0.0317 0.0668252 0.088758
0.03171 0.0666324 0.0887587
0.03172 0.0664392 0.0887593
0.03173 0.0662458 0.08876
0.03174 0.0660521 0.0887607
0.03175 0.0658581 0.0887613
0.03176 0.0656638 0.088762
0.03177 0.0654693 0.0887626
0.03178 0.0652744 0.0887633
0.03179 0.0650793 0.0887639
0.0318 0.0648839 0.0887646
0.03181 0.0646882 0.0887652
0.03182 0.0644922 0.0887659
0.03183 0.064296 0.0887665
0.03184 0.0640995 0.0887672
0.03185 0.0639028 0.0887678
0.03186 0.0637058 0.0887685
0.03187 0.0635085 0.0887691
0.03188 0.0633109 0.0887697
0.03189 0.0631131 0.0887704
0.0319 0.0629151 0.088771
0.03191 0.0627168 0.0887716
0.03192 0.0625182 0.0887722
0.03193 0.0623194 0.0887729
0.03194 0.0621204 0.0887735
0.03195 0.0619211 0.0887741
0.03196 0.0617215 0.0887747
0.03197 0.0615218 0.0887753
0.03198 0.0613218 0.088776
0.03199 0.0611215 0.0887766
0.032 0.060921 0.0887772
0.03201 0.0607203 0.0887778
0.03202 0.0605194 0.0887784
0.03203 0.0603182 0.088779
0.03204 0.0601168 0.0887796
0.03205 0.0599152 0.0887802
0.03206 0.0597133 0.0887808
0.03207 0.0595113 0.0887814
0.03208 0.059309 0.088782
0.03209 0.0591065 0.0887826
0.0321 0.0589038 0.0887832
0.03211 0.0587009 0.0887838
0.03212 0.0584978 0.0887843
0.03213 0.0582945 0.0887849
0.03214 0.0580909 0.0887855
0.03215 0.0578872 0.0887861
0.03216 0.0576833 0.0887867
0.03217 0.0574792 0.0887872
0.03218 0.0572749 0.0887878
0.03219 0.0570703 0.0887884
0.0322 0.0568656 0.088789
0.03221 0.0566607 0.0887895
0.03222 0.0564557 0.0887901
0.03223 0.0562504 0.0887907
0.03224 0.056045 0.0887912
0.03225 0.0558393 0.0887918
0.03226 0.0556335 0.0887923
0.03227 0.0554276 0.0887929
0.03228 0.0552214 0.0887934
0.03229 0.0550151 0.088794
0.0323 0.0548086 0.0887945
0.03231 0.054602 0.0887951
0.03232 0.0543951 0.0887956
0.03233 0.0541882 0.0887962
0.03234 0.053981 0.0887967
0.03235 0.0537737 0.0887973
0.03236 0.0535663 0.0887978
0.03237 0.0533586 0.0887983
0.03238 0.0531509 0.0887989
0.03239 0.052943 0.0887994
0.0324 0.0527349 0.0887999
0.03241 0.0525267 0.0888004
0.03242 0.0523183 0.088801
0.03243 0.0521099 0.0888015
0.03244 0.0519012 0.088802
0.03245 0.0516925 0.0888025
0.03246 0.0514836 0.088803
0.03247 0.0512745 0.0888036
0.03248 0.0510654 0.0888041
0.03249 0.0508561 0.0888046
0.0325 0.0506467 0.0888051
0.03251 0.0504371 0.0888056
0.03252 0.0502274 0.0888061
0.03253 0.0500177 0.0888066
0.03254 0.0498078 0.0888071
0.03255 0.0495977 0.0888076
0.03256 0.0493876 0.0888081
0.03257 0.0491774 0.0888086
0.03258 0.048967 0.0888091
0.03259 0.0487566 0.0888096
0.0326 0.048546 0.0888101
0.03261 0.0483353 0.0888105
0.03262 0.0481246 0.088811
0.03263 0.0479137 0.0888115
0.03264 0.0477028 0.088812
0.03265 0.0474917 0.0888125
0.03266 0.0472806 0.0888129
0.03267 0.0470693 0.0888134
0.03268 0.046858 0.0888139
0.03269 0.0466466 0.0888143
0.0327 0.0464351 0.0888148
0.03271 0.0462236 0.0888153
0.03272 0.0460119 0.0888157
0.03273 0.0458002 0.0888162
0.03274 0.0455884 0.0888166
0.03275 0.0453765 0.0888171
0.03276 0.0451646 0.0888175
0.03277 0.0449526 0.088818
0.03278 0.0447405 0.0888184
0.03279 0.0445284 0.0888189
0.0328 0.0443162 0.0888193
0.03281 0.0441039 0.0888198
0.03282 0.0438916 0.0888202
0.03283 0.0436792 0.0888207
0.03284 0.0434668 0.0888211
0.03285 0.0432543 0.0888215
0.03286 0.0430418 0.088822
0.03287 0.0428292 0.0888224
0.03288 0.0426166 0.0888228
0.03289 0.0424039 0.0888232
0.0329 0.0421912 0.0888237
0.03291 0.0419785 0.0888241
0.03292 0.0417657 0.0888245
0.03293 0.0415529 0.0888249
0.03294 0.0413401 0.0888253
0.03295 0.0411272 0.0888257
0.03296 0.0409143 0.0888262
0.03297 0.0407014 0.0888266
0.03298 0.0404885 0.088827
0.03299 0.0402755 0.0888274
0.033 0.0400625 0.0888278
0.03301 0.0398495 0.0888282
0.03302 0.0396365 0.0888286
0.03303 0.0394235 0.088829
0.03304 0.0392104 0.0888294
0.03305 0.0389974 0.0888298
0.03306 0.0387844 0.0888301
0.03307 0.0385713 0.0888305
0.03308 0.0383582 0.0888309
0.03309 0.0381452 0.0888313
0.0331 0.0379321 0.0888317
0.03311 0.0377191 0.0888321
0.03312 0.0375061 0.0888324
0.03313 0.037293 0.0888328
0.03314 0.03708 0.0888332
0.03315 0.036867 0.0888335
0.03316 0.036654 0.0888339
0.03317 0.0364411 0.0888343
0.03318 0.0362281 0.0888346
0.03319 0.0360152 0.088835
0.0332 0.0358023 0.0888354
0.03321 0.0355894 0.0888357
0.03322 0.0353766 0.0888361
0.03323 0.0351637 0.0888364
0.03324 0.034951 0.0888368
0.03325 0.0347382 0.0888371
0.03326 0.0345255 0.0888375
0.03327 0.0343128 0.0888378
0.03328 0.0341002 0.0888382
0.03329 0.0338876 0.0888385
0.0333 0.0336751 0.0888388
0.03331 0.0334626 0.0888392
0.03332 0.0332501 0.0888395
0.03333 0.0330377 0.0888398
0.03334 0.0328254 0.0888402
0.03335 0.0326131 0.0888405
0.03336 0.0324009 0.0888408
0.03337 0.0321887 0.0888411
0.03338 0.0319766 0.0888415
0.03339 0.0317646 0.0888418
0.0334 0.0315526 0.0888421
0.03341 0.0313408 0.0888424
0.03342 0.0311289 0.0888427
0.03343 0.0309172 0.088843
0.03344 0.0307055 0.0888433
0.03345 0.0304939 0.0888436
0.03346 0.0302824 0.088844
0.03347 0.030071 0.0888443
0.03348 0.0298596 0.0888446
0.03349 0.0296484 0.0888449
0.0335 0.0294372 0.0888451
0.03351 0.0292261 0.0888454
0.03352 0.0290151 0.0888457
0.03353 0.0288042 0.088846
0.03354 0.0285934 0.0888463
0.03355 0.0283827 0.0888466
0.03356 0.0281721 0.0888469
0.03357 0.0279616 0.0888472
0.03358 0.0277513 0.0888474
0.03359 0.027541 0.0888477
0.0336 0.0273308 0.088848
0.03361 0.0271208 0.0888483
0.03362 0.0269108 0.0888485
0.03363 0.026701 0.0888488
0.03364 0.0264913 0.0888491
0.03365 0.0262817 0.0888493
0.03366 0.0260722 0.0888496
0.03367 0.0258629 0.0888498
0.03368 0.0256537 0.0888501
0.03369 0.0254446 0.0888504
0.0337 0.0252357 0.0888506
0.03371 0.0250269 0.0888509
0.03372 0.0248182 0.0888511
0.03373 0.0246097 0.0888514
0.03374 0.0244013 0.0888516
0.03375 0.024193 0.0888518
0.03376 0.0239849 0.0888521
0.03377 0.0237769 0.0888523
0.03378 0.0235691 0.0888526
0.03379 0.0233615 0.0888528
0.0338 0.0231539 0.088853
0.03381 0.0229466 0.0888533
0.03382 0.0227394 0.0888535
0.03383 0.0225324 0.0888537
0.03384 0.0223255 0.0888539
0.03385 0.0221188 0.0888542
0.03386 0.0219122 0.0888544
0.03387 0.0217059 0.0888546
0.03388 0.0214997 0.0888548
0.03389 0.0212936 0.088855
0.0339 0.0210878 0.0888552
0.03391 0.0208821 0.0888555
0.03392 0.0206766 0.0888557
0.03393 0.0204713 0.0888559
0.03394 0.0202661 0.0888561
0.03395 0.0200612 0.0888563
0.03396 0.0198564 0.0888565
0.03397 0.0196518 0.0888567
0.03398 0.0194474 0.0888569
0.03399 0.0192433 0.0888571
0.034 0.0190393 0.0888573
0.03401 0.0188355 0.0888574
0.03402 0.0186319 0.0888576
0.03403 0.0184285 0.0888578
0.03404 0.0182253 0.088858
0.03405 0.0180223 0.0888582
0.03406 0.0178195 0.0888584
0.03407 0.017617 0.0888585
0.03408 0.0174146 0.0888587
0.03409 0.0172125 0.0888589
0.0341 0.0170106 0.0888591
0.03411 0.0168089 0.0888592
0.03412 0.0166074 0.0888594
0.03413 0.0164062 0.0888596
0.03414 0.0162052 0.0888597
0.03415 0.0160044 0.0888599
0.03416 0.0158038 0.08886
0.03417 0.0156035 0.0888602
0.03418 0.0154034 0.0888603
0.03419 0.0152035 0.0888605
0.0342 0.0150039 0.0888607
0.03421 0.0148046 0.0888608
0.03422 0.0146054 0.0888609
0.03423 0.0144065 0.0888611
0.03424 0.0142079 0.0888612
0.03425 0.0140095 0.0888614
0.03426 0.0138114 0.0888615
0.03427 0.0136135 0.0888617
0.03428 0.0134159 0.0888618
0.03429 0.0132185 0.0888619
0.0343 0.0130214 0.0888621
0.03431 0.0128246 0.0888622
0.03432 0.012628 0.0888623
0.03433 0.0124317 0.0888624
0.03434 0.0122356 0.0888626
0.03435 0.0120399 0.0888627
0.03436 0.0118444 0.0888628
0.03437 0.0116491 0.0888629
0.03438 0.0114542 0.088863
0.03439 0.0112595 0.0888631
0.0344 0.0110651 0.0888633
0.03441 0.0108711 0.0888634
0.03442 0.0106772 0.0888635
0.03443 0.0104837 0.0888636
0.03444 0.0102905 0.0888637
0.03445 0.0100976 0.0888638
0.03446 0.00990491 0.0888639
0.03447 0.00971257 0.088864
0.03448 0.00952052 0.0888641
0.03449 0.00932878 0.0888642
0.0345 0.00913734 0.0888643
0.03451 0.0089462 0.0888644
0.03452 0.00875537 0.0888644
0.03453 0.00856486 0.0888645
0.03454 0.00837465 0.0888646
0.03455 0.00818476 0.0888647
0.03456 0.00799519 0.0888648
0.03457 0.00780594 0.0888649
0.03458 0.007617 0.0888649
0.03459 0.00742839 0.088865
0.0346 0.00724011 0.0888651
0.03461 0.00705215 0.0888652
0.03462 0.00686452 0.0888652
0.03463 0.00667722 0.0888653
0.03464 0.00649026 0.0888654
0.03465 0.00630363 0.0888654
0.03466 0.00611734 0.0888655
0.03467 0.00593139 0.0888655
0.03468 0.00574579 0.0888656
0.03469 0.00556053 0.0888657
0.0347 0.00537561 0.0888657
0.03471 0.00519104 0.0888658
0.03472 0.00500683 0.0888658
0.03473 0.00482296 0.0888659
0.03474 0.00463946 0.0888659
0.03475 0.00445631 0.088866
0.03476 0.00427352 0.088866
0.03477 0.00409109 0.088866
0.03478 0.00390902 0.0888661
0.03479 0.00372732 0.0888661
0.0348 0.00354599 0.0888662
0.03481 0.00336503 0.0888662
0.03482 0.00318445 0.0888662
0.03483 0.00300423 0.0888663
0.03484 0.0028244 0.0888663
0.03485 0.00264494 0.0888663
0.03486 0.00246586 0.0888663
0.03487 0.00228717 0.0888664
0.03488 0.00210886 0.0888664
0.03489 0.00193094 0.0888664
0.0349 0.00175341 0.0888664
0.03491 0.00157627 0.0888664
0.03492 0.00139952 0.0888665
0.03493 0.00122317 0.0888665
0.03494 0.00104722 0.0888665
0.03495 0.000871672 0.0888665
0.03496 0.000696524 0.0888665
0.03497 0.000521781 0.0888665
0.03498 0.000347444 0.0888665
0.03499 0.000173517 0.0888665
0.035 0.0 0.0888665 
