17.29600591
16.549631065
15.799480155
16.16867307999999
16.84306112000001
17.56891185500001
18.83062562000002
20.71873394999999
22.21479584999996
20.84365439999999
16.88224435000002
14.74628924999999
15.80010684999999
18.77068580000003
25.9550909
32.12288014999997
19.04989694999997
9.03076719999999
23.78898465000001
28.84695029999999
20.48288695
11.56497229999999
10.33324579999997
24.40301830000003
28.65395840000004
21.63084620000003
15.03400955000001
9.71520544999992
10.79034199999999
15.40167375000007
20.27473414999998
23.32287519999997
23.80826910000004
23.14500420000001
22.26865610000001
21.42465974999995
21.0004479
21.13448075000009
21.5043866999999
21.91538494999992
22.31158965000009
22.56771320000004
22.63710644999986
22.62638055
22.60064765000018
22.59016444999991
22.68725889999985
22.92474505000003
23.22329669999998
23.53460434999996
23.79414510000017
23.75341600000019
23.32674299999995
22.73118749999981
22.09627650000002
21.65119299999994
22.34893349999992
24.54150699999996
27.40306900000015
30.39339100000026
32.50021599999998
29.98236599999995
21.8629765
11.67305450000004
0.92384749999991
-8.20142400000009
-2.05259949999994
28.1749599999999
74.62444700000017
123.80211250000028
150.09643349999973
122.3921744999997
60.02313100000045
11.71630850000013
-11.76831350000043
-19.68739499999985
-15.83589249999977
-5.04267100000012
5.06442449999983
12.48313599999988
17.73021349999986
20.51260749999997
21.18041999999998
21.15167700000026
21.09090950000019
21.12088299999991
21.43879249999996
22.05383350000004
22.71402849999989
23.30415349999979
23.81265000000025
24.20531500000004
24.48332149999997
24.70522950000002
24.90688999999952
25.09587950000017
25.2845520000004
25.48164949999963
25.67353699999994
25.85130400000011
26.01827299999984
26.17288549999999
26.31425050000004
26.44750800000037
26.5739085000005
26.69430199999996
26.81123749999965
26.9252369999998
27.03604049999989
27.14229700000001
27.24286699999991
27.34055700000035
27.43679850000033
27.52785949999968
27.61452949999979
27.70080400000013
27.78635699999993
27.86905549999982
27.94788600000007
28.02540500000001
28.10168350000005
28.17522049999986
28.24609499999998
28.31536450000019
28.38529999999981
28.4534149999999
28.5169834999999
28.58200349999978
28.64725350000044
28.7062000000007
28.76486350000012
28.82581199999949
28.88369899999916
28.94070950000056
28.99577100000029
29.04728399999924
29.10231300000076
29.15732200000031
29.20583949999985
29.25480199999975
29.3055734999998
29.35303099999973
29.39923299999986
29.44545650000004
29.49142399999983
29.53588400000016
29.57842900000062
29.61934599999993
29.66076549999918
29.70325549999992
29.74344250000024
29.77996250000037
29.81701250000028
29.85599449999977
29.89315450000015
29.92792950000058
29.96158499999963
29.99511049999972
30.02932800000051
30.06079849999988
30.089095999999
30.11973950000035
30.15197500000056
30.18194550000005
30.20994499999984
30.23614199999968
30.2618890000001
30.28908850000031
30.31522150000041
30.33876049999992
30.36096949999974
30.38390949999969
30.40670599999989
30.42891150000011
30.44968149999986
30.46832800000016
30.48605350000024
30.50433399999973
30.52209899999996
30.53822050000056
30.55456450000048
30.57113100000007
30.58639599999919
30.59989249999942
30.6120315000001
30.62486850000024
30.6375245000003
30.64683450000005
30.65526800000016
30.66677199999998
30.67777249999979
30.68465099999992
30.6917664999999
30.6991190000004
30.70393150000063
30.70871949999954
30.71426449999934
30.71722200000014
30.71963950000033
30.72313100000021
30.72455599999981
30.72387449999997
30.72500650000031
30.72564349999924
30.72343900000002
30.72148100000073
30.71851300000077
30.71552949999955
30.714566499999
30.70977400000007
30.7006829999997
30.69392300000069
30.68887600000048
30.68173599999883
30.67389899999987
30.66557300000035
30.65567300000001
30.64476950000026
30.63286149999961
30.62219949999971
30.61027350000036
30.59535199999983
30.58037499999957
30.56738200000071
30.55421450000098
30.53774449999969
30.52044049999945
30.50370150000015
30.48396999999959
30.46392299999963
30.44664050000082
30.42835850000014
30.40756249999894
30.38503249999997
30.36119300000021
30.33933850000093
30.31857200000007
30.29325199999925
30.26584200000035
30.2402575000005
30.21544900000106
30.19032349999971
30.16294799999881
30.13332349999987
30.10244199999962
30.07155650000043
30.0439589999999
30.01379599999874
29.97934850000112
29.94725350000039
29.91483699999942
29.87645949999999
29.83396800000016
29.78815800000054
29.74060749999847
29.69591699999919
29.65696150000184
29.62075100000129
29.58286899999988
29.54523299999934
29.50883250000111
29.47241450000005
29.43157649999895
29.38717499999999
29.34513799999961
29.30355700000088
29.2573580000003
29.21175000000005
29.16864249999991
29.12401449999816
29.07641449999963
29.02669800000014
28.97981800000073
28.93122050000085
28.87977849999952
28.83110350000085
28.78018550000048
28.72550649999979
28.67412500000062
28.62266450000046
28.56816599999874
28.5148044999995
28.46064100000121
28.40309299999905
28.34490350000003
28.28751000000094
28.23021799999984
28.17452499999852
28.11587299999938
28.0531110000015
27.99186599999946
27.93088649999935
27.86865299999948
27.8064170000001
27.7429265000003
27.67818200000015
27.61343500000048
27.54868600000064
27.48348899999982
27.41569149999894
27.34941500000039
27.2821530000001
27.21113549999994
27.14092349999912
27.0706109999997
27.00056750000092
26.92954150000075
26.85519849999963
26.78095749999991
26.70850600000045
26.63567699999959
26.5606144999992
26.48331950000075
26.40809050000047
26.33149749999834
26.25267350000037
26.17286800000098
26.09306300000024
26.01325449999921
25.93344599999957
25.85445400000087
25.7720199999998
25.68872749999903
25.60418050000006
25.51935900000073
25.43535799999976
25.34998149999878
25.26487900000034
25.17962550000051
25.09048899999998
25.00080150000036
24.91484700000012
24.82473050000038
24.73211249999975
24.64101849999963
24.54992499999955
24.45757749999979
24.36523050000077
24.27162900000048
24.1780279999997
24.08525799999985
23.98650800000048
23.88817899999987
23.79318500000041
23.69651500000035
23.59762149999952
23.49775550000079
23.39663800000052
23.29510949999885
23.19467699999974
23.09493350000074
22.99271449999954
22.88714899999969
22.78308249999966
22.68098699999965
22.57473300000022
22.46553500000097
22.35827050000091
22.25270200000012
22.14644600000004
22.03849099999885
21.92831650000068
21.81592350000005
21.70477999999873
21.59488500000079
21.48373799999917
21.37094399999936
21.2554730000008
21.14028649999941
21.02663249999923
20.91297950000051
20.79557250000067
20.68316599999937
20.61200699999999
20.60958850000067
20.63927000000016
20.66376500000003
20.70103999999984
20.75108500000014
20.80112500000072
20.83866000000054
20.86368499999916
20.91369999999976
20.98956500000062
21.05148500000023
21.11280999999987
21.18922999999948
21.23978500000035
21.27550500000032
21.35074499999944
21.43934000000003
21.50030999999991
21.55053000000012
21.62661000000005
21.72591499999884
21.80051000000011
21.87539000000161
21.97613500000064
22.06289999999925
22.14906499999955
22.23699500000087
22.31211999999949
22.41192999999844
22.53761000000001
22.63680500000151
22.72379500000068
22.83605999999904
22.93581999999871
23.02396500000117
23.14809500000078
23.28500499999964
23.39721499999899
23.49692499999939
23.60911000000187
23.74626999999956
23.88342499999926
24.00806999999984
24.13270499999961
24.258245
24.39473999999922
24.53061500000055
24.65673500000106
24.79441499999908
24.95461500000012
25.11695500000057
25.25521999999982
25.39162499999921
25.53988999999945
25.70248500000087
25.86569000000074
26.01453500000082
26.17616499999968
26.33809499999953
26.5000099999995
26.67440000000056
26.84877500000036
27.02408999999885
27.18531999999905
27.34590500000071
27.53430500000076
27.73422499999921
27.91909999999973
28.09370499999984
28.28174000000092
28.46784500000123
28.64176499999877
28.8409649999994
29.06512500000076
29.26429499999903
29.45096499999959
29.66259500000101
29.86172500000071
30.0483449999992
30.27339999999982
30.509285
30.71951500000079
30.9202150000013
31.13239499999899
31.36687999999921
31.60367500000114
31.81647499999945
32.02625000000006
32.26299500000202
32.50072999999914
32.72393999999976
32.97244500000051
33.23375000000009
33.45757999999995
33.68242499999985
33.94298999999924
34.2028449999989
34.45329500000029
34.70165999999988
34.9500099999996
35.19867500000042
35.45876000000105
35.73410999999906
35.99590499999823
36.25487000000057
36.5287650000019
36.79120500000012
37.05151000000092
37.33711500000087
37.63552999999911
37.92143999999931
38.18236499999868
38.45684000000061
38.7669250000013
39.06486999999947
39.33818000000079
39.62284999999971
39.92292499999929
40.20828500000118
40.49249999999856
40.81748499999831
41.14133000000093
41.4258400000009
41.71107500000037
42.02161000000083
42.35707999999937
42.69711999999998
43.03679499999951
43.39507999999843
43.77887999999901
44.19120500000057
44.61026000000244
44.98124000000259
45.28804499999832
45.59308999999833
45.91652999999933
46.22918000000131
46.55231500000066
46.89697999999814
47.24600000000132
47.58334500000031
47.92191500000142
48.29590000000037
48.6703049999994
49.01013499999787
49.35835499999946
49.73111500000113
50.09552999999932
50.45871499999979
50.83230500000079
51.19424999999997
51.55661999999965
51.94522999999992
52.3454749999984
52.73155500000028
53.09352000000254
53.45591000000201
53.84327499999965
54.24442999999988
54.64341500000093
55.03036500000128
55.41906499999928
55.83054999999796
56.23131999999821
56.61783500000142
57.02976999999982
57.44348999999885
57.85498500000109
58.27940500000003
58.69316499999816
59.09217499999855
59.50413500000438
59.92902000000034
60.34144999999809
60.76914999999916
61.21716999999956
61.64116500000077
62.06750500000037
62.5164649999994
62.94092500000027
63.36586999999959
63.82826999999908
64.27964499999948
64.70364000000213
65.15309500000049
65.62946499999845
66.07844499999914
66.50442500000088
66.95339500000364
67.42784499999803
67.89179500000086
68.35326000000066
68.82922999999884
69.29070000000046
69.7526799999999
70.24166499999937
70.72811500000009
71.19009499999808
71.65260500000113
72.14008500000237
72.64162999999888
73.12965999999845
73.60310499999866
74.09008999999779
74.59008999999831
75.09170500000386
75.57977500000069
76.06570500000002
76.57767999999905
77.09019499999978
77.60271000000185
78.11523999999966
78.60447999999803
79.10510000000129
79.64096000000176
80.17792999999836
80.69049499999764
81.20477500000008
81.72869500000073
82.25321000000071
82.79249499999868
83.32891500000113
83.85518000000378
84.39159999999839
84.9286200000019
85.45549500000004
85.87955999999875
85.85472999999823
85.13310000000084
83.9589949999995
82.71055999999724
81.51444500000252
80.36525000000131
79.25408999999837
78.18097499999988
77.1721300000012
76.22447499999996
75.32427500000246
74.46275000000097
73.62869000000056
72.82893499999925
72.09223499999979
71.41856500000026
70.78236499999926
70.1855099999994
69.63541999999831
69.13589999999869
68.68889500000179
68.29054500000191
67.92705999999879
67.60231499999807
67.34064499999951
67.1309000000021
66.94283499999992
66.79288999999889
66.70800999999931
66.68226500000078
66.69463999999775
66.75963000000157
66.87122000000306
67.00846999999743
67.1983499999985
67.43481000000116
67.71146000000265
68.0478149999995
68.4472999999989
68.88698500000078
69.34821999999821
69.86009999999914
70.43510999999982
71.04968500000041
71.70035000000367
72.39817499999892
73.15983499999994
73.97216000000185
74.796980000001
75.67176500000001
76.63613499999786
77.63655499999749
78.6466049999988
79.70804999999891
80.84516000000079
82.03442000000148
83.23474000000006
84.46962500000102
85.79338999999945
87.16785499999743
88.55706500000123
89.99253500000337
91.4912149999972
93.03036000000132
94.60325500000283
96.23935999999978
97.92847499999867
99.65127499999815
101.42482999999893
103.23891500000047
105.09915999999922
107.02263499999785
108.98437000000061
110.98595500000339
113.03596999999965
115.13044499999711
117.28042000000639
119.48517499999997
121.71866000000004
123.97875500000339
126.29040499999827
128.67705499999511
131.11859000000362
133.57696500000364
136.07448999999298
138.636089999999
141.26021000000179
143.9243349999976
146.62178499999757
149.35756000000146
152.1342600000055
154.96916499999855
157.8674299999968
160.81912500000951
163.80401500000147
166.81742999999602
169.87729999999817
173.00056500000011
176.16487500000056
179.37474000000134
182.64797999999973
185.94714000000027
189.27131999999455
192.67326999999568
196.13588999999817
199.60732999999797
203.13061000000681
206.72981500000307
210.35692999999628
214.01966000000004
217.75062500001053
221.53836999999555
225.35701999999662
229.20241500000094
233.09980499999998
237.05213999999847
241.04951499999919
245.09788500000002
249.19727000000057
253.34667999999874
257.53675499999514
261.74663499999508
266.00762000000213
270.34779499999968
274.73270499999916
279.14696500000082
283.59437499999797
288.10543000001644
292.6833650000035
297.29332499999691
301.9419000000014
306.6325500000043
311.35501999999445
316.14119499999629
320.9944699999985
325.87950000000012
330.79428999999897
335.76680999999809
340.81557999999967
345.88168000000064
350.96679999999833
356.12811500000038
361.34067499999816
366.60327999999879
371.91976000001807
377.25488999999948
382.64139000000108
388.08699999999692
393.55709999999897
399.10444499999687
404.78984499999666
410.59529000000032
416.49847999999838
422.4817049999956
428.48954499999826
434.41266500000171
440.26243500000123
446.13386999999989
452.03536999999687
457.96435000001946
463.95280499999672
470.04130999999836
476.19920500000103
482.38879499999553
488.63811499999935
494.95147500000388
501.28557499999749
507.65743999999665
514.10306499999751
520.57873499999789
527.07776499999875
533.66178999999386
540.3009950000021
546.96818500000063
553.67476499999907
560.42077499999095
567.22957000001725
574.10638000001518
581.01226499999575
587.93991499998924
594.92119499997591
601.95458500000154
609.04538000002549
616.19026500001348
623.38003999996988
630.60525499998198
637.86876000003599
645.1881800000267
652.55908999996302
659.98212999996747
667.4448400000249
674.93281500002865
682.47708500002727
690.08660499996336
697.72983999996814
705.41659500003118
713.16634000002784
720.96014499997113
728.7854799999717
736.65487000002759
744.56994500002577
752.56276999996317
760.61234499995999
768.66166500002919
776.7633600000363
784.94251499996687
793.14690999996151
801.38903500002675
809.69392000003722
818.03654000003337
826.42399499996463
834.8498599999707
843.33369500003801
851.90181000002895
860.48801499995386
869.07985499996494
877.75161000004061
886.49353500005191
895.25828499996419
904.06318499994575
912.93332000002397
921.84116000002962
930.77418999995677
939.78245499995614
948.84092500004385
957.9201900000503
967.04864000004056
976.2468599999454
985.49485499994603
994.75986500004615
1004.0151950000485
1013.3278199999514
1022.7905449999497
1032.3509000000429
1041.907500000048
1051.4372499999492
1061.0950499999453
1070.8811000000421
1080.5421000000479
1090.077999999955
1099.7483999999499
1109.6538500000372
1119.5625500000428
1129.4742000000483
1139.6269999999458
1149.679949999952
1159.5983500000491
1169.7414500000423
1179.9072499999461
1191.5849999999518
1209.2518500000531
1235.5596500000458
1267.6298999999403
1301.0781999999472
1334.2771500000506
1367.3518500000539
1400.4275499999394
1433.3896499999296
1466.0845500000505
1498.6480500000675
1531.1194500000584
1563.330599999917
1595.3880999999337
1627.4721500000751
1659.4428500000713
1691.1415999999222
1722.7194999999251
1754.3019000000709
1785.7597500000661
1816.8425999999056
1847.675699999912
1878.509350000078
1909.2306500000823
1939.9320999999175
1970.6257499999097
2000.9815500000732
2031.0751500000774
2061.0099000000832
2090.8497499999039
2120.7029999999054
2150.2802000000975
2179.6116000000866
2208.947749999898
2238.158949999889
2267.2453000000905
2296.206700000108
2325.0572999999026
2353.7592999998951
2382.076300000077
2410.2967000001008
2438.6526499998927
2466.7288999998805
2494.4196500001144
2522.1554000001061
2550.0017000000971
2577.5722499998733
2604.7771499998853
2631.8620000001142
2658.9469000001004
2686.0318499998784
2712.9915499998751
2739.5920000001133
2765.7892000001257
2791.9753499998683
2818.3196999998654
2844.5504500001211
2870.4965500001181
2896.1805499998482
2921.7911499998636
2947.2591500001236
2972.554500000123
2997.8912500001288
3023.1204999998581
3048.0630999998702
3072.7609500001226
3097.3393000001279
3121.7922499998549
3146.0135499998496
3170.2027500001241
3194.5042500001377
3218.6128499998531
3242.3063999998353
3265.729500000125
3289.0865000001277
3312.5488500001647
3335.9568999998601
3359.0361999998227
3381.7598500001368
3404.4420500001506
3427.2560499998463
3449.9513499998338
3472.3957000001387
3494.48560000015
3516.2883499998334
3538.2014999998314
3560.1800000001467
3581.8633500001379
3603.3988499998391
3624.8759499998405
3646.0797000001421
3667.0968500001454
3688.0418500001515
3708.7588999998261
3729.3038999998207
3749.8561500001611
3770.2905000001492
3790.473849999823
3810.5314499998353
3830.4632500001608
3850.2693500001697
3870.0998499998186
3889.6379499998129
3908.8082000001505
3927.8605000001626
3947.0125999998281
3966.2319999998326
3985.0239000001802
4003.5651000001358
4022.0148000001591
4040.2954999998374
4058.5842499998221
4076.7559500001544
4094.7035500001562
4112.3550999998188
4129.9881999997788
4147.8001000001459
4165.2267000002048
4182.1702499998119
4199.1923999998035
4216.3489000001719
4233.137700000173
4249.6758999998092
4266.241799999797
4282.6347000001842
4298.7858000001797
4314.8206500001488
4330.729749999773
4346.5130499998013
4362.2958500002087
4377.8275500002019
4393.1081999997814
4408.3883999997943
4423.5730000001831
4438.5814000001774
4453.3490999998094
4467.7499999998099
4482.276200000173
4496.9578500001771
4511.0864499997715
4524.9741999997686
4539.0909500001871
4553.0091000002121
4566.4466500001745
4579.8206499997659
4593.3298999997987
4606.7240500002099
4619.7743000001901
4632.5192999997798
4645.4002499998296
4664.7625500001805
4708.7223000001595
4789.4129999997731
4893.7677499997908
5001.9961500001918
5107.8190500002256
5212.9984499997618
5318.0298999997249
5421.0286000002206
5521.1926500002428
5618.6835000002393
5712.6942999996991
5802.8254999997343
5889.7822000002443
5973.6929500002525
6054.4676499997349
6132.4822999997295
6207.7374000002765
6279.8938500002405
6348.9799999996758
6415.1578499997267
6478.4369000002926
6538.8839500002405
6596.5736999996916
6651.141799999712
6702.5395000002663
6750.9925500002764
6796.5898000002517
6839.3536499996744
6879.2101499997007
6916.1376000002656
6950.0857000002807
6980.9488499997024
7008.9450999996643
7034.1989000002968
7056.4075500002973
7075.4684999996553
7091.4433999997273
7104.7899500002795
7115.3954500002628
7122.8722999996662
7127.3444999996827
7129.0641000002943
7127.7795000002325
7123.3670000002712
7116.119099999747
7105.878799999693
7092.8473000002377
7076.9380000002657
7057.8873999996504
7035.8781999997209
7010.9994000002916
6983.2077000002892
6952.2885999997379
6918.604099999684
6882.2136000002447
6842.7465000002867
6800.3723999997328
6755.0893499996855
6706.7111000002806
6655.3653000002423
6600.533650000265
6543.0455999996657
6483.8873499996389
6421.2600000002903
6356.1645000002645
6287.2084999997551
6213.2184999997389
6139.3130000002402
6062.9400000002297
5981.4694999997319
5897.5169999997324
5809.8310000002466
5719.6465000001972
5628.2145000002238
5534.2854999997635
5437.8579999997301
5337.6815000002198
5232.5050000002448
5123.5789999997469
5012.1564999997181
4898.2365000002519
4783.0700000002398
4666.6574999997611
4546.4974999997648
4421.3380000002217
4292.4300000001886
4162.327999999774
4029.6439999997747
3891.9270000001648
3756.820000000147
3640.467500000148
3551.6769999998487
3480.3169999998363
3412.6785000001164
3346.3970000001927
3281.3514999998479
3217.5944999998142
3156.2540000001645
3094.8815000000723
3031.1139999998868
2968.6339999999086
2909.8040000001229
2849.7425000001458
2788.4499999998611
2730.8594999998768
2674.661500000062
2617.109000000024
2560.8095000000985
2505.7804999999189
2450.699499999916
2395.761000000105
2341.9700000000776
2289.4304999999308
2236.9099999998648
2185.6425000000181
2134.3760000001471
2083.1104999999134
2034.3479999999236
1985.5870000001473
1936.8795000000007
1889.2824999999154
1841.7934999999575
1795.5560000000603
1750.5525000000512
1706.8540000000162
1664.2644999999375
1620.5314999999789
1575.5500000000675
1531.8020000000224
1490.6089999999535
1450.5784999999198
1411.7635000000428
1374.3070000000862
1335.6354999999389
1295.6079999999756
1256.8495000000526
1220.5564999999972
1185.6044999999508
1150.687999999923
1115.6645000000253
1080.6605000000409
1046.8715000000443
1015.6719999999887
984.50899999993112
951.98950000007767
920.73850000011089
892.00599999990538
864.52349999990633
835.79150000007223
807.06000000002564
779.57899999990673
752.09849999998437
727.11800000003404
704.63800000005278
679.65800000001957
653.42799999991371
631.00200000001735
609.73700000002395
587.18600000003016
565.99250000004236
546.03149999994002
526.1059999999809
506.09150000007048
487.29100000002359
471.09699999994245
454.88549999996485
437.45949999999925
422.44449999999983
409.89349999998319
396.19850000002737
381.23600000005587
366.30950000001206
352.54350000000755
342.49049999993963
335.04399999994246
325.13349999999878
312.61599999997395
302.61550000004434
296.38200000007373
290.0944999999607
282.69949999993719
276.44700000005554
271.44350000006807
266.45749999999441
261.47099999994578
257.73400000000856
255.24600000005267
252.75749999994409
252.76699999999755
254.02599999998438
252.78599999999295
252.79400000003312
255.24749999999915
256.59349999996789
257.88450000002672
261.53200000004165
266.55349999994394
271.6269999999505
276.59299999996801
282.82550000008382
291.52050000008722
300.30399999992608
306.56949999999517
314.06600000007006
325.36399999997462
335.26849999992544
344.02949999997173
355.3420000000396
361.54900000006455
354.03150000005485
339.03499999990595
326.48299999998414
314.02100000007704
297.84650000001068
282.81349999995518
270.2969999999508
256.54900000003857
241.55150000001333
226.55399999996905
211.55650000003263
196.55900000002637
182.80999999991855
170.31000000003598
156.56050000005149
141.56249999998488
126.56399999997862
111.5650000000069
96.56649999998
82.81699999991963
70.31600000005088
55.31650000003778
37.81900000001572
22.81950000000262
10.31799999999847
-3.43300000000837
-18.4330000000606
-33.37899999999916
-48.41500000001473
-63.48750000002826
-77.20299999993999
-89.68799999999422
-104.63500000001551
-122.16949999999613
-137.24250000005105
-149.70999999998438
-163.39049999993119
-178.42799999999332
-193.44800000001504
-208.4499999999498
-223.23499999997864
-236.48400000003531
-248.10450000006713
-259.0164999999854
-269.70799999997882
-280.84650000003182
-293.93600000001771
-308.0019999999754
-322.93749999999341
-340.64350000003367
-356.99250000000086
-371.55049999998818
-388.00899999998171
-403.07399999999637
-416.83550000001821
-433.02150000005912
-448.04999999994538
-461.8119999999742
-478.0529999999867
-493.04500000000098
-505.53950000000577
-520.47699999995154
-538.00300000006428
-554.26250000005825
-569.20000000000402
-582.97949999991988
-596.74099999999612
-612.98200000002021
-627.91949999996609
-641.69899999996539
-657.95849999995926
-674.19950000007748
-689.19100000005039
-704.12849999993455
-719.15749999999025
-734.16750000004572
-750.40800000006629
-766.59449999999265
-780.37399999995944
-795.38400000002025
-811.57050000001368
-825.34999999998058
-840.35999999990065
-857.84949999996888
-874.0900000000629
-889.08200000007719
-902.77099999993789
-916.55049999990479
-932.8090000000725
-948.99500000011335
-965.27199999996071
-981.53099999991321
-995.27400000005309
-1010.2115000000879
-1027.736999999936
-1042.7464999998883
-1056.4895000000338
-1072.7305000000956
-1088.9165000000478
-1105.1929999999306
-1121.4519999999718
-1135.1945000000826
-1150.1320000000283
-1167.6574999998643
-1182.6669999999056
-1196.3555000000833
-1213.8805000000691
-1231.3879999999203
-1245.1309999999758
-1258.8735000000975
-1276.3085000000083
-1302.5749999999111
-1338.8139999999394
-1379.9765000000471
-1422.4775000001214
-1463.7120000000323
-1503.6794999998729
-1543.6469999999342
-1583.5605000001008
-1622.3145000001209
-1658.5534999999152
-1693.5254999999165
-1728.4975000000629
-1763.4155000000369
-1798.4234999999285
-1832.1644999999503
-1863.3895000000548
-1893.3130000000515
-1923.3254999999608
-1953.3194999999284
-1981.9935000000041
-2008.2595000000688
-2034.5070000001128
-2061.9329999999645
-2086.9494999999397
-2109.5030000000543
-2133.1470000000663
-2156.8444999998765
-2178.1844999998584
-2198.1520000000651
-2218.0675000001329
-2236.8399999999365
-2254.3454999999071
-2271.8330000000933
-2288.0195000000867
-2302.9925000001276
-2316.7859999998973
-2330.5444999998135
-2345.5350000000831
-2356.7790000001382
-2365.5249999998923
-2376.7679999998645
-2386.7110000001276
-2394.2425000001413
-2401.7569999998714
-2407.9539999998683
-2414.2360000000904
-2420.5015000000703
-2424.2009999998918
-2427.9849999998987
-2430.555500000075
-2429.225500000075
-2427.9970000001249
-2429.2669999999234
-2430.4689999999009
-2428.0095000000938
-2424.2840000000424
-2420.490499999928
-2414.2839999999442
-2408.0610000000484
-2403.0190000000484
-2396.8624999999092
-2388.1079999998674
-2378.0545000001121
-2368.1010000001634
-2358.1309999998884
-2346.8454999998639
-2333.1460000000588
-2318.1810000000578
-2304.3975000001155
-2291.9464999999145
-2276.9809999998724
-2258.2530000001134
-2238.226500000098
-2219.5309999998844
-2202.1174999998875
-2182.0575000001345
-2159.599500000108
-2137.1414999998979
-2113.3684999998695
-2090.9270000000606
-2075.9610000001549
-2069.6714999998749
-2068.4589999999162
-2068.4785000001102
-2069.6820000000348
-2072.2155000000475
-2073.4834999998884
-2074.7354999999179
-2077.2360000001336
-2078.488000000074
-2078.4914999999169
-2078.4459999999717
-2079.7300000000755
-2082.2470000000553
-2083.4504999998881
-2083.4859999998944
-2083.5050000000483
-2084.7085000000616
-2087.240999999899
-2088.5084999999676
-2088.5115000001306
-2088.5145000000234
-2089.7185000000782
-2092.2504999999628
-2092.2689999998947
-2091.0235000000516
-2093.4760000001124
-2096.0074999998669
-2094.7774999998815
-2094.733000000112
-2097.2650000000895
-2098.5319999999342
-2098.5344999998747
-2097.9125000001068
-2096.7909000001196
-2097.1213999998386
-2098.9033999999328
-2100.0454000001023
-2100.500600000018
-2101.0337000000736
-2101.426199999948
-2101.5533999999034
-2101.6342500000255
-2102.1669500001362
-2102.8091499999764
-2103.0609999998537
-2103.1882000000805
-2103.3940500001481
-2103.5517999998729
-2103.6941999998426
-2103.9461000000838
-2104.027250000137
-2104.1846999999257
-2104.451849999914
-2104.4081500000339
-2104.1908999999996
-2104.2081000000903
-2104.4597499999463
-2104.4616499999256
-2104.2138000001178
-2104.0456500000605
-2103.9526999999143
-2103.7198999999264
-2103.5518000000557
-2103.5836500001151
-2103.4754999998659
-2103.102599999921
-2102.6849500000972
-2102.4667000000691
-2102.1086999999306
-2101.7356499998841
-2101.4876000000595
-2101.0700500000612
-2100.6018000001313
-2100.1186499999412
-2099.7455499998905
-2099.4531000000343
-2098.9845000000751
-2098.2515499999113
-2097.5845499998795
-2096.9909500001513
-2096.2577500001489
-2095.6347499998456
-2095.1365499998356
-2094.4698500000986
-2093.6261000000977
-2092.8927499999008
-2092.3509999999292
-2091.5071500001013
-2090.398950000068
-2089.6508500000764
-2089.0276499999345
-2088.1115499998978
-2087.1424000000934
-2086.1589500000791
-2085.1609499998353
-2084.1630999999625
-2083.1222500000872
-2082.1529000000855
-2081.0838999999178
-2079.716999999885
-2077.7589500000595
-2075.5517000000405
-2073.473450000125
-2071.3987999998844
-2069.6275499998796
-2068.3365000000849
-2067.477350000142
-2066.7294999999913
-2065.67449999983
-2064.3814500000476
-2063.100850000139
-2061.8333499998917
-2060.4549499998843
-2059.0073500001035
-2057.4902000000729
-2056.0284499999188
-2054.5529999999644
-2052.9807500000834
-2051.5052500000356
-2050.07105000003
-2048.4293499999085
-2046.6764999999168
-2045.1033500000494
-2043.5027500001311
-2041.597899999909
-2039.7610499998946
-2038.1197000001571
-2036.4918500000272
-2034.6686499999
-2032.7775499999266
-2031.0250500000511
-2029.1611000001035
-2027.2126499999167
-2025.2371499998878
-2023.3330000000763
-2021.4556500000858
-2019.382000000063
-2017.2815499999126
-2015.2527499999146
-2013.2506000000758
-2011.1370000000782
-2008.8983999999109
-2006.8243499998994
-2004.7237500000854
-2002.4456500001102
-2000.3187499999044
-1998.1195499998853
-1995.6050000001037
-1993.3532500000883
-1991.2786999999071
-1988.9281999998925
-1986.4008000000686
-1983.899350000132
-1981.4498500000973
-1979.0605499998983
-1976.8089999998995
-1974.35925000006
-1971.5954000000838
-1969.0941499999044
-1966.7690499999039
-1964.0053499999408
-1961.2543999999216
-1958.8041500000395
-1956.0785500000752
-1953.3023500000986
-1950.8012500000577
-1948.100950000055
-1945.2127000000889
-1942.4618500000784
-1939.6363999997316
-1936.6607999997768
-1933.6352500001108
-1930.7597000000851
-1928.0588000000773
-1925.1708000000431
-1922.1704000000791
-1919.2194500000764
-1916.2066999997353
-1913.0814499997441
-1909.880500000083
-1906.7430000000995
-1903.7426500000508
-1900.7912000000513
-1897.6903500000803
-1894.2910500001071
-1890.9160500001014
-1887.8394499997671
-1884.7022499997197
-1881.3273000000454
-1878.0006000000835
-1874.738650000106
-1871.3638000000683
-1868.0368000000376
-1864.810700000095
-1861.2871999997815
-1857.5376499997383
-1853.9605000000715
-1850.4490500001002
-1847.0743000000707
-1843.7467500000835
-1839.9855500000535
-1836.2361000000631
-1832.7834000001121
-1829.0572999997385
-1825.2845499997302
-1821.7850000000835
-1818.0821500000852
-1814.1962500000848
-1810.4469000000581
-1806.6189000000522
-1802.6082500000775
-1798.7339999997523
-1795.0305999997531
-1791.1792000000767
-1787.1572500000993
-1783.158150000103
-1779.2045500000522
-1775.1941500000535
-1771.1951000000613
-1767.1163000000877
-1762.9810499998007
-1758.9820499997682
-1754.7780500000435
-1750.5180000000389
-1746.5524000001055
-1742.2925500000729
-1737.918700000067
-1733.8392500000839
-1729.7041499997708
-1725.3635499997627
-1720.8539500000597
-1716.355250000071
-1712.0254000000643
-1707.7984000000852
-1703.4028500000604
-1698.9042000000759
-1694.4490500000934
-1689.939599999766
-1685.3160499997502
-1680.6107500000576
-1675.9764500000847
-1671.4778500000598
-1667.022100000072
-1662.6377500000856
-1658.9205500000546
-1656.1604499997907
-1654.0353499997741
-1652.0778000000519
-1650.1921500000853
-1648.4736500000936
-1646.5882000000547
-1644.7132000000367
-1643.0050500000573
-1641.1509500000811
-1639.1302999998072
-1637.1305499997702
-1635.1722500000719
-1633.1622000000712
-1631.2874500000739
-1629.5480500000845
-1627.558750000024
-1625.4751500000662
-1623.6207999998321
-1621.7562499997462
-1619.7364000000596
-1617.6119500000968
-1615.5280000000653
-1613.6434500000564
-1611.6440000000443
-1609.4049000000543
-1607.4156000000826
-1605.7060499997979
-1603.7265499997488
-1601.4872500000652
-1599.3432000000792
-1597.2190000000483
-1595.0094000000565
-1592.8754500001069
-1590.8763000000752
-1588.8870999997475
-1586.8018999997903
-1584.5433500000652
-1582.4193000000464
-1580.3341000000892
-1578.0755000000845
-1575.9804500000673
-1573.8756000000828
-1571.6076500000595
-1569.4838499997893
-1567.3980999997866
-1565.0149000000474
-1562.6412500000713
-1560.5553000000518
-1558.4221500000353
-1556.0766000000749
-1553.6938000000966
-1551.4450499997943
-1549.2338499997591
-1547.1009000000722
-1544.8801000000863
-1542.2475000000454
-1539.7491000000502
-1537.6623500000978
-1535.5297000000783
-1533.1835500000238
-1530.8012499997772
-1528.5527499998088
-1526.215700000062
-1523.7083500000813
-1521.2102500000665
-1518.872800000066
-1516.6157000000521
-1514.2423500000564
-1511.7798499998385
-1509.272799999794
-1506.8012000000579
-1504.3206500000742
-1501.8049500000686
-1499.3068500000541
-1496.9687500000439
-1494.7119500000549
-1492.2139500000485
-1489.5006499998221
-1486.9940499998147
-1484.7460500000125
-1482.2824500000547
-1479.5260500000732
-1476.9031500000797
-1474.4393000000568
-1471.9583500000399
-1469.3185499998146
-1466.5707499997898
-1464.106600000041
-1461.7253500000579
-1459.0025500000588
-1456.24660000007
-1453.8737000000672
-1451.4092000000792
-1448.5282000000911
-1445.6556499997969
-1443.0411499997876
-1440.5761500000535
-1437.9697500000486
-1435.2058500000683
-1432.6074000000549
-1429.9768000000463
-1427.1041000000787
-1424.2638499997961
-1421.6570499998024
-1419.1615000000679
-1416.7221000000695
-1414.3275500000518
-1411.7573000000625
-1409.215650000086
-1406.7723500000313
-1404.1088000000495
-1401.1177499998171
-1398.0182999998287
-1395.0526000000477
-1392.2126500000368
-1389.3177000000933
-1386.4689500000648
-1383.7068000000518
-1380.8273500000587
-1377.9782999998108
-1375.2389499998189
-1372.3445000000447
-1369.3401000000608
-1366.3657500000538
-1363.478950000052
-1360.7246000000628
-1357.8750000000305
-1354.7383500000506
-1351.4841499998361
-1348.4873999998188
-1345.7404500000539
-1342.8904500000554
-1339.9007500000439
-1336.9037000000685
-1333.8850500000599
-1330.8808500000478
-1327.9054999998391
-1324.8942499998211
-1321.8901500000475
-1318.9145000000663
-1315.9033500000564
-1312.7743000000394
-1309.5274500000455
-1306.4055000000608
-1303.4295000000504
-1300.4393499998209
-1297.2964499998347
-1294.0425500000601
-1290.941200000048
-1287.8054000000498
-1284.5515500000538
-1281.4500000000473
-1278.3346000000495
-1275.0671999998217
-1271.9383499998435
-1268.9614500000462
-1265.8259500000286
-1262.4471500000636
-1259.075150000062
-1255.9530500000428
-1252.9758000000402
-1249.8602000000701
-1246.4682999998493
-1242.9645999998309
-1239.6121000000376
-1236.4963500000551
-1233.3546500000573
-1229.9760000000383
-1226.4982000000534
-1223.1131500000602
-1219.9654499998428
-1216.8750999998304
-1213.5156000000529
-1209.9993500000621
-1206.4959000000422
-1203.1236500000421
-1200.0201500000517
-1196.7790000000409
-1193.1381500000434
-1189.6346999998398
-1186.4058499998473
-1183.0396500000434
-1179.5240000000354
-1176.0205500000598
-1172.5233000000644
-1169.169100000048
-1165.927800000047
-1162.3942999998485
-1158.6530999998304
-1155.1797000000333
-1151.920350000049
-1148.4170000000595
-1144.6874500000504
-1141.1958500000339
-1137.93075000004
-1134.4275000000589
-1130.6975999998695
-1127.0808999998494
-1123.5660500000367
-1120.0628500000375
-1116.4405000000388
-1112.6930000000543
-1109.0876500000409
-1105.5788500000447
-1102.0756500000455
-1098.4700999998477
-1094.7281499998562
-1091.0887500000356
-1087.4606500000493
-1083.7298000000437
-1080.0961500000424
-1076.4681000000382
-1072.7370500000382
-1069.1034499998782
-1065.4916999998682
-1061.6083500000418
-1057.7302500000428
-1054.1239000000355
-1050.4904000000465
-1046.7375000000593
-1043.0058500000318
-1039.1226000000288
-1035.2445499998771
-1031.5127999998635
-1027.7545000000528
-1024.14230000005
-1020.3841500000282
-1016.2562500000331
-1012.3990500000536
-1008.8909500000487
-1005.0130499998479
-1000.9057499998697
-997.14780000003839
-993.51985000004242
-989.53730000006112
-985.29455000004441
-981.40660000002981
-977.90370000003327
-974.03095000003304
-969.79804999986413
-965.79034999986686
-962.03745000004756
-958.17945000004647
-954.17165000004081
-950.18355000002202
-946.17595000001074
-942.17315000006352
-938.18974999989382
-934.05714999986503
-929.94380000003719
-926.0613500000336
-922.1834500000291
-918.19985000004954
-914.19235000004664
-910.68960000004017
-908.20555000003333
-906.19809999986842
-904.3201999998771
-902.58610000003921
-900.70355000004054
-898.71460000003117
-896.83220000004496
-895.07940000003487
-893.2199500000379
-891.3376499998833
-889.59844999986603
-887.71625000002859
-885.71345000005022
-883.72880000004147
-881.72155000002795
-879.84390000003498
-878.22070000004555
-876.61075000004212
-874.61684999987142
-872.4803999998926
-870.72770000004243
-868.99255000002722
-866.9856500000426
-865.10800000002746
-863.24770000002673
-861.36585000004163
-859.61319999989496
-857.75274999988187
-855.74600000003647
-853.86840000004781
-852.1327500000134
-850.26360000003547
-848.37770000004821
-846.50020000002337
-844.5143500000263
-842.7577499998888
-841.00524999990353
-838.89425000004485
-836.88775000002681
-835.26030000001879
-833.64915000002713
-831.76770000003069
-829.76530000004095
-827.77894999990349
-825.77259999987564
-823.89525000002868
-822.28370000004838
-820.53920000003677
-818.40405000003227
-816.40170000002445
-814.7900000000318
-813.15880000004654
-811.15649999989125
-809.04469999987577
-807.28860000003306
-805.66130000004853
-803.79930000004038
-801.7933000000304
-799.79105000001982
-797.92885000002843
-796.17289999989737
-794.29574999987915
-792.43345000002864
-790.6775500000507
-788.8004000000326
-786.81295000002524
-784.81805000003442
-782.93360000003395
-781.30645000002846
-779.56884999988642
-777.4381499998949
-775.4360000000388
-773.69820000003745
-771.94260000002885
-770.20105000002809
-768.32055000003243
-766.44345000004068
-764.70544999992364
-762.82484999988651
-760.82290000001103
-758.82440000004419
-756.83610000003318
-754.95570000002363
-753.3287500000348
-751.71535000003462
-749.84510000003229
-747.83639999990237
-745.83439999989037
-743.84585000003256
-741.96560000003547
-740.34855000002199
-738.59345000003259
-736.46645000003628
-734.47770000002129
-732.84749999990299
-731.22064999990016
-729.34705000002521
-727.35810000003812
-725.34350000002701
-723.39715000002309
-721.51365000003466
-719.46290000003012
-717.40510000003064
-715.50264999990463
-713.56089999990377
-711.70965000003207
-710.02310000003013
-708.20785000001547
-706.26375000002008
-704.30995000004361
-702.45050000002448
-700.71579999990286
-698.84104999991678
-696.96040000003018
-695.23155000002566
-693.35985000003643
-691.48805000002801
-689.75305000002527
-687.87835000003213
-685.88160000002142
-683.88774999991006
-682.02744999992046
-680.40285000002245
-678.78105000001574
-676.7871500000299
-674.6681500000293
-672.93265000002953
-671.30800000003114
-669.43619999990665
-667.45044999990682
-665.45905000002176
-663.57345000002601
-661.83215000003497
-659.9739500000303
-658.09130000002347
-656.34985000001984
-654.49140000002797
-652.61679999993009
-650.86994999991271
-649.00865000002
-647.1341000000283
-645.3871500000248
-643.52565000002483
-641.52605000002256
-639.5291500000327
-637.65974999991249
-635.92299999990928
-634.0485500000251
-632.16895000002626
-630.43710000002875
-628.69765000002417
-626.93820000003006
-624.94610000002672
-622.83640000001844
-621.08689999991839
-619.46494999992137
-617.59530000002087
-615.6078000000316
-613.74055000003318
-611.98865000001979
-610.11655000001986
-608.24680000002559
-606.50209999991444
-604.63234999992028
-602.64440000003208
-600.76995000002626
-599.01595000002794
-597.15755000001809
-595.29215000001727
-593.53360000003113
-591.66590000002884
-589.67994999992129
-587.80539999991845
-586.05815000002553
-584.19475000002376
-582.32030000001805
-580.57295000002591
-578.70935000002987
-576.83485000001997
-575.08754999992129
-573.21734999992304
-571.35350000001699
-569.60405000002868
-567.72535000002654
-565.74050000002353
-563.87425000001895
-562.11655000002543
-560.24820000002478
-558.38599999992562
-556.63654999992627
-554.76405000002319
-552.76850000002298
-550.9039500000149
-549.16045000003032
-547.28385000002436
-545.41130000002045
-543.6657499999277
-541.79509999992547
-539.86195000001999
-538.05950000002076
-536.2724850000219
-534.41913000001853
-532.57033500002603
-530.72828500002561
-528.85873000002516
-527.00222999993116
-525.17628499993089
-523.33918000001449
-521.50392500001544
-519.67589500002032
-517.8138000000265
-515.95344000002649
-514.11276500001202
-512.26311999993266
-510.41525999993985
-508.58166000001665
-506.76572500001748
-504.91609500002255
-503.03798500001938
-501.20033000002718
-499.38247500001899
-497.53854000001792
-495.69390999993453
-493.85427999992328
-492.00456000001788
-490.156510000026
-488.31498000001852
-486.46527500001741
-484.62963500001985
-482.80820000001529
-480.96164000001903
-479.10734999994418
-477.27007499993903
-475.42188000001812
-473.56273500001862
-471.73320000002104
-469.89593000002185
-468.06013000002224
-466.24297000002161
-464.393124999934
-462.51978499994243
-460.67295000003162
-458.85110500001531
-457.01673000001693
-455.17418000000828
-453.3243100000102
-451.48834500002465
-449.67068000002109
-447.82074499994008
-445.94723499993995
-444.10015000002778
-442.28222500001385
-440.44480000000738
-438.60458500001431
-436.77677500002625
-434.91974500002971
-433.06431999994106
-431.24338999993938
-429.41396500001474
-427.5639200000133
-425.72772000001942
-423.90925000002142
-422.05920500001992
-420.18538000001593
-418.33793000000713
-416.52791499994271
-414.70920999995303
-412.84656500002478
-410.99769500001503
-409.17509000000797
-407.34362500002283
-405.49347500001818
-403.64449500001047
-401.81290499994537
-399.98770999995168
-398.13870000001651
-396.2783650000074
-394.45553000001462
-392.64518000002238
-390.81324500002052
-388.96642000001344
-387.11154500001754
-385.26467999994605
-383.42119999994372
-381.58337500002085
-379.75918500002138
-377.92358500001603
-376.08795500001935
-374.26807000001531
-372.41770000000918
-370.55583999994292
-368.73582499994484
-366.91040500001878
-365.04852000001461
-363.20018500000475
-361.38936000001206
-359.58158000002152
-357.73109500002244
-355.85656500001568
-354.00811499994614
-352.19711999995047
-350.38912500002562
-348.55106000001058
-346.70147500000826
-344.85286000001963
-343.01961500002039
-341.19403500001704
-339.3568549999444
-337.52348999995741
-335.69784500001845
-333.86062500001782
-332.01181500001303
-330.16298000000069
-328.32662500001061
-326.50546500001764
-324.66993500001809
-322.82809999995732
-321.00502999995615
-319.17209000001304
-317.32128000000932
-315.48385500000836
-313.65979000001101
-311.82319000001451
-309.98910500001517
-308.16326499995921
-306.32570999995585
-304.47899500001114
-302.64057000001628
-300.82800500001565
-299.01625000000985
-297.16692000001478
-295.30744000001255
-293.48148000000828
-291.65626999996005
-289.80686499996159
-287.98240500001248
-286.16027000000821
-284.30918500000951
-282.48389500001343
-280.65935500001558
-278.81200000001468
-276.98590499996237
-275.16050499996277
-273.31304500000931
-271.48688500001072
-269.67396500001394
-267.83672500000893
-265.9869400000095
-264.15598000001336
-262.36885500001097
-260.60943999996368
-258.8628049999669
-257.12795000001006
-255.37241000000918
-253.57246000001422
-251.74489500001033
-249.89887500001157
-248.02651000001185
-246.14232499996305
-244.26857999996292
-242.42270000000997
-240.60393500000981
-238.78648500001293
-236.94662500001317
-235.10547500000936
-233.27438500000804
-231.43206000000691
-229.59227499997093
-227.76192999997016
-225.93406000001124
-224.10381500000767
-222.2616700000076
-220.42197500001316
-218.59183000000951
-216.7640750000038
-214.93576499997053
-213.09262999997458
-211.25071500001397
-209.43444000000886
-207.61988000000412
-205.7775100000076
-203.92320000000296
-202.08368500000398
-200.26643000000661
-198.45140499997629
-196.61083499998162
-194.75721000000962
-192.91454000000493
-191.09640500000694
-189.28310500000651
-187.44319000001053
-185.60065500001144
-183.78424499997456
-181.96992999997343
-180.12957500000604
-178.28719500000869
-176.45839500001091
-174.61911500000639
-172.77885000000364
-170.96016000000691
-169.14497000000551
-167.30772999997438
-165.46511499997703
-163.64852000000764
-161.83439000000791
-159.99284500001028
-158.15181500000531
-156.32520500000271
-154.49767000000688
-152.68079499998132
-150.86489499997947
-149.02446500000329
-147.17291000000733
-145.33297000000647
-143.51625000000621
-141.71433000000644
-139.89814500000324
-138.0573900000071
-136.21844499998741
-134.3898099999783
-132.5504450000013
-130.70937000000924
-128.89376000000644
-127.09242500000791
-125.27772000000226
-123.43631000000192
-121.59577499998366
-119.76947999998215
-117.9410800000106
-116.12689000000594
-114.31106000000156
-112.47064000000265
-110.63190500000297
-108.81614500000718
-107.00203500000634
-105.1738199999875
-103.346019999985
-101.50735000000464
-99.67920000000508
-97.87768000000234
-96.05076500000368
-94.20977000000575
-92.38210500000331
-90.55485999998676
-88.74130499998884
-86.93949500000403
-85.12364000000314
-83.28357000000264
-81.44505000000412
-79.62965500000522
-77.81465500000429
-75.97731500000208
-74.13620499999027
-72.32088499999063
-70.6064300000032
-69.26728500000206
-68.51836500000181
-68.16605500000323
-67.91457000000084
-67.66384000000262
-67.40059999999295
-67.12704999998981
-66.874865000005
-66.63593000000434
-66.36128999999845
-66.08483500000337
-65.846280000005
-65.59666000000287
-65.33381500000286
-65.09455999999079
-64.84351999999052
-64.56782500000298
-64.31821000000267
-64.09290500000287
-63.84118000000143
-63.56620000000072
-63.31484500000214
-63.08885499999164
-62.83924999999215
-62.56289000000198
-62.31293500000267
-62.0866350000052
-61.84816000000095
-61.59856000000048
-61.34725500000327
-61.09730500000437
-60.8460149999937
-60.59505999998936
-60.34546000000358
-60.10769500000396
-59.88111000000096
-59.64268500000085
-59.39309000000357
-59.14183500000355
-58.90441499999036
-58.67819499999257
-58.43979000000293
-58.20271000000031
-57.97650500000238
-57.73908500000493
-57.48884500000146
-57.2373200000027
-56.99895000000437
-56.77340999999056
-56.53632499999031
-56.29860500000146
-56.07212500000436
-55.83378000000394
-55.59575500000224
-55.37118000000039
-55.13347000000255
-54.89451499999349
-54.66869999999174
-54.44412500000495
-54.21800500000295
-53.97969499999987
-53.74354000000162
-53.51681500000507
-53.29071500000194
-53.07775000000036
-52.86477499999297
-52.6286049999921
-52.38941500000307
-52.16334000000202
-51.93877500000239
-51.7252150000057
-51.51196000000235
-51.27488999999916
-51.03722500000088
-50.82338499999444
-50.61014999999412
-50.38470500000264
-50.16014000000301
-49.93499500000118
-49.72118500000186
-49.50883500000121
-49.28282499999999
-49.06961499999463
-48.85756499999521
-48.63156000000289
-48.41921500000127
-48.20573499999872
-47.98003499999955
-47.76798500000152
-47.56702000000195
-47.35468500000393
-47.1287199999955
-46.91553999999279
-46.70349000000014
-46.47837000000317
-46.27715500000235
-46.08900500000006
-45.86445000000404
-45.63851000000305
-45.45119999999162
-45.25027999999301
-45.02462500000265
-44.82509000000344
-44.63669000000269
-44.41186000000056
-44.18595000000067
-43.99783500000128
-43.79829500000444
-43.58489999999721
-43.3975999999931
-43.19752499999978
-42.9713650000014
-42.7582500000013
-42.57122500000189
-42.39537500000285
-42.19477500000296
-41.97102499999272
-41.75712999999469
-41.56799500000282
-41.39400500000086
-41.19421000000097
-40.98060000000015
-40.79253000000033
-40.5929950000025
-40.38044000000433
-40.19185999999421
-40.00379999999521
-39.81677500000137
-39.64174500000079
-39.43990500000238
-39.21485000000106
-39.01634500000243
-38.84004500000085
-38.66425499999314
-38.48973499999451
-38.28894500000224
-38.07590500000141
-37.90138500000001
-37.72636500000302
-37.51283000000424
-37.31305500000045
-37.14979499999811
-36.98678999999382
-36.80200999999698
-36.61757500000456
-36.45036999999916
-36.30067499999926
-36.1657300000027
-36.02763500000225
-35.86973500000347
-35.67844999999514
-35.47791999999271
-35.2885100000006
-35.0881450000035
-34.89198000000141
-34.72644500000097
-34.56311500000255
-34.3750350000019
-34.17445500000089
-33.98639499999462
-33.82407999999414
-33.6605750000024
-33.48410000000438
-33.30908000000046
-33.12131999999991
-32.93405000000244
-32.77061000000048
-32.61920999999264
-32.45674999999682
-32.26976000000318
-32.08136500000006
-31.91752500000247
-31.75581000000307
-31.58089000000048
-31.40411500000262
-31.22899500000014
-31.06638999999389
-30.90355999999521
-30.72893500000021
-30.56496500000435
-30.41490500000339
-30.25235000000111
-30.0770800000001
-29.91501500000088
-29.75110999999692
-29.57610999999466
-29.41362000000012
-29.25090500000124
-29.07639500000066
-28.9125600000021
-28.76261500000233
-28.61336500000178
-28.46275500000111
-28.29988999999603
-28.12476499999592
-27.97465000000085
-27.83704000000167
-27.66195000000029
-27.47437500000256
-27.32431000000258
-27.19924999999956
-27.04920499999655
-26.87417999999778
-26.72415999999925
-26.58665000000002
-26.42415500000269
-26.26167000000064
-26.11170000000019
-25.9617449999996
-25.81179999999983
-25.67435999999778
-25.53760499999717
-25.37475500000128
-25.21146500000202
-25.06269500000094
-24.91260000000124
-24.76252000000141
-24.62517000000015
-24.49965999999729
-24.35094999999701
-24.17593000000011
-24.02591500000149
-23.90111500000056
-23.76384500000037
-23.61409000000105
-23.46434500000117
-23.32711500000291
-23.20237999999779
-23.06583499999513
-22.91503999999982
-22.76558500000312
-22.62864000000068
-22.50397499999982
-22.36749500000115
-22.22926500000063
-22.10486499999844
-21.95548999999726
-21.79341500000104
-21.66949500000076
-21.55698500000085
-21.41972000000107
-21.270199999999
-21.13318500000186
-21.00867000000092
-20.87168999999613
-20.73405999999807
-20.62252000000154
-20.51143999999922
-20.3740749999981
-20.22445500000302
-20.08756000000194
-19.97565499999935
-19.85127999999824
-19.70194999999801
-19.57760500000207
-19.46642500000119
-19.34167499999885
-19.2165000000002
-19.08017000000076
-18.94364000000142
-18.83255000000105
-18.73284999999616
-18.62024499999811
-18.48400500000103
-18.3482199999995
-18.22362000000263
-18.09926000000202
-17.98762499999888
-17.87533999999955
-17.75235499999862
-17.64054999999807
-17.52876500000016
-17.40473000000077
-17.29320500000188
-17.18169500000006
-17.05772000000008
-16.94625000000088
-16.83480000000125
-16.71155499999912
-16.59902999999728
-16.48786000000011
-16.36423000000023
-16.25288500000027
-16.15471000000198
-16.0554400000026
-15.95574000000026
-15.84492499999769
-15.7220999999985
-15.61043000000006
-15.49901000000014
-15.38716499999975
-15.30143000000102
-15.20368500000153
-15.07965000000075
-14.96835000000035
-14.86977999999803
-14.77122999999647
-14.67270499999886
-14.56172500000065
-14.43829500000066
-14.34054000000173
-14.26662500000053
-14.16731500000062
-14.04444999999847
-13.94633999999862
-13.87367000000085
-13.77493499999994
-13.65081000000074
-13.55304000000126
-13.48003000000069
-13.39503999999977
-13.28396999999966
-13.15998999999769
-13.06237499999855
-12.99022000000161
-12.90423000000121
-12.80602500000044
-12.72055499999935
-12.64689500000051
-12.55019500000214
-12.43964999999752
-12.35409499999703
-12.26880000000147
-12.18283500000175
-12.09880500000046
-11.98916000000029
-11.89012500000024
-11.81773500000031
-11.74609499999999
-11.67306999999824
-11.58712999999851
-11.49020000000117
-11.39380000000056
-11.30847499999828
-11.2359000000004
-11.16287000000233
-11.09110500000138
-11.00740999999816
-10.92230499999812
-10.84995499999994
-10.76469000000054
-10.66824500000176
-10.58481499999946
-10.52488500000005
-10.46525000000077
-10.38099000000057
-10.28431999999943
-10.20016999999793
-10.14100499999906
-10.08189999999992
-9.99793000000081
-9.91402000000182
-9.85509000000119
-9.79622999999942
-9.71328500000047
-9.62911999999952
-9.57020499999875
-9.51159999999962
-9.42737999999995
-9.34452500000012
-9.2871850000006
-9.22836000000103
-9.15662000000007
-9.09898499999747
-9.04197499999889
-8.97100000000173
-8.91202500000085
-8.85553500000019
-8.78588500000007
-8.72662499999921
-8.66934000000077
-8.58723500000124
-8.5049699999981
-8.46097999999919
-8.42734000000046
-8.35810000000026
-8.28896000000071
-8.25700999999949
-8.21355499999974
-8.14307500000033
-8.08684499999897
-8.03072499999908
-7.96201500000042
-7.90673000000093
-7.8617200000002
-7.81857000000001
-7.76397999999974
-7.69535499999977
-7.6520400000005
-7.62160000000008
-7.56643499999942
-7.5114199999993
-7.46900500000025
-7.41768500000062
-7.30625499999917
-7.13320500000004
-6.95816000000169
-6.77788999999938
-6.59437999999868
-6.4592900000003
-6.39383500000033
-6.38698500000047
-6.40913000000019
-6.417665
-6.39689999999997
-6.34320500000019
-6.28165499999889
-6.2449899999989
-6.20768000000075
-6.15663000000055
-6.10719500000006
-6.06985500000043
-6.03118500000038
-5.96828000000046
-5.91913999999907
-5.89418999999971
-5.85544500000003
-5.80491999999956
-5.75575000000088
-5.71832000000004
-5.69192999999949
-5.65377000000071
-5.60456500000121
-5.56708499999874
-5.54060999999949
-5.50238499999975
-5.46556999999984
-5.428030000001
-5.3641749999995
-5.31453999999981
-5.30071500000153
-5.28835499999935
-5.25073499999875
-5.21163500000012
-5.1867800000003
-5.14798500000031
-5.10953999999945
-5.0850250000007
-5.04731000000057
-5.00804000000014
-4.9819299999997
-4.94374999999995
-4.90673500000031
-4.89377999999977
-4.88042500000014
-4.85460999999929
-4.82756999999978
-4.78885500000018
-4.75173499999988
-4.73742500000033
-4.72349499999905
-4.68755999999978
-4.65991500000087
-4.65791500000054
-4.63310500000096
-4.59375499999878
-4.56720999999998
-4.54235000000034
-4.52903999999958
-4.51398500000024
-4.48862999999998
-4.46281000000011
-4.43521000000006
-4.4208650000004
-4.40827499999953
-4.38233999999979
-4.36836499999952
-4.36540500000031
-4.35089500000086
-4.3257349999994
-4.31067999999927
-4.29604000000156
-4.27080500000083
-4.25703499999878
-4.25377500000031
-4.25284000000066
-4.23896499999899
-4.21070999999887
-4.19578499999979
-4.19518500000011
-4.19358500000095
-4.17755999999967
-4.15002499999873
-4.13687000000108
-4.13511500000091
-4.13129999999959
-4.1284250000011
-4.12755500000059
-4.12562999999883
-4.12159999999984
-4.12009999999924
-4.11644999999906
-4.10086500000018
-4.07490000000013
-4.07110000000005
-4.09423500000119
-4.09194000000143
-4.06258499999981
-4.0607349999994
-4.08314499999813
-4.09087499999934
-4.07477500000089
-4.04843500000032
-4.04578499999963
-4.06567999999985
-4.07592000000056
-4.083800000001
-4.10463000000017
-4.10284999999928
-4.07327500000028
-4.07082999999991
-4.09259500000012
-4.09950000000037
-4.09509000000047
-4.09302500000031
-4.1021299999994
-4.12301999999865
-4.1295499999991
-4.12482500000092
-4.13490500000088
-4.15425999999944
-4.16173499999898
-4.17167500000054
-4.19272500000126
-4.19873500000032
-4.19545500000021
-4.19146499999898
-4.19724499999847
-4.22907999999989
-4.26348500000163
-4.27167000000023
-4.26470499999988
-4.27140500000121
-4.29315999999845
-4.30108999999885
-4.30623500000064
-4.33750000000139
-4.37146500000003
-4.37913499999905
-4.38396500000039
-4.40464500000033
-4.4245550000004
-4.44157499999858
-4.44748999999949
-4.46864000000093
-4.51316000000067
-4.52987000000034
-4.5355049999996
-4.55422500000043
-4.5751150000004
-4.60691499999951
-4.63567999999881
-4.6556799999988
-4.67488000000049
-4.69099500000089
-4.72327499999958
-4.75474800000089
-4.77065900000176
-4.78802250000068
-4.80845199999918
-4.83735399999802
-4.87943499999871
-4.91216800000089
-4.92848300000188
-4.96037850000068
-4.99143450000009
-5.01301600000107
-5.06097749999811
-5.12674999999867
-5.19544550000119
-5.26820549999981
-5.34425049999962
-5.41987749999953
-5.4909120000004
-5.56232300000121
-5.63833499999967
-5.71390749999824
-5.78483799999953
-5.85618700000036
-5.93096500000011
-6.00404149999994
-6.07503949999988
-6.1434039999998
-6.21600300000036
-6.29084700000101
-6.35885349999906
-6.4277404999996
-6.50019899999964
-6.5721690000002
-6.64060550000122
-6.7122974999996
-6.78437849999963
-6.8528970000005
-6.92075200000077
-6.99229999999903
-7.06333799999863
-7.12953400000023
-7.19759950000108
-7.27066700000017
-7.3366929999995
-7.40528050000191
-7.47548899999975
-7.54083099999662
-7.60966099999958
-7.68016200000141
-7.7469795000017
-7.81453450000057
-7.88471750000038
-7.94904149999974
-8.01566099999961
-8.08621599999965
-8.15375099999963
-8.2188319999999
-8.28883299999992
-8.35262100000004
-8.42041899999958
-8.48987650000112
-8.5556300000015
-8.62386599999761
-8.68713299999834
-8.75444800000105
-8.81927200000015
-8.88648800000011
-8.95652649999976
-9.02061250000025
-9.08879200000152
-9.15742150000047
-9.22231149999857
-9.28684749999952
-9.35550699999978
-9.42239700000122
-9.48429650000051
-9.55256449999939
-9.62129700000131
-9.68628850000039
-9.75220349999957
-9.81977449999735
-9.88558349999816
-9.94890300000078
-10.01440550000051
-10.08531750000096
-10.15322200000029
-10.21489700000045
-10.30070700000052
-10.49211699999938
-10.81060450000003
-11.18105899999948
-11.5597564999998
-11.91085850000183
-12.12102300000067
-12.15713999999973
-12.12915950000081
-12.09220850000075
-12.05871799999765
-12.06081499999768
-12.10434450000083
-12.16524500000074
-12.22784800000135
-12.29171600000045
-12.35853350000005
-12.41922800000095
-12.48091499999854
-12.5452794999971
-12.60477199999994
-12.66650750000233
-12.73091750000118
-12.79045999999975
-12.85224199999973
-12.91670000000048
-12.97629200000036
-13.03812349999801
-13.09844999999831
-13.15629600000102
-13.21665550000127
-13.2824610000004
-13.34090549999971
-13.39784550000152
-13.4599580000004
-13.51720649999694
-13.57419999999832
-13.63636800000137
-13.69367000000052
-13.75071900000025
-13.81294350000146
-13.87030200000112
-13.92615850000002
-13.98300999999937
-14.04237749999697
-14.1017639999979
-14.16161650000166
-14.21534600000082
-14.2700750000001
-14.32874450000138
-14.38253700000089
-14.43857549999958
-14.49981199999771
-14.55366549999811
-14.60602900000195
-14.66484200000122
-14.72001199999883
-14.77244250000084
-14.82587850000069
-14.88308099999924
-14.93906150000146
-14.99554049999791
-15.04710599999704
-15.09844050000118
-15.1550030000009
-15.20914250000206
-15.26180049999999
-15.31721049999872
-15.36893250000247
-15.42043099999755
-15.47468749999729
-15.52400450000249
-15.57558850000107
-15.62944299999947
-15.68083699999967
-15.73101700000074
-15.7867355000014
-15.84049450000092
-15.88902999999708
-15.93834949999773
-15.98745850000107
-16.03785150000102
-16.09256600000049
-16.14226850000091
-16.19177750000128
-16.2428805000003
-16.28896549999903
-16.33706049999758
-16.38999849999862
-16.44367950000001
-16.49156150000245
-16.53793750000033
-16.58527849999965
-16.63350400000206
-16.68281850000021
-16.73124449999757
-16.78013599999889
-16.83012200000069
-16.87725899999978
-16.92248000000132
-16.9701465000005
-17.02026050000027
-17.06763050000129
-17.11309699999658
-17.15976699999727
-17.20608600000035
-17.25175199999985
-17.29831150000181
-17.34536600000102
-17.39114400000076
-17.43781800000109
-17.48510150000051
-17.53019249999796
-17.57440399999786
-17.62026349999976
-17.66550150000201
-17.71061850000119
-17.75696349999859
-17.80183450000031
-17.84610200000137
-17.8903619999987
-17.93586499999859
-17.98238550000043
-18.02708050000008
-18.06929150000029
-18.11242499999666
-18.15747450000104
-18.20220500000085
-18.24627000000043
-18.289114500001
-18.33323100000137
-18.37714750000182
-18.42053850000045
-18.46520800000006
-18.50958249999384
-18.55220500000122
-18.59488650000149
-18.63851950000072
-18.68132300000136
-18.72513149999985
-18.76956450000001
-18.81260250000066
-18.85655350000049
-18.9018464999952
-18.94476700000031
-18.98543699999998
-19.028471000001
-19.0744750000007
-19.11874550000132
-19.16056650000117
-19.20342399999478
-19.24718950000191
-19.28989800000025
-19.33367100000065
-19.37964000000162
-19.42583050000151
-19.47102149999986
-19.51372149999822
-19.55583050000038
-19.6004904999952
-19.64716300000153
-19.69389000000068
-19.73938650000005
-19.78400450000095
-19.82984500000102
-19.87812550000034
-19.92435900000171
-19.96940400000116
-20.01822249999366
-20.06755350000152
-20.1157760000009
-20.16540750000031
-20.21565199999976
-20.26488700000037
-20.31442800000129
-20.36594100000164
-20.41780150000157
-20.47012749999339
-20.52457250000057
-20.57996650000143
-20.63527000000039
-20.69256600000111
-20.75190650000102
-20.80999100000037
-20.86766799999348
-20.92766050000045
-20.98987600000158
-21.05694750000071
-21.12568900000058
-21.19205950000137
-21.25887150000084
-21.33023750000072
-21.40628950000073
-21.48191949999345
-21.5586920000009
-21.64069600000141
-21.72637900000073
-21.8126620000007
-21.90242450000172
-21.99965000000051
-22.09989200000021
-22.20047650000041
-22.30700549999316
-22.42120500000114
-22.53986900000122
-22.66446400000119
-22.79768000000071
-22.93715450000086
-23.08418450000052
-23.24274400000118
-23.41000550000079
-23.58493949999256
-23.76991950000167
-23.96675800000113
-24.18010550000042
-24.41000000000101
-24.66289000000178
-24.95076750000025
-25.27142049999199
-25.62132000000189
-25.99593800000072
-26.36530150000048
-26.7224560000008
-27.10026300000146
-27.51553900000141
-28.00469400000129
-28.71641150000122
-29.73296149999068
-30.98335300000127
-32.4327740000012
-33.97035600000145
-34.98837000000179
-35.16648850000125
-34.9012340000011
-34.43715750000151
-34.44244500000116
-38.17491499998823
-47.77189100000452
-62.15783350000012
-81.4753060000071
-104.41520949999949
-115.23341800000458
-99.91542600000929
-57.2794964999923
21.1475674999831
136.40551999995844
224.12011350001683
220.67457900001824
146.54955249998918
46.93348000001998
-43.99730500001518
-88.66535850000226
-83.40080549997464
-61.16492999999903
-37.74118650000452
-16.00166049999685
-3.8659125000012
-4.31663800000079
-10.04023649999983
-16.51978950000146
-22.49847150000009
-25.72672849999225
-25.5406465000008
-24.00085850000159
-22.29401600000068
-20.71745600000097
-19.86312150000058
-19.9191960000005
-20.34097050000101
-20.80929400000091
-21.24229549999345
-21.48054350000156
-21.47680500000032
-21.37481650000045
-21.25828900000194
-21.15202150000052
-21.09690950000079
-21.10668350000077
-21.14340350000045
-21.1821394999941
-21.2191040000009
-21.24309200000045
-21.2480975000007
-21.24556050000104
-21.24142400000122
-21.23787850000034
-21.2388624999932
-21.24407700000112
-21.25117900000101
-21.25813250000077
-21.26368800000073
-21.26800700000143
-21.27122100000125
-21.27411700000043
-21.27639299999967
-21.27959899999387
-21.28264700000191
-21.28367000000086
-21.2848470000004
-21.28898500000104
-21.2932800000008
-21.29414850000049
-21.29392750000129
-21.29510200000063
-21.29752249999298
-21.29745400000129
-21.29613800000169
-21.29855550000049
-21.30097350000037
-21.2996550000016
-21.29833500000098
-21.29701950000003
-21.29570050000054
-21.29686249999354
-21.29678350000133
-21.29421800000139
-21.29165100000097
-21.28908250000078
-21.2877535000008
-21.28642700000103
-21.28385499999282
-21.28127800000036
-21.27870700000135
-21.27613250000135
-21.27230750000025
-21.26848800000028
-21.26591000000105
-21.2620835000012
-21.25701500000094
-21.25194799999343
-21.24687900000154
-21.24304800000098
-21.24046000000056
-21.2353860000002
-21.2278265000006
-21.22150850000105
-21.21642800000083
-21.21134750000132
-21.20502749999353
-21.19746200000115
-21.18989150000066
-21.1823225000008
-21.17599400000142
-21.16966350000065
-21.16209100000085
-21.15451650000089
-21.14569850000039
-21.13687849999378
-21.1293005000012
-21.12047900000059
-21.11165500000098
-21.1040710000011
-21.09524550000084
-21.08517600000053
-21.07510299999348
-21.06503200000105
-21.05495850000093
-21.0436405000007
-21.03108250000075
-21.02100550000068
-21.01216450000105
-21.00084150000075
-20.98951850000046
-20.97819249999386
-20.96562550000113
-20.95429650000087
-20.94296500000091
-20.9291510000006
-20.91533500000046
-20.90276050000088
-20.88894400000105
-20.87512200000129
-20.86254099999358
-20.84872000000079
-20.83489350000119
-20.82230600000069
-20.80847800000044
-20.7934080000008
-20.77709750000089
-20.76078500000097
-20.74694850000088
-20.73187199999351
-20.71431350000125
-20.69799200000095
-20.68291200000083
-20.66782650000079
-20.65150000000075
-20.63269600000061
-20.61512849999326
-20.60003450000087
-20.58245950000129
-20.5636510000011
-20.5460755000006
-20.52849450000068
-20.51091550000058
-20.49209250000093
-20.47327150000112
-20.4556874999935
-20.43561900000094
-20.41307850000094
-20.39301250000079
-20.37541550000077
-20.3565790000007
-20.33650300000078
-20.31642700000085
-20.29634850000124
-20.27502949999379
-20.25247200000062
-20.23114650000088
-20.20981850000091
-20.18725750000078
-20.1659305000009
-20.14459550000072
-20.12078700000092
-20.09697950000103
-20.07563749999382
-20.05429400000093
-20.03047950000073
-20.00665850000067
-19.98407200000068
-19.95901550000082
-19.93271850000087
-19.91012200000082
-19.88752250000071
-19.86122099999392
-19.83491850000082
-19.80984300000071
-19.78476450000095
-19.75968350000073
-19.73459900000064
-19.708280500001
-19.68072949999409
-19.65440250000073
-19.62930300000072
-19.60297550000083
-19.57417850000089
-19.54660400000087
-19.52149300000086
-19.49392050000065
-19.46510850000069
-19.43629349999407
-19.40624850000073
-19.37865750000083
-19.3510650000007
-19.31978300000072
-19.28960060000092
-19.26223800000089
-19.23376665000078
-19.20320670000071
-19.17251989999429
-19.14219480000089
-19.11186855000072
-19.08117005000068
-19.04997510000072
-19.01877705000071
-18.98745175000068
-18.95563400000076
-18.92368720000084
-18.89185894999428
-18.85966230000078
-18.82696850000072
-18.79426755000073
-18.76156585000087
-18.7284942000008
-18.6950464000008
-18.66147424999426
-18.62777565000072
-18.59370295000079
-18.55926515000073
-18.52481900000075
-18.49048490000076
-18.45578330000074
-18.42059065000064
-18.38527000000078
-18.34970059999441
-18.31388400000078
-18.27805725000085
-18.24210290000072
-18.20590040000069
-18.16932750000071
-18.13238885000073
-18.09520300000073
-18.05789025000075
-18.02056644999449
-17.98299130000071
-17.94517090000071
-17.90722455000073
-17.86891130000079
-17.83034730000075
-17.79165875000071
-17.75273065000071
-17.71366750000075
-17.67447309999457
-17.63493095000069
-17.59502883000074
-17.55498531000072
-17.51491380500072
-17.4747990350007
-17.45472872000677