t px py theta vx vy omega ax ay alpha 
0 0.0005099019203 0.007735849194 8.843357764e-11 0 0 -8.843357761e-06 0 0 -2.1681764e-10
0.0001 0.0005099019203 0.007735849194 1.956459383e-06 0 0 -0.1956452187 0 0 -0.1061177465
0.0002 0.0005099019203 0.007735849194 4.956123017e-06 0 0 -0.4956078362 0 0 -0.6809066353
0.0003 0.0005099019203 0.007735849194 1.243326863e-15 0 0 -0.833954276 0 0 -1.927518637
0.0004 0.0005099019203 0.007735849194 4.562741317e-16 0 0 -0.9337231132 0 0 -2.415673122
0.0005 0.0005099019203 0.007735849194 2.849703094e-16 0 0 -1.037053233 0 0 -2.979055608
0.0006 0.0005099019203 0.007735849194 -1.019250355e-15 0 0 -1.13619755 0 0 -3.574752013
0.0007 0.0005099019203 0.007735849194 2.040964098e-16 0 0 -1.144633507 0 0 -3.626810497
0.0008 0.0005099019203 0.007735849194 5.03735796e-17 0 0 -4.889063698 0 0 -66.10726002
0.0009 0.0005099019203 0.007735849194 -7.332484852e-16 0 0 -8.641259397 0 0 -206.0969513
0.001 0.0005099019203 0.007735849194 1.086213714e-15 0 0 -12.28532407 0 0 -415.2824188
0.0011 0.0005099019203 0.007735849194 1.520833098e-17 0 0 -15.80450301 0 0 -684.4398435
0.0012 0.0005099019203 0.007735849194 -1.548213789e-15 0 0 -19.18999914 0 0 -1003.912773
0.0013 0.0005099019203 0.007735849194 -1.478484217e-15 0 0 -22.43501839 0 0 -1363.83181
0.0014 0.0005099019203 0.007735849194 -6.743789897e-15 0 0 -25.53434271 0 0 -1754.406161
0.0015 0.0005099019203 0.007735849194 -1.018642245e-14 0 0 -28.4842521 0 0 -2166.189999
0.0016 0.0005099019203 0.007735849194 -1.333133632e-14 0 0 -31.28243094 0 0 -2590.303201
0.0017 0.0005099019203 0.007735849194 -1.80283033e-14 0 0 -33.92781952 0 0 -3018.593986
0.0018 0.0005099019203 0.007735849194 -2.157156909e-14 0 0 -36.42053721 0 0 -3443.764019
0.0019 0.0005099019203 0.007735849194 -2.708329832e-14 0 0 -38.76169428 0 0 -3859.430373
0.002 0.0005099019203 0.007735849194 -3.136641201e-14 0 0 -40.95323677 0 0 -4260.150436
0.0021 0.0005099019203 0.007735849194 -3.674683715e-14 0 0 -42.9978174 0 0 -4641.413725
0.0022 0.0005099019203 0.007735849194 -4.106024132e-14 0 0 -44.89861052 0 0 -4999.594575
0.0023 0.0005099019203 0.007735849194 -4.41252749e-14 0 0 -46.65922719 0 0 -5331.902058
0.0024 0.0005099019203 0.007735849194 -5.003684013e-14 0 0 -48.28354696 0 0 -5636.29702
0.0025 0.0005099019203 0.007735849194 -5.317652678e-14 0 0 -49.77566344 0 0 -5911.416348
0.0026 0.0005099019203 0.007735849194 -5.515420525e-14 0 0 -51.13077124 0 0 -6154.329217
0.0027 0.0005099019203 0.007735849194 -5.811636343e-14 0 0 -52.33663297 0 0 -6360.723801
0.0028 0.0005099019203 0.007735849194 -5.798634498e-14 0 0 -53.40116794 0 0 -6531.530373
0.0029 0.0005099019203 0.007735849194 -5.868515992e-14 0 0 -54.33051285 0 0 -6667.684925
0.003 0.0005099019203 0.007735849194 -5.846260757e-14 0 0 -55.13074519 0 0 -6770.47488
0.0031 0.0005099019203 0.007735849194 -5.741081833e-14 0 0 -55.80790858 0 0 -6841.474447
0.0032 0.0005099019203 0.007735849194 -5.418845751e-14 0 0 -56.3678965 0 0 -6882.448127
0.0033 0.0005099019203 0.007735849194 -5.404147506e-14 0 0 -56.81641528 0 0 -6895.290276
0.0034 0.0005099019203 0.007735849194 -5.04643284e-14 0 0 -57.158995 0 0 -6881.975954
0.0035 0.0005099019203 0.007735849194 -4.785274366e-14 0 0 -57.40092279 0 0 -6844.50971
0.0036 0.0005099019203 0.007735849194 -4.56855853e-14 0 0 -57.54726498 0 0 -6784.895026
0.0037 0.0005099019203 0.007735849194 -4.130595766e-14 0 0 -57.60280194 0 0 -6705.09442
0.0038 0.0005099019203 0.007735849194 -3.898168025e-14 0 0 -57.57198313 0 0 -6607.008237
0.0039 0.0005099019203 0.007735849194 -3.563547929e-14 0 0 -57.45880662 0 0 -6492.444973
0.004 0.0005099019203 0.007735849194 -3.069429671e-14 0 0 -57.26701807 0 0 -6363.131981
0.0041 0.0005099019203 0.007735849194 -2.963337804e-14 0 0 -57.00003828 0 0 -6220.696447
0.0042 0.0005099019203 0.007735849194 -2.6114175e-14 0 0 -56.66111877 0 0 -6066.686814
0.0043 0.0005099019203 0.007735849194 -2.17469412e-14 0 0 -56.25323778 0 0 -5902.548853
0.0044 0.0005099019203 0.007735849194 -2.036680372e-14 0 0 -55.77914718 0 0 -5729.635278
0.0045 0.0005099019203 0.007735849194 -1.693737945e-14 0 0 -55.24143604 0 0 -5549.215825
0.0046 0.0005099019203 0.007735849194 -1.469703659e-14 0 0 -54.64239836 0 0 -5362.455238
0.0047 0.0005099019203 0.007735849194 -1.388387165e-14 0 0 -53.98422553 0 0 -5170.448394
0.0048 0.0005099019203 0.007735849194 -1.205334636e-14 0 0 -53.26887582 0 0 -4974.199721
0.0049 0.0005099019203 0.007735849194 -9.503077358e-15 0 0 -52.4982133 0 0 -4774.65054
0.005 0.0005099019203 0.007735849194 -8.222647563e-15 0 0 -51.67390715 0 0 -4572.661028
0.0051 0.0005099019203 0.007735849194 -6.015029113e-15 0 0 -50.8312847 0 0 -4374.836079
0.0052 0.0005099019203 0.007735849194 -5.483835137e-15 0 0 -50.03487557 0 0 -4191.921867
0.0053 0.0005099019203 0.007735849194 -4.734019602e-15 0 0 -49.27551229 0 0 -4021.486255
0.0054 0.0005099019203 0.007735849194 -3.745279287e-15 0 0 -48.55158708 0 0 -3862.527206
0.0055 0.0005099019203 0.007735849194 -3.035345558e-15 0 0 -47.86165229 0 0 -3714.147798
0.0056 0.0005099019203 0.007735849194 -2.066962329e-15 0 0 -47.20434298 0 0 -3575.533468
0.0057 0.0005099019203 0.007735849194 -2.1774762e-15 0 0 -46.57840962 0 0 -3445.950017
0.0058 0.0005099019203 0.007735849194 -7.632138226e-16 0 0 -45.98265033 0 0 -3324.725607
0.0059 0.0005099019203 0.007735849194 -5.207799964e-16 0 0 -45.41597379 0 0 -3211.254452
0.006 0.0005099019203 0.007735849194 -1.075746534e-15 0 0 -44.8773399 0 0 -3104.981576
0.0061 0.0005099019203 0.007735849194 3.511274498e-16 0 0 -44.3657841 0 0 -3005.402493
0.0062 0.0005099019203 0.007735849194 -3.703382629e-16 0 0 -43.88040211 0 0 -2912.056294
0.0063 0.0005099019203 0.007735849194 4.294346134e-16 0 0 -43.4203294 0 0 -2824.519214
0.0064 0.0005099019203 0.007735849194 8.38041269e-16 0 0 -42.98476815 0 0 -2742.404933
0.0065 0.0005099019203 0.007735849194 8.570838402e-16 0 0 -42.57296725 0 0 -2665.358934
0.0066 0.0005099019203 0.007735849194 6.929714978e-16 0 0 -42.18419751 0 0 -2593.053229
0.0067 0.0005099019203 0.007735849194 1.030528567e-15 0 0 -41.81779107 0 0 -2525.18823
0.0068 0.0005099019203 0.007735849194 1.42412462e-15 0 0 -41.47310672 0 0 -2461.486743
0.0069 0.0005099019203 0.007735849194 1.743380087e-15 0 0 -41.1495524 0 0 -2401.694842
0.007 0.0005099019203 0.007735849194 1.232910744e-15 0 0 -40.84654661 0 0 -2345.575973
0.0071 0.0005099019203 0.007735849194 1.27707982e-15 0 0 -40.56354373 0 0 -2292.911483
0.0072 0.0005099019203 0.007735849194 1.707231394e-15 0 0 -40.30004852 0 0 -2243.502231
0.0073 0.0005099019203 0.007735849194 2.25201187e-15 0 0 -40.0555365 0 0 -2197.157734
0.0074 0.0005099019203 0.007735849194 1.218332222e-15 0 0 -39.82957771 0 0 -2153.707971
0.0075 0.0005099019203 0.007735849194 1.355594149e-15 0 0 -39.62170213 0 0 -2112.989745
0.0076 0.0005099019203 0.007735849194 1.741788895e-15 0 0 -39.45710482 0 0 -2077.546452
0.0077 0.0005099019203 0.007735849194 2.245162179e-15 0 0 -39.38381344 0 0 -2052.158331
0.0078 0.0005099019203 0.007735849194 2.283038727e-15 0 0 -39.39435226 0 0 -2035.707357
0.0079 0.0005099019203 0.007735849194 2.051117387e-15 0 0 -39.48693301 0 0 -2027.752972
0.008 0.0005099019203 0.007735849194 3.191376729e-15 0 0 -39.65985537 0 0 -2027.924453
0.0081 0.0005099019203 0.007735849194 2.698785923e-15 0 0 -39.91144383 0 0 -2035.907031
0.0082 0.0005099019203 0.007735849194 3.154925222e-15 0 0 -40.24006273 0 0 -2051.436403
0.0083 0.0005099019203 0.007735849194 3.073252929e-15 0 0 -40.64409915 0 0 -2074.290403
0.0084 0.0005099019203 0.007735849194 2.870096709e-15 0 0 -41.12196456 0 0 -2104.283323
0.0085 0.0005099019203 0.007735849194 3.293617907e-15 0 0 -41.67208622 0 0 -2141.25863
0.0086 0.0005099019203 0.007735849194 3.674448155e-15 0 0 -42.29290159 0 0 -2185.08316
0.0087 0.0005099019203 0.007735849194 3.816355225e-15 0 0 -42.98284831 0 0 -2235.641159
0.0088 0.0005099019203 0.007735849194 4.305360845e-15 0 0 -43.74036825 0 0 -2292.829004
0.0089 0.0005099019203 0.007735849194 5.052030367e-15 0 0 -44.56392206 0 0 -2356.552205
0.009 0.0005099019203 0.007735849194 5.187243745e-15 0 0 -45.45193789 0 0 -2426.715373
0.0091 0.0005099019203 0.007735849194 5.729597274e-15 0 0 -46.40287769 0 0 -2503.223972
0.0092 0.0005099019203 0.007735849194 6.221891684e-15 0 0 -47.41520478 0 0 -2585.977689
0.0093 0.0005099019203 0.007735849194 7.318901233e-15 0 0 -48.48735729 0 0 -2674.862638
0.0094 0.0005099019203 0.007735849194 8.062797966e-15 0 0 -49.61779848 0 0 -2769.753595
0.0095 0.0005099019203 0.007735849194 9.156635668e-15 0 0 -50.8049904 0 0 -2870.50616
0.0096 0.0005099019203 0.007735849194 1.003653108e-14 0 0 -52.04737497 0 0 -2976.95299
0.0097 0.0005099019203 0.007735849194 1.188472437e-14 0 0 -53.34346426 0 0 -3088.907183
0.0098 0.0005099019203 0.007735849194 1.329417208e-14 0 0 -54.69172754 0 0 -3206.150055
0.0099 0.0005099019203 0.007735849194 1.507638011e-14 0 0 -56.09067697 0 0 -3328.434728
0.01 0.0005099019203 0.007735849194 1.64402498e-14 0 0 -57.53884258 0 0 -3455.482158
0.0101 0.0005099019203 0.007735849194 1.823757552e-14 0 0 -58.9756241 0 0 -3579.811329
0.0102 0.0005099019203 0.007735849194 2.048111926e-14 0 0 -60.28806479 0 0 -3687.320686
0.0103 0.0005099019203 0.007735849194 2.206438361e-14 0 0 -61.49179938 0 0 -3779.434895
0.0104 0.0005099019203 0.007735849194 2.3813423e-14 0 0 -62.58945525 0 0 -3856.164987
0.0105 0.0005099019203 0.007735849194 2.538574414e-14 0 0 -63.58363227 0 0 -3917.659237
0.0106 0.0005099019203 0.007735849194 2.730228623e-14 0 0 -64.4769041 0 0 -3964.186528
0.0107 0.0005099019203 0.007735849194 2.922973132e-14 0 0 -65.2718196 0 0 -3996.120748
0.0108 0.0005099019203 0.007735849194 3.103796124e-14 0 0 -65.97086848 0 0 -4013.925108
0.0109 0.0005099019203 0.007735849194 3.295098831e-14 0 0 -66.5764581 0 0 -4018.135226
0.011 0.0005099019203 0.007735849194 3.357226921e-14 0 0 -67.09094621 0 0 -4009.349911
0.0111 0.0005099019203 0.007735849194 3.566013113e-14 0 0 -67.51651952 0 0 -3988.212794
0.0112 0.0005099019203 0.007735849194 3.536760999e-14 0 0 -67.85521375 0 0 -3955.401499
0.0113 0.0005099019203 0.007735849194 3.6322199e-14 0 0 -68.10901496 0 0 -3911.62644
0.0114 0.0005099019203 0.007735849194 3.695089528e-14 0 0 -68.2798053 0 0 -3857.617917
0.0115 0.0005099019203 0.007735849194 3.742642042e-14 0 0 -68.36934451 0 0 -3794.117342
0.0116 0.0005099019203 0.007735849194 3.792940659e-14 0 0 -68.37937339 0 0 -3721.877654
0.0117 0.0005099019203 0.007735849194 3.75202839e-14 0 0 -68.31147852 0 0 -3641.648654
0.0118 0.0005099019203 0.007735849194 3.812905913e-14 0 0 -68.16724093 0 0 -3554.180818
0.0119 0.0005099019203 0.007735849194 3.769449838e-14 0 0 -67.94791941 0 0 -3460.205296
0.012 0.0005099019203 0.007735849194 3.70370596e-14 0 0 -67.65411874 0 0 -3360.416014
0.0121 0.0005099019203 0.007735849194 3.615777614e-14 0 0 -67.28625258 0 0 -3255.490523
0.0122 0.0005099019203 0.007735849194 3.58017324e-14 0 0 -66.84472351 0 0 -3146.096578
0.0123 0.0005099019203 0.007735849194 3.487551646e-14 0 0 -66.32997404 0 0 -3032.890147
0.0124 0.0005099019203 0.007735849194 3.301898292e-14 0 0 -65.74247178 0 0 -2916.513212
0.0125 0.0005099019203 0.007735849194 3.174407959e-14 0 0 -65.08277364 0 0 -2797.593761
0.0126 0.0005099019203 0.007735849194 3.111298216e-14 0 0 -64.3773113 0 0 -2678.881875
0.0127 0.0005099019203 0.007735849194 2.984638475e-14 0 0 -63.67556107 0 0 -2564.629797
0.0128 0.0005099019203 0.007735849194 2.758088341e-14 0 0 -62.97104565 0 0 -2454.182057
0.0129 0.0005099019203 0.007735849194 2.683603948e-14 0 0 -62.26299545 0 0 -2347.385859
0.013 0.0005099019203 0.007735849194 2.605696804e-14 0 0 -61.5507128 0 0 -2244.101862
0.0131 0.0005099019203 0.007735849194 2.566658273e-14 0 0 -60.83355948 0 0 -2144.201453
0.0132 0.0005099019203 0.007735849194 2.372642234e-14 0 0 -60.1109607 0 0 -2047.566503
0.0133 0.0005099019203 0.007735849194 2.25855359e-14 0 0 -59.38242393 0 0 -1954.089099
0.0134 0.0005099019203 0.007735849194 2.12470627e-14 0 0 -58.64748907 0 0 -1863.668058
0.0135 0.0005099019203 0.007735849194 2.012177067e-14 0 0 -57.90579765 0 0 -1776.212436
0.0136 0.0005099019203 0.007735849194 1.980269764e-14 0 0 -57.15703827 0 0 -1691.636677
0.0137 0.0005099019203 0.007735849194 1.862850502e-14 0 0 -56.40096153 0 0 -1609.861887
0.0138 0.0005099019203 0.007735849194 1.751566317e-14 0 0 -55.63731033 0 0 -1530.813038
0.0139 0.0005099019203 0.007735849194 1.659091785e-14 0 0 -54.86578146 0 0 -1454.418243
0.014 0.0005099019203 0.007735849194 1.56859362e-14 0 0 -54.08596572 0 0 -1380.606723
0.0141 0.0005099019203 0.007735849194 1.52510891e-14 0 0 -53.29744502 0 0 -1309.311711
0.0142 0.0005099019203 0.007735849194 1.398894365e-14 0 0 -52.49969336 0 0 -1240.467338
0.0143 0.0005099019203 0.007735849194 1.331706313e-14 0 0 -51.69214425 0 0 -1174.011348
0.0144 0.0005099019203 0.007735849194 1.179982652e-14 0 0 -50.8741818 0 0 -1109.883907
0.0145 0.0005099019203 0.007735849194 1.175543379e-14 0 0 -50.04507064 0 0 -1048.026485
0.0146 0.0005099019203 0.007735849194 1.132048819e-14 0 0 -49.20401973 0 0 -988.3833211
0.0147 0.0005099019203 0.007735849194 1.081808776e-14 0 0 -48.35010881 0 0 -930.9000637
0.0148 0.0005099019203 0.007735849194 1.029027633e-14 0 0 -47.48263043 0 0 -875.5292766
0.0149 0.0005099019203 0.007735849194 9.184382495e-15 0 0 -46.60241542 0 0 -822.2495668
0.015 0.0005099019203 0.007735849194 8.461410957e-15 0 0 -45.71068741 0 0 -771.0426667
0.0151 0.0005099019203 0.007735849194 8.239061155e-15 0 0 -44.81501401 0 0 -722.0924159
0.0152 0.0005099019203 0.007735849194 7.412047183e-15 0 0 -43.92824918 0 0 -675.7018476
0.0153 0.0005099019203 0.007735849194 6.869869004e-15 0 0 -43.04909981 0 0 -631.6923859
0.0154 0.0005099019203 0.007735849194 6.737577095e-15 0 0 -42.17748429 0 0 -589.9375187
0.0155 0.0005099019203 0.007735849194 6.360109389e-15 0 0 -41.31312273 0 0 -550.3159393
0.0156 0.0005099019203 0.007735849194 5.734202492e-15 0 0 -40.4555167 0 0 -512.7109536
0.0157 0.0005099019203 0.007735849194 5.210377558e-15 0 0 -39.60389949 0 0 -477.0106024
0.0158 0.0005099019203 0.007735849194 4.873465591e-15 0 0 -38.75715334 0 0 -443.1067136
0.0159 0.0005099019203 0.007735849194 4.545382705e-15 0 0 -37.91376387 0 0 -410.8956076
0.016 0.0005099019203 0.007735849194 4.444654083e-15 0 0 -37.07200286 0 0 -380.2796511
0.0161 0.0005099019203 0.007735849194 4.016420833e-15 0 0 -36.23097096 0 0 -351.175726
0.0162 0.0005099019203 0.007735849194 3.957009261e-15 0 0 -35.39013157 0 0 -323.5092857
0.0163 0.0005099019203 0.007735849194 3.586953027e-15 0 0 -34.5492332 0 7.105427358e-15 -297.2127174
0.0164 0.0005099019203 0.007735849194 3.373959948e-15 0 8.881784197e-16 -33.70833095 0 0 -272.2243779
0.0165 0.0005099019203 0.007735849194 3.406658874e-15 0 0 -32.86793663 0 0 -248.4889741
0.0166 0.0005099019203 0.007735849194 3.38153145e-15 0 0 -32.0290741 0 0 -225.9563161
0.0167 0.0005099019203 0.007735849194 3.067061509e-15 0 0 -31.19342822 0 0 -204.5812379
0.0168 0.0005099019203 0.007735849194 2.39410262e-15 0 0 -30.36339151 0 0 -184.3220484
0.0169 0.0005099019203 0.007735849194 2.518776413e-15 0 0 -29.54213706 0 0 -165.1395403
0.017 0.0005099019203 0.007735849194 2.070080284e-15 0 0 -28.73356955 0 -3.552713679e-15 -146.9950229
0.0171 0.0005099019203 0.007735849194 2.172368975e-15 0 0 -27.94223429 0 -3.552713679e-15 -129.8487119
0.0172 0.0005099019203 0.007735849194 2.106586253e-15 0 0 -27.17307883 0 0 -113.6575896
0.0173 0.0005099019203 0.007735849194 1.730263894e-15 0 0 -26.43060259 0 0 -98.37236658
0.0174 0.0005099019203 0.007735849194 1.79167821e-15 0 0 -25.71711062 0 0 -83.93470577
0.0175 0.0005099019203 0.007735849194 1.891031607e-15 0 0 -25.03426896 0 0 -70.28411296
0.0176 0.0005099019203 0.007735849194 1.405803592e-15 0 0 -24.38105241 0 0 -57.34823096
0.0177 0.0005099019203 0.007735849194 1.64540854e-15 0 0 -23.75419968 0 0 -45.05788788
0.0178 0.0005099019203 0.007735849194 1.479743279e-15 0 0 -23.15545788 0 0 -33.37571356
0.0179 0.0005099019203 0.007735849194 1.701229993e-15 0 0 -22.58547828 0 0 -22.25953019
0.018 0.0005099019203 0.007735849194 1.190651741e-15 0 0 -22.04443891 0 0 -11.66665549
0.0181 0.0005099019203 0.007735849194 1.446533764e-15 0 0 -21.53205467 0 0 -1.554742926
0.0182 0.0005099019203 0.007735849194 1.338277021e-15 0 0 -21.04767569 0 0 8.117355853
0.0183 0.0005099019203 0.007735849194 1.275441423e-15 0 0 -20.59036173 0 0 17.38898988
0.0184 0.0005099019203 0.007735849194 1.161152267e-15 0 0 -20.15897358 0 0 26.29731542
0.0185 0.0005099019203 0.007735849194 1.330499561e-15 0 0 -19.75222939 0 -8.881784197e-16 34.87702181
0.0186 0.0005099019203 0.007735849194 1.159806024e-15 0 0 -19.3688118 0 0 43.16036613
0.0187 0.0005099019203 0.007735849194 1.162556889e-15 0 0 -19.00804786 0 0 51.17946318
0.0188 0.0005099019203 0.007735849194 1.055503982e-15 0 0 -18.66995903 0 0 58.9679401
0.0189 0.0005099019203 0.007735849194 1.165524552e-15 0 0 -18.3541048 0 0 66.55744624
0.019 0.0005099019203 0.007735849194 9.40875251e-16 0 0 -18.05967329 0 0 73.97708689
0.0191 0.0005099019203 0.007735849194 1.014226795e-15 0 0 -17.78562234 0 0 81.25336916
0.0192 0.0005099019203 0.007735849194 1.107688504e-15 0 0 -17.53076932 0 0 88.41017218
0.0193 0.0005099019203 0.007735849194 9.51074967e-16 0 0 -17.29391088 0 0 95.4691978
0.0194 0.0005099019203 0.007735849194 1.157123401e-15 0 0 -17.07383771 0 0 102.45001
0.0195 0.0005099019203 0.007735849194 1.034459491e-15 0 0 -16.86940498 0 0 109.3705347
0.0196 0.0005099019203 0.007735849194 7.798753345e-16 0 0 -16.67952135 0 0 116.2470686
0.0197 0.0005099019203 0.007735849194 1.222570977e-15 0 -4.440892099e-16 -16.5031833 0 0 123.0947692
0.0198 0.0005099019203 0.007735849194 9.288103222e-16 0 -4.440892099e-16 -16.33945636 0 -3.552713679e-15 129.9275637
0.0199 0.0005099019203 0.007735849194 9.970268121e-16 0 0 -16.18749965 0 0 136.7587057
0.02 0.0005099019203 0.007735849194 9.414566002e-16 0 4.440892099e-16 -16.04651929 0 0 143.6003403
0.0201 0.0005099019203 0.007735849194 8.420788765e-16 0 0 -15.91751157 0 0 150.5007243
0.0202 0.0005099019203 0.007735849194 7.504552962e-16 0 0 -15.80312545 0 0 157.55243
0.0203 0.0005099019203 0.007735849194 7.137874516e-16 0 0 -15.7015866 0 0 164.7679187
0.0204 0.0005099019203 0.007735849194 1.051241321e-15 0 0 -15.61181351 0 0 172.1685375
0.0205 0.0005099019203 0.007735849194 8.824437386e-16 0 0 -15.53288251 0 0 179.7760594
0.0206 0.0005099019203 0.007735849194 1.065658044e-15 0 0 -15.46399284 0 0 187.6127527
0.0207 0.0005099019203 0.007735849194 8.919252071e-16 0 0 -15.4044211 0 0 195.7009176
0.0208 0.0005099019203 0.007735849194 9.194094608e-16 0 0 -15.35351846 0 0 204.0634974
0.0209 0.0005099019203 0.007735849194 1.065646404e-15 0 0 -15.31067348 0 0 212.7234426
0.021 0.0005099019203 0.007735849194 1.189636542e-15 0 0 -15.27531442 0 0 221.7041213
0.0211 0.0005099019203 0.007735849194 9.391084925e-16 0 0 -15.24688699 0 0 231.0291513
0.0212 0.0005099019203 0.007735849194 1.12005668e-15 0 0 -15.22483267 0 0 240.7219188
0.0213 0.0005099019203 0.007735849194 1.032309086e-15 0 0 -15.2086055 0 0 250.8062619
0.0214 0.0005099019203 0.007735849194 7.568203286e-16 0 0 -15.19767606 0 0 261.3062694
0.0215 0.0005099019203 0.007735849194 9.823987185e-16 0 0 -15.19182905 0 0 272.2520449
0.0216 0.0005099019203 0.007735849194 9.40877491e-16 0 0 -15.19101385 0 0 283.6781343
0.0217 0.0005099019203 0.007735849194 1.120636077e-15 0 0 -15.19517857 0 0 295.6208128
0.0218 0.0005099019203 0.007735849194 1.390787521e-15 0 0 -15.204275 0 0 308.1183653
0.0219 0.0005099019203 0.007735849194 1.175394286e-15 0 0 -15.21826578 0 0 321.2115753
0.022 0.0005099019203 0.007735849194 1.198627946e-15 0 0 -15.23712636 0 0 334.9438491
0.0221 0.0005099019203 0.007735849194 1.290548431e-15 0 0 -15.26083133 0 0 349.3613829
0.0222 0.0005099019203 0.007735849194 1.304895532e-15 0 0 -15.2893625 0 0 364.5133206
0.0223 0.0005099019203 0.007735849194 1.55247005e-15 0 0 -15.32271802 0 0 380.4526363
0.0224 0.0005099019203 0.007735849194 1.29597597e-15 0 0 -15.36090569 0 0 397.2360997
0.0225 0.0005099019203 0.007735849194 1.378123975e-15 0 0 -15.40393778 0 0 414.9245411
0.0226 0.0005099019203 0.007735849194 1.54838085e-15 0 0 -15.44736529 0 0 433.3309895
0.0227 0.0005099019203 0.007735849194 1.588614869e-15 0 0 -15.48271464 0 0 451.9879306
0.0228 0.0005099019203 0.007735849194 1.446021431e-15 0 0 -15.51115582 0 0 470.9349608
0.0229 0.0005099019203 0.007735849194 1.667964621e-15 0 0 -15.53284199 0 0 490.1578234
0.023 0.0005099019203 0.007735849194 1.599119129e-15 0 0 -15.5479308 0 0 509.6420135
0.0231 0.0005099019203 0.007735849194 1.761501797e-15 0 0 -15.55656353 0 0 529.3722763
0.0232 0.0005099019203 0.007735849194 1.828849314e-15 0 0 -15.55888524 0 0 549.3331975
0.0233 0.0005099019203 0.007735849194 1.875557814e-15 0 0 -15.55503554 0 0 569.5089818
0.0234 0.0005099019203 0.007735849194 1.833451046e-15 0 0 -15.54514939 0 0 589.8835269
0.0235 0.0005099019203 0.007735849194 2.101729935e-15 0 0 -15.52935084 0 0 610.4399477
0.0236 0.0005099019203 0.007735849194 1.924082777e-15 0 0 -15.50776676 0 0 631.1613109
0.0237 0.0005099019203 0.007735849194 1.966008188e-15 0 0 -15.48052399 0 0 652.030611
0.0238 0.0005099019203 0.007735849194 2.235652547e-15 0 0 -15.44774315 0 0 673.0301082
0.0239 0.0005099019203 0.007735849194 2.337878826e-15 0 0 -15.40959996 0 0 694.1446713
0.024 0.0005099019203 0.007735849194 2.383755755e-15 0 0 -15.36627475 0 0 715.3593321
0.0241 0.0005099019203 0.007735849194 2.221517215e-15 0 0 -15.31794359 0 0 736.6592132
0.0242 0.0005099019203 0.007735849194 2.532069398e-15 0 0 -15.264786 0 0 758.0299274
0.0243 0.0005099019203 0.007735849194 2.535400196e-15 0 0 -15.20697196 0 0 779.4567242
0.0244 0.0005099019203 0.007735849194 2.550783433e-15 0 0 -15.14467567 0 0 800.9252584
0.0245 0.0005099019203 0.007735849194 2.504757386e-15 0 0 -15.07805722 0 0 822.420941
0.0246 0.0005099019203 0.007735849194 2.445092428e-15 0 0 -15.00728473 0 0 843.9296042
0.0247 0.0005099019203 0.007735849194 2.588610141e-15 0 0 -14.93251486 0 0 865.4368987
0.0248 0.0005099019203 0.007735849194 2.720083802e-15 0 0 -14.8538929 0 0 886.9277927
0.0249 0.0005099019203 0.007735849194 2.562158754e-15 0 0 -14.77152186 0 0 908.3848851
0.025 0.0005099019203 0.007735849194 2.738409363e-15 0 0 -14.68545692 0 0 929.7876222
0.0251 0.0005099019203 0.007735849194 2.835557987e-15 0 0 -14.59109945 0 0 950.5049297
0.0252 0.0005099019203 0.007735849194 2.864105575e-15 0 0 -14.47966281 0 0 969.2538505
0.0253 0.0005099019203 0.007735849194 2.840208701e-15 0 0 -14.35242568 0 0 985.9994326
0.0254 0.0005099019203 0.007735849194 2.838651289e-15 0 0 -14.20961241 0 0 1000.57529
0.0255 0.0005099019203 0.007735849194 2.763107785e-15 0 0 -14.0514397 0 0 1012.815568
0.0256 0.0005099019203 0.007735849194 2.811047693e-15 0 0 -13.87809619 0 0 1022.55342
0.0257 0.0005099019203 0.007735849194 2.750900113e-15 0 0 -13.68975747 0 0 1029.624369
0.0258 0.0005099019203 0.007735849194 2.749842172e-15 0 0 -13.48660272 0 0 1033.867954
0.0259 0.0005099019203 0.007735849194 2.584595572e-15 0 0 -13.26897671 0 0 1035.143243
0.026 0.0005099019203 0.007735849194 2.549535654e-15 0 0 -13.03721721 0 0 1033.317291
0.0261 0.0005099019203 0.007735849194 2.66529094e-15 0 0 -12.7916249 0 0 1028.265401
0.0262 0.0005099019203 0.007735849194 2.590365484e-15 0 0 -12.53244204 0 0 1019.870657
0.0263 0.0005099019203 0.007735849194 2.23652586e-15 0 0 -12.2598471 0 0 1008.026743
0.0264 0.0005099019203 0.007735849194 2.251038882e-15 0 0 -11.97397009 0 0 992.6414628
0.0265 0.0005099019203 0.007735849194 2.081737947e-15 0 0 -11.67486362 0 0 973.6373895
0.0266 0.0005099019203 0.007735849194 2.074083315e-15 0 0 -11.36251822 0 0 950.9570647
0.0267 0.0005099019203 0.007735849194 1.990659791e-15 0 0 -11.03687026 0 0 924.5681432
0.0268 0.0005099019203 0.007735849194 1.756866622e-15 0 0 -10.69776273 0 0 894.4639838
0.0269 0.0005099019203 0.007735849194 1.615765361e-15 0 0 -10.34490753 0 0 860.6662646
0.027 0.0005099019203 0.007735849194 1.463438551e-15 0 0 -9.977940938 0 0 823.2357345
0.0271 0.0005099019203 0.007735849194 1.396947309e-15 0 0 -9.596502632 0 0 782.284732
0.0272 0.0005099019203 0.007735849194 1.262302594e-15 0 0 -9.200224344 0 0 737.9828402
0.0273 0.0005099019203 0.007735849194 1.124515613e-15 0 0 -8.788757623 0 0 690.5659763
0.0274 0.0005099019203 0.007735849194 9.69480933e-16 0 0 -8.361743553 0 0 640.339472
0.0275 0.0005099019203 0.007735849194 8.569111691e-16 0 0 -7.918846815 0 0 587.6863881
0.0276 0.0005099019203 0.007735849194 7.946324087e-16 0 0 -7.472579706 0 0 534.9140931
0.0277 0.0005099019203 0.007735849194 5.053747886e-16 0 0 -7.04738463 0 0 485.7849631
0.0278 0.0005099019203 0.007735849194 5.341652685e-16 0 0 -6.640221385 0 1.421085472e-14 439.8841305
0.0279 0.0005099019203 0.007735849194 3.934790148e-16 0 0 -6.250897163 0 0 397.1890124
0.028 0.0005099019203 0.007735849194 4.214567461e-16 0 0 -5.879261965 0 0 357.6569629
0.0281 0.0005099019203 0.007735849194 1.463925254e-16 0 0 -5.525194977 0 0 321.2249963
0.0282 0.0005099019203 0.007735849194 1.660636283e-16 0 0 -5.188621309 0 0 287.8132279
0.0283 0.0005099019203 0.007735849194 1.167842428e-16 0 0 -4.86948719 0 0 257.3241173
0.0284 0.0005099019203 0.007735849194 1.950876445e-16 0 0 -4.567759642 0 0 229.6455004
0.0285 0.0005099019203 0.007735849194 1.90383545e-17 0 0 -4.283419789 0 0 204.6523206
0.0286 0.0005099019203 0.007735849194 1.26520201e-16 0 0 -4.016453003 0 0 182.2085492
0.0287 0.0005099019203 0.007735849194 1.920868324e-17 0 0 -3.766856192 0 0 162.1703756
0.0288 0.0005099019203 0.007735849194 -5.859812926e-17 0 0 -3.534635747 0 0 144.3889141
0.0289 0.0005099019203 0.007735849194 2.660584065e-17 0 0 -3.319802473 0 0 128.7124415
0.029 0.0005099019203 0.007735849194 7.85251831e-17 0 0 -3.122372896 0 0 114.9893934
0.0291 0.0005099019203 0.007735849194 4.536889323e-17 0 0 -2.942372409 0 0 103.071118
0.0292 0.0005099019203 0.007735849194 1.169301615e-16 0 0 -2.779820949 0 0 92.81355375
0.0293 0.0005099019203 0.007735849194 -8.62972291e-17 0 0 -2.634751272 0 0 84.08084806
0.0294 0.0005099019203 0.007735849194 -8.168874237e-17 0 0 -2.50719164 0 0 76.74657823
0.0295 0.0005099019203 0.007735849194 6.941614248e-17 0 0 -2.397174327 0 0 70.69649628
0.0296 0.0005099019203 0.007735849194 7.796901019e-17 0 0 -2.304731668 0 0 65.83020994
0.0297 0.0005099019203 0.007735849194 -4.903890703e-17 0 -1.110223025e-16 -2.229895799 0 0 62.06313399
0.0298 0.0005099019203 0.007735849194 4.541627088e-17 0 0 -2.172700502 0 0 59.32830636
0.0299 0.0005099019203 0.007735849194 1.732086052e-16 0 0 -2.133183936 0 0 57.57813713
0.03 0.0005099019203 0.007735849194 -1.151491008e-16 0 0 -2.111377657 0 0 56.78540371
0.0301 0.0005099019203 0.007735849194 5.332132621e-17 0 0 -2.098661041 0 0 56.47790696
0.0302 0.0005099019203 0.007735849194 -1.172606993e-16 0 0 -2.078343586 0 0 55.7570796
0.0303 0.0005099019203 0.007735849194 5.976319648e-17 0 0 -2.05229919 0 0 54.72565923
0.0304 0.0005099019203 0.007735849194 -6.337721406e-17 0 0 -2.02051711 0 0 53.38804694
0.0305 0.0005099019203 0.007735849194 -5.653268778e-17 0 0 -1.982979758 0 0 51.75133676
0.0306 0.0005099019203 0.007735849194 -1.017615204e-16 0 0 -1.939669401 0 0 49.82588394
0.0307 0.0005099019203 0.007735849194 5.469830576e-17 0 0 -1.890571784 0 0 47.62563092
0.0308 0.0005099019203 0.007735849194 -1.307963499e-16 0 0 -1.83566787 0 0 45.16780361
0.0309 0.0005099019203 0.007735849194 2.42115263e-17 0 0 -1.77494308 0 0 42.47363005
0.031 0.0005099019203 0.007735849194 -1.230648663e-17 0 0 -1.708380036 0 0 39.56798635
0.0311 0.0005099019203 0.007735849194 -5.836375428e-17 0 0 -1.635963772 0 0 36.47984861
0.0312 0.0005099019203 0.007735849194 3.8038219e-17 0 0 -1.557680997 0 0 33.24227858
0.0313 0.0005099019203 0.007735849194 2.801133468e-17 0 0 -1.473517914 0 0 29.89245762
0.0314 0.0005099019203 0.007735849194 3.107311588e-17 0 0 -1.383464255 0 0 26.47182461
0.0315 0.0005099019203 0.007735849194 -7.77758228e-17 0 0 -1.287510882 0 0 23.02599232
0.0316 0.0005099019203 0.007735849194 -6.721518905e-17 0 0 -1.185651801 0 8.881784197e-16 19.6047838
0.0317 0.0005099019203 0.007735849194 -6.240400317e-17 0 0 -1.077882358 0 0 16.26206052
0.0318 0.0005099019203 0.007735849194 5.087721413e-17 0 0 -0.9642025883 0 0 13.05568357
0.0319 0.0005099019203 0.007735849194 2.613773284e-17 0 0 -0.8446141947 0 0 10.04723366
0.032 0.0005099019203 0.007735849194 4.429958167e-17 0 0 -0.7191240205 0 0 7.301828455
0.0321 0.0005099019203 0.007735849194 9.005626107e-12 0 0 -0.5877416424 0 0 4.887765565
0.0322 0.0005099019203 0.007735849194 5.387026308e-12 0 0 -0.4504843551 0 0 2.87620974
0.0323 0.0005099019203 0.007735849194 2.541513309e-12 0 0 -0.3074095201 0 0 1.340977405
0.0324 0.0005099019203 0.007735849194 6.8611333e-13 0 0 -0.1590938496 0 0 0.3594291883
0.0325 0.0005099019203 0.007735849194 7.090855122e-07 0 0 -0.07090924973 0 0 0.07142258732
0.0326 0.0005099019203 0.007735849194 6.915063049e-07 0 0 -0.0691512955 0 0 0.06794081517
0.0327 0.0005099019203 0.007735849194 6.635420977e-07 0 0 -0.06635482224 0 0 0.06257067326
0.0328 0.0005099019203 0.007735849194 6.348283085e-07 0 0 -0.06348339156 0 0 0.05728457338
0.0329 0.0005099019203 0.007735849194 6.06058583e-07 0 0 -0.06060636942 0 0 0.052220551
0.033 0.0005099019203 0.007735849194 5.772826421e-07 0 0 -0.05772872803 0 0 0.04738843848
0.0331 0.0005099019203 0.007735849194 5.485040304e-07 0 0 -0.05485082183 0 0 0.04278920766
0.0332 0.0005099019203 0.007735849194 5.197234265e-07 0 0 -0.05197271869 0 0 0.03842326423
0.0333 0.0005099019203 0.007735849194 4.909409239e-07 0 0 -0.04909442799 0 0 0.03429091621
0.0334 0.0005099019203 0.007735849194 4.621566171e-07 0 0 -0.04621595915 0 0 0.03039245539
0.0335 0.0005099019203 0.007735849194 4.333704394e-07 0 0 -0.0433373055 0 0 0.02672814732
0.0336 0.0005099019203 0.007735849194 4.045826676e-07 0 0 -0.04045849475 0 0 0.02329826371
0.0337 0.0005099019203 0.007735849194 3.757932568e-07 0 0 -0.03757952243 0 0 0.02010303963
0.0338 0.0005099019203 0.007735849194 3.470024639e-07 0 0 -0.03470041416 0 0 0.01714271092
0.0339 0.0005099019203 0.007735849194 3.18210384e-07 0 0 -0.03182117949 0 0 0.01441748703
0.034 0.0005099019203 0.007735849194 2.89417005e-07 0 0 -0.02894181722 0 0 0.01192755649
0.0341 0.0005099019203 0.007735849194 2.606224545e-07 0 0 -0.02606234012 0 0 0.009673098283
0.0342 0.0005099019203 0.007735849194 2.318270333e-07 0 0 -0.02318277824 0 0 0.007654280022
0.0343 0.0005099019203 0.007735849194 2.030306543e-07 0 0 -0.02030312289 0 0 0.005871238173
0.0344 0.0005099019203 0.007735849194 1.742334457e-07 0 0 -0.0174233869 0 0 0.004324100971
0.0345 0.0005099019203 0.007735849194 1.454356444e-07 0 0 -0.01454359392 0 0 0.003012981763
0.0346 0.0005099019203 0.007735849194 1.16637184e-07 0 0 -0.01166373737 0 0 0.001937969926
0.0347 0.0005099019203 0.007735849194 8.783832404e-08 0 0 -0.008783843142 0 0 0.001099144929
0.0348 0.0005099019203 0.007735849194 5.903908415e-08 0 0 -0.005903913277 0 0 0.0004965649139
0.0349 0.0005099019203 0.007735849194 3.02395938e-08 0 0 -0.003023960654 0 0 0.0001302730745
0.035 0.0005099019203 0.007735849194 1.439982649e-09 0 0 -0.0001439982543 0 0 2.954056839e-07
