t px py theta vx vy omega ax ay alpha 
0.0001 0.1886964564 -0.03491630306 -3.47985271e-06 -0.01422776156 -0.01312027326 -0.06953088813 -160.2344227 -147.7525648 -783.0156117
0.0002 0.1886941811 -0.03491840109 -1.459840574e-05 -0.03556903654 -0.03279665966 -0.1738062555 -355.6846229 -327.9037057 -1737.734854
0.0003 0.1886893076 -0.03492289418 -3.840959346e-05 -0.05690919978 -0.05246087206 -0.2780181886 -21.19664117 -19.39243591 -102.7851836
0.0004 0.1886832712 -0.03492845795 -6.789509928e-05 -0.06402109648 -0.05899928619 -0.3126704446 -67.91671439 -62.40295738 -330.7265116
0.0005 0.1886765156 -0.03493468261 -0.0001008831639 -0.07113237243 -0.06553091101 -0.3472873238 -77.87122711 -71.50918914 -378.9921093
0.0006 0.1886690658 -0.03494154449 -0.0001372484949 -0.07824296751 -0.07205509255 -0.3818654185 -168.9650111 -155.3243956 -823.1890197
0.0007 0.1886611842 -0.03494880136 -0.0001757073538 -0.08269351032 -0.07612408348 -0.4034324432 -1331.759038 -1225.649791 -6495.568316
0.0008 0.1886399235 -0.03496836282 -0.0002793776148 -0.3464777979 -0.3186187439 -1.688606304 -2515.178973 -2307.50882 -12229.79622
0.0009 0.1885923602 -0.03501205056 -0.0005109175697 -0.604122766 -0.5542501325 -2.937524776 -2538.856508 -2312.828793 -12259.58998
0.001 0.1885193264 -0.03507893533 -0.0008654184196 -0.8555447515 -0.7821133121 -4.145472208 -2482.37184 -2236.601496 -11857.95998
0.0011 0.1884214636 -0.03516818537 -0.001338495432 -1.100668821 -1.001409747 -5.30828699 -2419.48754 -2147.714838 -11389.8902
0.0012 0.1882994059 -0.03527890773 -0.00192544626 -1.339429026 -1.211453444 -6.422393439 -2355.561605 -2052.153623 -10886.99165
0.0013 0.1881537928 -0.03541014759 -0.002621245926 -1.571768544 -1.411674263 -7.484818958 -2291.125098 -1951.483806 -10357.45391
0.0014 0.1879852688 -0.03556089898 -0.003420602924 -1.797639639 -1.601618052 -8.493194694 -2226.256062 -1846.845491 -9807.210113
0.0015 0.1877944828 -0.03573011626 -0.004318018573 -2.017003458 -1.780944044 -9.445741938 -2161.041893 -1739.351288 -9242.05096
0.0016 0.1875820871 -0.03591672513 -0.00530784463 -2.229829704 -1.949419923 -10.3412464 -2095.446111 -1629.949341 -8666.900397
0.0017 0.1873487365 -0.03611963324 -0.006384338419 -2.436096197 -2.10691499 -11.17902263 -2029.787478 -1519.827667 -8087.962188
0.0018 0.187095088 -0.0363377399 -0.007541713184 -2.635788353 -2.253391944 -11.95887126 -1964.019055 -1409.769372 -7509.301105
0.0019 0.1868217993 -0.03656994498 -0.008774184716 -2.828898608 -2.388897681 -12.68103106 -1898.208039 -1300.568371 -6935.048808
0.002 0.1865295287 -0.03681515686 -0.01007601249 -3.015425812 -2.513553575 -13.34612843 -1832.41546 -1192.919965 -6368.823897
0.0021 0.1862189344 -0.03707229935 -0.0114415357 -3.195374606 -2.627545597 -13.95512593 -1766.576829 -1087.322734 -5813.211018
0.0022 0.1858906737 -0.03734031768 -0.0128652047 -3.368754812 -2.731114556 -14.50927162 -1700.979699 -984.4753048 -5271.867744
0.0023 0.1855454029 -0.03761818352 -0.01434160666 -3.535580833 -2.82454677 -15.01005046 -1635.54755 -884.6881084 -4746.40039
0.0024 0.1851837764 -0.03790489908 -0.01586548736 -3.695871091 -2.908165275 -15.45913867 -1570.317848 -788.2867622 -4238.505352
0.0025 0.1848064468 -0.03819950038 -0.01743176797 -3.849647497 -2.982321761 -15.8583618 -1505.263636 -695.4739881 -3749.23485
0.0026 0.1844140861 -0.03850104299 -0.01903546916 -3.996143682 -3.04678867 -16.20646179 -1421.534785 -592.2334752 -3203.994256
0.0027 0.1840075036 -0.03880851684 -0.02067125709 -4.134130467 -3.101060524 -16.50069415 -1338.269415 -494.0340416 -2684.971566
0.0028 0.1835875384 -0.03912093497 -0.02233391522 -4.263805781 -3.145758373 -16.7443028 -1255.308936 -400.7585247 -2191.547956
0.0029 0.1831550193 -0.0394373652 -0.02401851239 -4.385215275 -3.181385585 -16.93990638 -1172.908461 -312.5816242 -1724.661032
0.003 0.1827107708 -0.03975692533 -0.0257203774 -4.498400358 -3.208438664 -17.09008813 -1090.90548 -229.3245818 -1283.373402
0.0031 0.1822556129 -0.04007878277 -0.02743509726 -4.603410795 -3.227412309 -17.19742336 -1009.369976 -150.9417198 -867.4614685
0.0032 0.1817903608 -0.04040215364 -0.02915851268 -4.700292573 -3.238787333 -17.26441563 -928.3685708 -77.35411279 -476.5290559
0.0033 0.1813158251 -0.04072630161 -0.03088671189 -4.789092332 -3.243031366 -17.29350086 -847.730298 -8.296589709 -109.1906741
0.0034 0.1808328114 -0.04105053648 -0.03261602353 -4.869859452 -3.240598272 -17.28704454 -767.692534 56.23333593 234.5360991
0.0035 0.1803421207 -0.04137421236 -0.03434300723 -4.94264114 -3.231923403 -17.24731662 -688.0216758 116.5684521 556.3931993
0.0036 0.179844549 -0.04169672628 -0.03606444644 -5.007488079 -3.217426322 -17.17650624 -608.950417 172.7397903 856.5115175
0.0037 0.1793408874 -0.04201751601 -0.03777733731 -5.06444608 -3.197504779 -17.07668963 -530.3007531 225.0516336 1136.479452
0.0038 0.1788319224 -0.04233605833 -0.0394788796 -5.11356411 -3.172539628 -16.94985643 -452.1269013 273.6588545 1397.087782
0.0039 0.1783184356 -0.04265186705 -0.0411664667 -5.154889486 -3.142891647 -16.7978927 -374.4814919 318.719081 1639.141955
0.004 0.177801204 -0.04296449117 -0.04283767585 -5.188468921 -3.108902374 -16.62258533 -297.1837442 360.5299745 1864.196425
0.0041 0.1772809999 -0.04327351275 -0.04449025758 -5.214347264 -3.070893674 -16.4256197 -220.4582141 399.1394188 2072.471399
0.0042 0.176758591 -0.04357854532 -0.04612212704 -5.232570876 -3.029170137 -16.20859233 -144.064609 434.8697581 2265.655592
0.0043 0.1762347406 -0.04387923178 -0.04773135356 -5.243184064 -2.984017454 -15.97300216 -68.22495504 467.7654315 2443.952591
0.0044 0.1757102077 -0.04417524271 -0.04931615171 -5.246229007 -2.93570298 -15.72025334 7.186647176 498.0685671 2608.624983
0.0045 0.1751857468 -0.04446627471 -0.05087487284 -5.241750287 -2.884478865 -15.45167189 82.29624338 526.0114808 2760.884854
0.0046 0.1746621085 -0.04475204857 -0.05240599551 -5.229786755 -2.830578122 -15.1684845 156.8850164 551.6285997 2900.886126
0.0047 0.1741400389 -0.04503230772 -0.05390811764 -5.210379522 -2.774219704 -14.87184549 231.1952639 575.2025864 3030.114104
0.0048 0.1736202807 -0.04530681666 -0.05537994823 -5.183566145 -2.715605923 -14.56282285 305.0101878 596.7610272 3148.689013
0.0049 0.1731035725 -0.04557535941 -0.05682029943 -5.149386296 -2.654926074 -14.24241749 378.5727093 616.5709841 3258.016541
0.005 0.1725906492 -0.0458377381 -0.05822807921 -5.107873684 -2.592352775 -13.91154343 451.4393457 634.5371161 3357.560392
0.0051 0.1720821368 -0.04609382427 -0.05960256705 -5.062871556 -2.529941211 -13.58122407 433.2402057 606.2204457 3208.670717
0.0052 0.1715779847 -0.04634383286 -0.06094488587 -5.020472702 -2.470676455 -13.26749783 414.8763934 579.3737447 3067.4219
0.0053 0.1710779811 -0.04658804675 -0.0622565255 -4.979900413 -2.414024128 -12.96751967 396.6619839 553.9317519 2933.496869
0.0054 0.1705819441 -0.0468267203 -0.06353882478 -4.941137841 -2.359847646 -12.68057718 378.5898384 529.7971733 2806.390621
0.0055 0.1700896934 -0.04706009473 -0.06479305421 -4.904172236 -2.308021333 -12.40601489 360.7102342 506.9089175 2685.79105
0.0056 0.1696010499 -0.04728839912 -0.06602042072 -4.868990332 -2.258427342 -12.14321784 342.9602754 485.1594076 2571.134841
0.0057 0.1691158359 -0.04751185109 -0.0672220716 -4.835580571 -2.210955989 -11.89161353 325.2778464 464.450029 2461.905353
0.0058 0.168633875 -0.04773065768 -0.0683990988 -4.803928529 -2.165502983 -11.65065717 307.714537 444.7405975 2357.898997
0.0059 0.1681549917 -0.04794501587 -0.06955254179 -4.774023672 -2.121971976 -11.41984546 290.3786034 426.0206198 2259.071011
0.006 0.1676790121 -0.04815511322 -0.07068339078 -4.745854788 -2.080271921 -11.19870252 273.0396254 408.1331943 2164.587826
0.0061 0.167205763 -0.04836112853 -0.07179259019 -4.719411086 -2.040317099 -10.98678012 255.8066383 391.0781818 2074.45849
0.0062 0.1667350724 -0.04856323225 -0.07288104077 -4.694682164 -2.002026691 -10.78365544 238.7884363 374.8566369 1988.697989
0.0063 0.1662667695 -0.04876158693 -0.07394960192 -4.671657985 -1.965324386 -10.58892906 221.7562886 359.3286943 1906.561599
0.0064 0.1658006841 -0.04895634775 -0.07499909445 -4.650328847 -1.930138008 -10.40222301 204.819642 344.5033273 1828.105487
0.0065 0.1653366472 -0.04914766289 -0.07603030249 -4.630685359 -1.896399193 -10.22317907 188.0876585 330.3898396 1753.387281
0.0066 0.1648744909 -0.04933567379 -0.07704397489 -4.612718421 -1.864043104 -10.05145734 171.3330771 316.8618987 1681.732922
0.0067 0.1644140477 -0.04952051564 -0.07804082776 -4.596419201 -1.833008142 -9.886734715 154.6656006 303.9348937 1613.231704
0.0068 0.1639551515 -0.04970231758 -0.07902154532 -4.581778002 -1.80323528 -9.728701306 138.1386951 291.6018385 1547.852018
0.0069 0.1634976368 -0.04988120305 -0.07998678199 -4.568788711 -1.774669585 -9.577068754 121.6941532 279.8136604 1485.334782
0.007 0.1630413388 -0.05005729004 -0.08093716353 -4.557442075 -1.747257362 -9.431554827 105.2741002 268.5241361 1425.43581
0.0071 0.1625860937 -0.05023069133 -0.0818732883 -4.547729047 -1.720947323 -9.291889762 88.93248985 257.7322325 1368.154426
0.0072 0.1621317385 -0.05040151474 -0.08279572856 -4.539644105 -1.695691651 -9.15782208 72.77890931 247.4585225 1313.606389
0.0073 0.1616781107 -0.0505698633 -0.08370503138 -4.533177444 -1.671442897 -9.029101808 56.5889118 237.5993162 1261.236154
0.0074 0.161225049 -0.0507358355 -0.0846017199 -4.52832387 -1.648157165 -8.90549777 40.47246234 228.1787149 1211.177892
0.0075 0.1607723923 -0.05089952545 -0.08548629418 -4.525073884 -1.625790687 -8.786779058 24.31714655 219.1396256 1163.126956
0.0076 0.1603198886 -0.05106105565 -0.08635940833 -4.52674164 -1.605475887 -8.679073211 -71.0130613 182.7059034 966.9009156
0.0077 0.1598666996 -0.05122074841 -0.08722279749 -4.538610444 -1.588948965 -8.591780829 -166.263844 148.1624141 780.7003701
0.0078 0.1594118485 -0.05137895785 -0.08807837063 -4.559974581 -1.57577811 -8.522585882 -260.953375 115.5644006 604.845458
0.0079 0.1589543879 -0.05153601021 -0.08892788772 -4.590794605 -1.565776836 -8.470496713 -355.3594193 84.77243091 438.5960061
0.008 0.1584933741 -0.05169221333 -0.08977301072 -4.631032171 -1.558762762 -8.434542512 -449.3701621 55.79334683 282.0016343
0.0081 0.1580278673 -0.05184785686 -0.09061530492 -4.680646519 -1.554555458 -8.413761825 -542.8723559 28.64139259 135.1512657
0.0082 0.1575569319 -0.05200321258 -0.0914562401 -4.739598706 -1.552977018 -8.40720571 -636.08181 3.229457846 -2.415479706
0.0083 0.1570796361 -0.05215853448 -0.09229719133 -4.807847009 -1.553849738 -8.413925231 -728.8815577 -20.41085795 -130.5171293
0.0084 0.1565950525 -0.05231405883 -0.09313943884 -4.885350069 -1.556996467 -8.432973437 -821.153406 -42.24279231 -248.9444795
0.0085 0.1561022574 -0.05247000418 -0.09398416813 -4.972066713 -1.5622399 -8.463401526 -913.1074534 -62.32869048 -358.0253169
0.0086 0.1556003319 -0.05262657124 -0.09483246924 -5.067952515 -1.569400922 -8.504249936 -1004.512644 -80.58527351 -457.2987644
0.0087 0.1550883611 -0.05278394278 -0.09568533597 -5.172964035 -1.578299471 -8.554552979 -1095.575686 -97.06203069 -547.0231657
0.0088 0.1545654349 -0.05294228343 -0.09654366482 -5.287054297 -1.588752691 -8.613328843 -1186.172708 -111.7013202 -626.876216
0.0089 0.1540306476 -0.05310173946 -0.09740825368 -5.410177044 -1.600575874 -8.679584676 -1276.17904 -124.4436919 -696.525324
0.009 0.1534830985 -0.05326243846 -0.09827979984 -5.542282242 -1.613580801 -8.752307541 -1365.796976 -135.3243195 -756.1505262
0.0091 0.1529218919 -0.0534244891 -0.0991588989 -5.683319246 -1.62757643 -8.830468085 -1454.899524 -144.2775465 -805.384624
0.0092 0.1523461371 -0.05358798075 -0.1000460423 -5.833236699 -1.642368645 -8.913019159 -1543.359205 -151.2377493 -843.8597854
0.0093 0.1517549488 -0.0537529832 -0.1009416157 -5.991979163 -1.657759135 -8.998889627 -1631.374597 -156.2305232 -871.7024248
0.0094 0.1511474473 -0.05391954624 -0.1018458969 -6.159491395 -1.673546501 -9.08699032 -1718.816398 -159.1869985 -888.5255959
0.0095 0.1505227586 -0.0540876993 -0.1027590533 -6.335713919 -1.689524958 -9.176206883 -1805.555204 -160.0401633 -893.9513757
0.0096 0.1498800147 -0.05425745105 -0.10368114 -6.520586224 -1.705485194 -9.265404374 -1891.786613 -158.8100171 -888.0734698
0.0097 0.1492183535 -0.05442878906 -0.1046120974 -6.714046701 -1.721214324 -9.353426918 -1977.325779 -155.4146876 -870.4313876
0.0098 0.1485369196 -0.0546016794 -0.1055517491 -6.916030421 -1.736495354 -9.439094679 -2062.204452 -149.8307076 -840.8808688
0.0099 0.1478348641 -0.05477606621 -0.1064997998 -7.126469114 -1.751107268 -9.521204244 -2146.453774 -142.0342309 -799.2746945
0.01 0.1471113448 -0.05495187142 -0.1074558325 -7.345293292 -1.764825651 -9.598531928 -2229.457874 -131.8456739 -744.6177521
0.0101 0.146365764 -0.05512893865 -0.1084190044 -7.563871986 -1.775426726 -9.658974007 -2107.609026 -72.41103097 -421.9240534
0.0102 0.1455990438 -0.05530674729 -0.1093864892 -7.768518426 -1.779804761 -9.685607132 -1985.554746 -15.63136998 -113.3000247
0.0103 0.1448124674 -0.0554847146 -0.1103551196 -7.961007001 -1.778645564 -9.68212606 -1864.253976 38.36687846 180.5379214
0.0104 0.1440072475 -0.05566230068 -0.1113219576 -8.141397724 -1.772227101 -9.650009389 -1743.635642 89.53621857 459.3120552
0.0105 0.1431845908 -0.05583899379 -0.1122842154 -8.309756201 -1.760834096 -9.590774562 -1623.678318 137.8366737 722.7824516
0.0106 0.142345697 -0.05601431089 -0.1132392578 -8.466148917 -1.744755078 -9.505962106 -1504.356769 183.2457886 970.802032
0.0107 0.1414917594 -0.05618779793 -0.114184605 -8.610646033 -1.724281275 -9.397129841 -1385.748583 225.7356776 1203.19205
0.0108 0.1406239637 -0.05635903003 -0.1151179333 -8.743320987 -1.699704973 -9.265844111 -1267.873937 265.3054278 1419.919127
0.0109 0.1397434887 -0.05652761152 -0.1160370755 -8.864246922 -1.671317451 -9.113668673 -1150.749421 301.9672571 1621.020424
0.011 0.1388515053 -0.05669317579 -0.1169400207 -8.973499531 -1.639408372 -8.942161448 -1034.388124 335.7452385 1806.597156
0.0111 0.1379491771 -0.05685538505 -0.1178249132 -9.071156705 -1.60426466 -8.752868434 -918.7998163 366.6737542 1976.806614
0.0112 0.1370376598 -0.05701393 -0.1186900507 -9.157295042 -1.566168977 -8.547315399 -804.0968583 394.7776245 2131.75415
0.0113 0.1361181013 -0.0571685294 -0.1195338827 -9.231992722 -1.525399495 -8.327006605 -690.0716029 420.1441159 2271.886475
0.0114 0.1351916418 -0.05731892958 -0.1203550078 -9.295329218 -1.482229187 -8.093420819 -576.8308402 442.8114583 2397.383647
0.0115 0.1342594135 -0.05746490382 -0.121152171 -9.347381865 -1.436924718 -7.848005216 -464.3730374 462.8416226 2508.556453
0.0116 0.1333225407 -0.05760625179 -0.1219242602 -9.388229822 -1.389746655 -7.59217634 -352.6941541 480.3011999 2605.74231
0.0117 0.1323821403 -0.05774279888 -0.1226703037 -9.417949631 -1.340948409 -7.327314218 -241.7879392 495.2600909 2689.298305
0.0118 0.131439321 -0.05787439543 -0.1233894654 -9.436618153 -1.290776416 -7.054763157 -131.6459641 507.7911841 2759.599589
0.0119 0.1304951843 -0.05800091609 -0.1240810422 -9.444312343 -1.239469835 -6.775829928 -22.30993059 517.962897 2816.998717
0.012 0.1295508238 -0.05812225904 -0.1247444595 -9.441105932 -1.187259939 -6.491780233 86.28478407 525.8594377 2861.936501
0.0121 0.1286073259 -0.05823834519 -0.1253792673 -9.427072376 -1.134370388 -6.203840012 194.2042343 531.5652551 2894.857093
0.0122 0.1276657697 -0.05834911745 -0.1259851362 -9.40228468 -1.081017093 -5.913194494 301.411989 535.1527885 2916.140993
0.0123 0.126727227 -0.05845453988 -0.126561853 -9.366812121 -1.02740776 -5.620985502 407.9252523 536.7017775 2926.210638
0.0124 0.1257927629 -0.05855459694 -0.1271093168 -9.320723224 -0.973742221 -5.328313065 513.7627004 536.2925519 2925.493689
0.0125 0.1248634358 -0.05864929266 -0.1276275344 -9.264085608 -0.9202123548 -5.036234782 618.6861545 533.9802137 2914.281694
0.0126 0.1239401816 -0.05873866077 -0.128116676 -9.201133359 -0.8673891089 -4.747884189 623.5424689 520.9181821 2844.135869
0.0127 0.1230231931 -0.05882281644 -0.1285773585 -9.138561928 -0.8159361556 -4.466904921 628.0338819 508.2028215 2775.769693
0.0128 0.1221124846 -0.05890188987 -0.1290102822 -9.075532091 -0.7657396729 -4.192685349 632.5971033 495.775576 2708.870788
0.0129 0.1212081021 -0.05897600532 -0.1294161161 -9.012041852 -0.7167721049 -3.925085303 637.1801678 483.6169569 2643.338737
0.013 0.1203100918 -0.05904528437 -0.1297955154 -8.948089255 -0.6690073143 -3.663971768 641.8339505 471.717022 2579.125091
0.0131 0.1194184999 -0.05910984604 -0.1301491224 -8.883672379 -0.6224205014 -3.409218468 646.5067288 460.0584695 2516.140816
0.0132 0.118533373 -0.05916980694 -0.1304775671 -8.818789332 -0.5769881255 -3.160705463 651.1471285 448.6257312 2454.306098
0.0133 0.1176547577 -0.0592252814 -0.1307814677 -8.75343927 -0.5326878927 -2.918319109 655.8571625 437.4142865 2393.601387
0.0134 0.1167827009 -0.05927638154 -0.1310614314 -8.687618315 -0.4894984462 -2.681950389 660.534446 426.4065971 2333.93559
0.0135 0.1159172498 -0.05932321744 -0.1313180549 -8.621326685 -0.4473997314 -2.451496927 665.2807722 415.5985264 2275.290807
0.0136 0.1150584515 -0.0593658972 -0.1315519247 -8.554561566 -0.4063725181 -2.226860404 670.0449237 404.9771454 2217.600758
0.0137 0.1142063535 -0.05940452704 -0.1317636177 -8.487321175 -0.366398582 -2.00794756 674.8267433 394.5332495 2160.819366
0.0138 0.1133610034 -0.05943921143 -0.131953702 -8.419603748 -0.3274605963 -1.794669633 679.5248121 384.2541897 2104.881486
0.0139 0.1125224489 -0.05947005313 -0.1321227366 -8.351407531 -0.2895420816 -1.586942092 684.3417213 374.1400311 2049.791473
0.014 0.111690738 -0.0594971533 -0.1322712727 -8.282730781 -0.2526273602 -1.384684411 689.1759487 364.1785866 1995.486359
0.0141 0.1108659189 -0.05952061157 -0.1323998533 -8.213572774 -0.2167015442 -1.187820017 694.0274425 354.362543 1941.929726
0.0142 0.1100480398 -0.0595405261 -0.132509014 -8.143929765 -0.1817503821 -0.9962754671 698.8457192 344.6836007 1889.079591
0.0143 0.1092371493 -0.05955699368 -0.1325992834 -8.07380205 -0.1477604085 -0.8099812832 703.6812857 335.1368148 1836.91221
0.0144 0.1084332958 -0.05957010978 -0.132671183 -8.003186902 -0.1147187301 -0.6288707958 708.5843158 325.7165202 1785.399748
0.0145 0.1076365283 -0.05957996862 -0.1327252282 -7.932082608 -0.08261309542 -0.4528805366 713.5044254 316.4156296 1734.506439
0.0146 0.1068468958 -0.05958666321 -0.1327619278 -7.860487455 -0.05143183325 -0.2819499178 718.4416109 307.2284928 1684.204261
0.0147 0.1060644474 -0.05959028543 -0.1327817849 -7.788399729 -0.02116382319 -0.1160210814 723.3458373 298.1496215 1634.465954
0.0148 0.1052892324 -0.05959092607 -0.1327852969 -7.715817717 0.008201534696 0.04496125337 728.2672942 289.1744611 1585.269255
0.0149 0.1045213005 -0.05958867487 -0.1327729558 -7.642740699 0.0366743528 0.2010499598 733.2559586 280.2980395 1536.589497
0.015 0.1037607011 -0.05958362063 -0.1327452483 -7.569164956 0.06426426475 0.3522955395 738.1620589 271.5163791 1488.407351
0.0151 0.1030074506 -0.05957585074 -0.1327026542 -7.496301561 0.09099639482 0.4988336544 714.2286827 263.2631993 1443.102763
0.0152 0.1022613515 -0.05956544788 -0.1326456273 -7.426074718 0.1169317959 0.6409971397 690.3031473 255.5265721 1400.612321
0.0153 0.1015221559 -0.05955248936 -0.132574592 -7.358229065 0.142117607 0.7790427421 666.6239903 248.2681283 1360.727434
0.0154 0.1007896264 -0.05953704776 -0.1324899474 -7.292749143 0.1666009534 0.9132272951 643.0375128 241.4736941 1323.371923
0.0155 0.1000635272 -0.05951919105 -0.1323920669 -7.229621914 0.1904274036 1.04379924 619.5396697 235.1284239 1288.465726
0.0156 0.09934362383 -0.0594989827 -0.1322812999 -7.168831778 0.2136409566 1.170998538 596.2255784 229.2152582 1255.916459
0.0157 0.09862968301 -0.05947648185 -0.1321579718 -7.110367498 0.2362843141 1.295058143 573.0418008 223.7218886 1225.657612
0.0158 0.09792147298 -0.05945174346 -0.1320223853 -7.054214249 0.258398742 1.416203225 549.9846218 218.635455 1197.619495
0.0159 0.09721876313 -0.05942481838 -0.1318748209 -7.000361523 0.2800244088 1.534653014 527.050587 213.9441713 1171.738158
0.016 0.09652132407 -0.05939575356 -0.1317155374 -6.948796187 0.3012002269 1.650619912 504.2363439 209.6368167 1147.952621
0.0161 0.09582892768 -0.05936459206 -0.1315447727 -6.899506419 0.3219640621 1.76431063 481.5387228 205.7029641 1126.206128
0.0162 0.09514134697 -0.05933137323 -0.1313627444 -6.852480711 0.3423527723 1.875926388 458.9547085 202.1328782 1106.445604
0.0163 0.09445835606 -0.05929613279 -0.13116965 -6.807708829 0.3624023283 1.985663571 436.4814552 198.9175461 1088.621825
0.0164 0.09377973018 -0.05925890289 -0.1309656678 -6.765177869 0.3821476715 2.09371293 414.1161998 196.0483956 1072.687887
0.0165 0.09310524572 -0.05921971223 -0.1307509573 -6.724879124 0.401623136 2.200261891 391.856399 193.5177103 1058.601481
0.0166 0.09243468004 -0.05917858612 -0.1305256593 -6.686800211 0.4208620812 2.305492535 369.6995631 191.3181026 1046.322015
0.0167 0.09176781155 -0.05913554657 -0.1302898966 -6.650932911 0.4398974021 2.409584381 347.6434112 189.4429898 1035.813224
0.0168 0.09110441968 -0.05909061233 -0.1300437744 -6.617266285 0.458761171 2.512712415 325.6857285 187.8861404 1027.040691
0.0169 0.09044428481 -0.05904379897 -0.1297873803 -6.585791568 0.4774849994 2.61504907 303.8244598 186.6419636 1019.973435
0.017 0.08978718835 -0.05899511894 -0.1295207852 -6.556497266 0.4960997477 2.716762624 282.05761 185.7051891 1014.58216
0.0171 0.08913291263 -0.05894458162 -0.1292440429 -6.529375005 0.5146359923 2.818019754 260.3833553 185.0712159 1010.841168
0.0172 0.08848124085 -0.05889219333 -0.1289571908 -6.504416586 0.5331238827 2.918984744 238.7999817 184.7359162 1008.727283
0.0173 0.08783195719 -0.05883795744 -0.1286602501 -6.481612031 0.5515930148 3.019818789 217.3058444 184.6955054 1008.219148
0.0174 0.08718484669 -0.05878187435 -0.128353226 -6.460951519 0.5700726256 3.120681048 195.8994031 184.9466527 1009.297825
0.0175 0.08653969527 -0.05872394156 -0.1280361075 -6.442428297 0.5885919007 3.221730328 174.6278477 185.4822117 1011.923425
0.0176 0.08589630985 -0.05866415556 -0.1277088787 -6.425306071 0.607110215 3.322743289 170.8004682 184.6182271 1006.879568
0.0177 0.08525462684 -0.05860252281 -0.1273715779 -6.408416264 0.6255314067 3.423192824 167.037538 183.8139633 1002.155706
0.0178 0.08461461397 -0.05853905183 -0.1270242552 -6.391903766 0.6438759942 3.523190541 163.2930012 183.0820973 997.821065
0.0179 0.08397623369 -0.05847374993 -0.1266669537 -6.375764811 0.6621509937 3.622774138 159.4697885 182.4319368 993.9265409
0.018 0.08333944851 -0.0584066237 -0.1262997128 -6.359999532 0.6803637549 3.721983131 155.8097002 181.8380476 990.3329271
0.0181 0.0827042213 -0.05833767901 -0.1259225682 -6.344606148 0.6985213796 3.820855679 152.0705861 181.3251921 987.1756382
0.0182 0.08207051503 -0.05826692103 -0.1255355517 -6.32958097 0.7166307045 3.91942848 148.3972275 180.8772818 984.366588
0.0183 0.08143829276 -0.05819435423 -0.1251386912 -6.314924196 0.7346989512 4.01774033 144.7410939 180.4992055 981.9324266
0.0184 0.08080751789 -0.05811998237 -0.124732011 -6.300634111 0.7527330923 4.115828654 141.1019742 180.1906183 979.8711621
0.0185 0.08017815385 -0.05804380853 -0.1243155317 -6.286707096 0.7707398374 4.213729428 137.4315023 179.9570146 978.2127142
0.0186 0.07955016428 -0.05796583507 -0.12388927 -6.273143405 0.7887263282 4.311480976 133.825815 179.7866204 976.89257
0.0187 0.07892351307 -0.0578860637 -0.1234532392 -6.259940423 0.8066993356 4.409119581 130.2365343 179.6849522 975.9407455
0.0188 0.07829816415 -0.05780449541 -0.1230074486 -6.247097477 0.8246658603 4.506682767 126.6154964 179.6582787 975.3913319
0.0189 0.07767408165 -0.05772113052 -0.122551904 -6.234611988 0.8426326443 4.604206627 123.0585477 179.6939439 975.1749842
0.019 0.07705122987 -0.05763596864 -0.1220866073 -6.22248236 0.8606065465 4.701727874 119.5174783 179.7981227 975.3252604
0.0191 0.07642957327 -0.05754900873 -0.1216115572 -6.210707967 0.8785945616 4.799283942 115.9921429 179.9709128 975.8424846
0.0192 0.0758090765 -0.05746024903 -0.1211267482 -6.199286284 0.8966034261 4.896910835 112.4823689 180.2123512 976.7266399
0.0193 0.0751897043 -0.05736968712 -0.1206321714 -6.188215761 0.9146400191 4.994645311 108.9402203 180.5296521 978.0168874
0.0194 0.07457142162 -0.05727731987 -0.1201278142 -6.177494862 0.932711237 5.0925242 105.461171 180.9090434 979.6377639
0.0195 0.07395419357 -0.05718314346 -0.1196136604 -6.16712302 0.9508241465 5.190585236 101.9972726 181.3577667 981.6285537
0.0196 0.0733379854 -0.05708715341 -0.1190896899 -6.157097769 0.9689855555 5.288864711 98.50071655 181.8835891 984.0313748
0.0197 0.07272276242 -0.05698934449 -0.1185558789 -6.147418565 0.9872026047 5.387400706 95.06676304 182.4720978 986.7672555
0.0198 0.07210849022 -0.0568897108 -0.1180121999 -6.138082019 1.005482016 5.486228988 91.64755889 183.1309749 989.8778299
0.0199 0.07149513445 -0.05678824574 -0.1174586219 -6.129089513 1.023831333 5.585389772 88.24304339 183.8609035 993.3664917
0.02 0.07088266098 -0.05668494198 -0.1168951097 -6.120436729 1.042257214 5.684918419 84.75806595 184.6784546 997.3232963
0.0201 0.0702710099 -0.056579787 -0.1163216001 -6.113055983 1.060929741 5.785741423 59.09299175 189.4816499 1023.002382
0.0202 0.0696599567 -0.05647273808 -0.1157378653 -6.108431708 1.080134344 5.889413257 33.42645279 194.6661785 1050.733723
0.0203 0.06904923777 -0.05636374219 -0.1151436215 -6.106368647 1.099875058 5.995953078 7.84964481 200.2077976 1080.383269
0.0204 0.06843859755 -0.05625274395 -0.1145385723 -6.106856908 1.12018761 6.105552692 -17.63794724 206.1106259 1111.970952
0.0205 0.06782778126 -0.05613968433 -0.1139224021 -6.109887592 1.141108351 6.218407031 -43.0367054 212.3795398 1145.520705
0.0206 0.06721653505 -0.05602450067 -0.1132947753 -6.115453724 1.162674512 6.334715555 -68.25234886 219.0022911 1180.963019
0.0207 0.06660460601 -0.05590712661 -0.1126553368 -6.12354362 1.184923031 6.454675846 -93.47418707 226.020684 1218.522774
0.0208 0.06599174196 -0.05578749195 -0.1120037111 -6.134151277 1.207892602 6.578494754 -118.6076138 233.4243675 1258.14047
0.0209 0.06537769177 -0.05566552269 -0.111339502 -6.147265966 1.23162176 6.706377947 -143.652584 241.2211696 1299.855521
0.021 0.06476220508 -0.05554114087 -0.1106622925 -6.162878836 1.256150242 6.838537301 -168.6089069 249.4198949 1343.712467
0.0211 0.06414503251 -0.05541426454 -0.1099716442 -6.180982894 1.281519094 6.975191484 -193.4762454 258.0303722 1389.761216
0.0212 0.06352592546 -0.05528480759 -0.1092670966 -6.2015664 1.30776942 7.116559095 -218.2542285 267.0630624 1438.054926
0.0213 0.06290463633 -0.05515267973 -0.1085481671 -6.224623215 1.334944603 7.262870758 -242.8952965 276.5197286 1488.599177
0.0214 0.06228091832 -0.0550177863 -0.1078143495 -6.250142438 1.363088262 7.414357963 -267.4458884 286.4226998 1541.511238
0.0215 0.06165452565 -0.05488002819 -0.1070651144 -6.278114979 1.392245728 7.571261076 -291.9521327 296.7961951 1596.918333
0.0216 0.06102521341 -0.0547393017 -0.106299908 -6.308532601 1.422463987 7.733828996 -316.3661486 307.6452232 1654.842898
0.0217 0.06039273753 -0.05459549834 -0.1055181508 -6.341386035 1.453791389 7.902317561 -340.6869265 318.9860761 1715.368438
0.0218 0.05975685495 -0.0544485047 -0.1047192378 -6.376664966 1.486277761 8.076990102 -364.9133491 330.8363368 1778.585146
0.0219 0.05911732358 -0.05429820232 -0.103902537 -6.414360837 1.519975196 8.258121709 -388.9974054 343.2041056 1844.531319
0.022 0.05847390221 -0.05414446742 -0.1030673883 -6.454463081 1.554937338 8.445995324 -413.0312265 356.1319589 1913.432192
0.0221 0.05782635063 -0.05398717073 -0.1022131028 -6.49696286 1.591220427 8.640907343 -436.9198425 369.6199939 1985.281769
0.0222 0.05717442967 -0.05382617727 -0.1013389615 -6.541849305 1.628882574 8.84316366 -460.7549423 383.714982 2060.327121
0.0223 0.05651790109 -0.0536613461 -0.100444214 -6.58911324 1.667984862 9.053085597 -484.4880005 398.4318826 2138.642013
0.0224 0.05585652768 -0.05349253007 -0.09952807713 -6.638744366 1.708590871 9.271007243 -508.1170453 413.7989615 2220.371945
0.0225 0.05519007328 -0.0533195755 -0.09858973371 -6.690731248 1.750766874 9.497276504 -531.5005143 429.8102315 2305.476022
0.0226 0.05451836398 -0.0531423382 -0.09762841903 -6.742855083 1.793992369 9.729058497 -502.0618493 432.3129025 2317.210939
0.0227 0.05384161778 -0.05296077367 -0.09664391003 -6.791581775 1.837337125 9.961301331 -472.5330676 434.567172 2327.556655
0.0228 0.05316014627 -0.05277486364 -0.0956361264 -6.837362799 1.880899672 10.19453512 -443.1393194 436.66566 2337.013682
0.0229 0.05247424349 -0.05258458715 -0.09460497375 -6.880207989 1.924663197 10.42866438 -413.8350098 438.5912029 2345.490636
0.023 0.05178420266 -0.052389925 -0.09355036762 -6.920125404 1.968609889 10.6635884 -384.5283712 440.3125749 2352.82021
0.0231 0.05109031608 -0.05219085977 -0.09247223356 -6.957125023 2.012721975 10.89920686 -355.4051676 441.8773035 2359.261873
0.0232 0.05039287509 -0.05198737585 -0.09137050732 -6.991215035 2.056980681 11.13541424 -326.373324 443.2546347 2364.651148
0.0233 0.0496921702 -0.05177945951 -0.09024513534 -7.0224046 2.101367013 11.37210403 -297.4332632 444.4397972 2368.964494
0.0234 0.04898849097 -0.05156709897 -0.08909607475 -7.050703839 2.145861777 11.60916888 -268.5852916 445.4280762 2372.178824
0.0235 0.048282126 -0.05135028437 -0.08792329363 -7.076121055 2.190444748 11.84649612 -239.7836158 446.2002693 2374.192878
0.0236 0.04757336302 -0.05112900791 -0.08672677139 -7.098665493 2.235095478 12.08397214 -211.1205065 446.7796996 2375.135562
0.0237 0.04686248877 -0.05090326384 -0.08550649883 -7.118347326 2.279793314 12.32148249 -182.503965 447.1326517 2374.827453
0.0238 0.04614978914 -0.05067304855 -0.08426247852 -7.13517489 2.324516509 12.55890712 -154.0259351 447.283017 2373.400759
0.0239 0.04543554905 -0.05043836057 -0.08299472504 -7.149158352 2.369243376 12.79612661 -125.640305 447.2110228 2370.751783
0.024 0.04472005249 -0.05019920067 -0.0817032651 -7.160306032 2.41395108 13.03301565 -97.34692586 446.9109788 2366.853152
0.0241 0.04400358256 -0.04995557193 -0.08038813803 -7.168627146 2.458616506 13.2694478 -69.14556568 446.3770477 2361.676849
0.0242 0.04328642139 -0.04970747971 -0.07904939585 -7.1741318 2.503216267 13.50529546 -40.99019174 445.5872666 2355.108008
0.0243 0.04256885025 -0.04945493184 -0.07768710372 -7.176828236 2.547725714 13.74042464 -12.92628884 444.5505407 2347.198551
0.0244 0.04185114949 -0.04919793857 -0.07630134024 -7.176725577 2.592119848 13.97469981 15.00091231 443.2765575 2338.004648
0.0245 0.04113359856 -0.04893651272 -0.07489219767 -7.173833814 2.636373309 14.20798393 42.83759602 441.742302 2327.406251
0.0246 0.04041647592 -0.04867066967 -0.07345978226 -7.168161066 2.68045934 14.44013281 70.58422821 439.9400627 2315.366068
0.0247 0.03970005916 -0.0484004275 -0.07200421466 -7.159717225 2.72435107 14.67100213 98.286836 437.8445559 2301.752322
0.0248 0.03898462507 -0.04812580706 -0.07052563055 -7.14851031 2.768020108 14.90043978 125.8549265 435.4813829 2286.707488
0.0249 0.03827044944 -0.04784683207 -0.06902418069 -7.134549194 2.811437509 15.12829116 153.3346096 432.8243135 2270.095013
0.025 0.03755780723 -0.04756352914 -0.06750003153 -7.11784269 2.854573376 15.35439702 180.9078684 429.7907605 2251.475517
0.0251 0.0368470434 -0.04727595689 -0.06595352134 -7.095841756 2.896347654 15.57295277 269.4042998 401.1677856 2095.335377
0.0252 0.03613895458 -0.04698436717 -0.06438602637 -7.064476887 2.934939376 15.77418528 357.7724259 370.3459444 1927.634847
0.0253 0.03543444337 -0.04668907585 -0.0627992648 -7.024295147 2.970344118 15.95809811 445.8412866 337.3709594 1748.638798
0.0254 0.03473438982 -0.04639041248 -0.06119502558 -6.975330058 3.002343357 16.12354583 533.4756823 302.2045706 1558.169007
0.0255 0.03403967039 -0.04608872887 -0.05957521406 -6.917617781 3.03071013 16.26934041 620.7671285 264.7127226 1355.532791
0.0256 0.03335115824 -0.04578440012 -0.05794185757 -6.85119074 3.055206192 16.39423599 707.7171009 224.7976487 1140.232744
0.0257 0.03266972299 -0.04547782551 -0.05629710982 -6.776084788 3.075585123 16.49694556 794.3277034 182.3619292 911.7732276
0.0258 0.031996231 -0.04516942959 -0.0546432564 -6.692331941 3.091589141 16.57612385 880.6465091 137.2874339 669.5473883
0.0259 0.03133154519 -0.04485966307 -0.05298271935 -6.59996662 3.102952037 16.63038303 966.6317272 89.49886901 413.1776045
0.026 0.0306765251 -0.04454900376 -0.05131806196 -6.499021989 3.109397785 16.65828521 1052.242395 38.92496034 142.3068813
0.0261 0.03003202706 -0.04423795757 -0.04965199384 -6.389531681 3.110641712 16.65834861 1137.528134 -14.54343037 -143.6257986
0.0262 0.02939890409 -0.04392705935 -0.04798737511 -6.271526135 3.106389277 16.62904087 1222.494348 -70.9891409 -445.041815
0.0263 0.02877800608 -0.0436168737 -0.0463272208 -6.145037894 3.096339357 16.56879654 1307.192135 -130.5091424 -762.4399818
0.0264 0.02817017973 -0.04330799575 -0.04467470445 -6.010097919 3.080183439 16.47601254 1391.584032 -193.1458374 -1096.029178
0.0265 0.0275762687 -0.04300105178 -0.04303316142 -5.866736377 3.057607218 16.34905644 1475.633918 -258.9271112 -1445.94344
0.0266 0.02699711371 -0.04269669972 -0.04140609157 -5.714981627 3.028291582 16.18627147 1559.396366 -327.9106414 -1812.479287
0.0267 0.0264335526 -0.04239562955 -0.03979716092 -5.554863646 2.991916278 15.98599576 1642.882773 -400.1114915 -2195.70901
0.0268 0.02588642037 -0.04209856333 -0.03821020209 -5.386408509 2.948159263 15.74655853 1726.1062 -475.5216829 -2595.58591
0.0269 0.02535654945 -0.04180625523 -0.03664921423 -5.209640895 2.896700621 15.46630048 1809.170614 -554.1550118 -3012.184245
0.027 0.02484476985 -0.04151949118 -0.03511836114 -5.024586541 2.837227059 15.14359742 1891.915273 -635.8449539 -3444.620801
0.0271 0.02435190914 -0.04123908804 -0.03362196702 -4.83126667 2.769432442 14.77686241 1974.448881 -720.5353611 -3892.607832
0.0272 0.02387879291 -0.04096589273 -0.03216451185 -4.629700407 2.693023151 14.36457389 2056.793842 -808.0793936 -4355.379964
0.0273 0.02342624478 -0.04070078063 -0.03075062296 -4.419906261 2.6077236 13.90530428 2139.064254 -898.3352934 -4832.205981
0.0274 0.02299508682 -0.04044465368 -0.02938506546 -4.201900032 2.513280165 13.39774032 2221.111491 -990.9532823 -5321.25298
0.0275 0.02258613963 -0.0401984379 -0.02807272887 -3.975691815 2.409465004 12.84070256 2302.613982 -1085.414982 -5819.79814
0.0276 0.02220002109 -0.03996295652 -0.02681795211 -3.748577197 2.300571928 12.25709621 2210.320852 -1073.906679 -5753.59874
0.0277 0.02183605915 -0.03973824354 -0.0256208679 -3.53218748 2.193935803 11.68598506 2117.695517 -1058.356353 -5666.233881
0.0278 0.02149327469 -0.03952411149 -0.02448043229 -3.325020569 2.089008106 11.12441026 2025.710642 -1039.656361 -5562.436862
0.0279 0.02117074748 -0.03932037319 -0.02339560635 -3.127035629 1.986114107 10.5740698 1934.078947 -1017.711482 -5441.701744
0.028 0.02086756135 -0.03912680936 -0.02236518366 -2.938194015 1.885571568 10.03662174 1842.822897 -992.6305444 -5304.606689
0.0281 0.02058280376 -0.03894316931 -0.02138779384 -2.758458353 1.787688934 9.513674756 1751.921067 -964.5072351 -5151.646493
0.0282 0.02031556577 -0.03876917194 -0.02046190803 -2.587796043 1.692766427 9.006794297 1661.352396 -933.4462097 -4983.371979
0.0283 0.0200649418 -0.03860450683 -0.01958584448 -2.426173048 1.601090978 8.517475783 1571.140172 -899.5917226 -4800.542467
0.0284 0.01983002939 -0.03844883532 -0.01875777428 -2.273560027 1.512939289 8.047161133 1481.176001 -863.0095409 -4603.497904
0.0285 0.01960992898 -0.03830179177 -0.01797572792 -2.129928767 1.428574743 7.597222478 1391.484085 -823.8594438 -4393.076845
0.0286 0.01940374365 -0.0381629848 -0.01723760185 -1.995253013 1.348247341 7.168961975 1302.089078 -782.307599 -4170.150457
0.0287 0.01921057919 -0.03803199884 -0.01654116652 -1.869508414 1.272193234 6.763609418 1212.840362 -738.4049861 -3934.976462
0.0288 0.01902954358 -0.03790839532 -0.01588407255 -1.752672454 1.200634464 6.382320956 1123.89578 -692.4127145 -3688.929182
0.0289 0.018859747 -0.03779171418 -0.01526385882 -1.644724378 1.133778877 6.026178678 1035.106259 -644.3827342 -3432.270523
0.029 0.01870030167 -0.03768147532 -0.01467795973 -1.545644231 1.071819633 5.696188036 946.4994128 -594.4845396 -3165.887217
0.0291 0.01855032161 -0.03757717996 -0.01412371251 -1.45541628 1.014937956 5.393292435 858.103782 -542.8840201 -2890.646954
0.0292 0.01840892252 -0.03747831196 -0.01359836408 -1.37402276 0.9632993735 5.118353258 769.7733968 -489.6189151 -2606.736847
0.0293 0.01827522158 -0.03738433912 -0.01309907765 -1.301449914 0.9170586825 4.872176156 681.6706531 -434.9334979 -2315.442173
0.0294 0.01814833746 -0.03729471448 -0.01262293971 -1.23768436 0.8763583678 4.655502597 593.6520319 -378.8475547 -2016.856289
0.0295 0.01802739006 -0.03720887731 -0.01216696518 -1.182713837 0.8413302568 4.469018543 505.7508359 -321.4927245 -1711.667973
0.0296 0.01791150043 -0.03712625421 -0.01172810284 -1.136527075 0.8120967135 4.313360674 418.0017189 -262.9884761 -1400.502587
0.0297 0.01779979077 -0.03704625998 -0.01130324022 -1.099113646 0.7887719817 4.189123391 330.3093221 -203.3462958 -1083.413406
0.0298 0.01769138421 -0.03696829829 -0.01088920692 -1.070462939 0.7714630422 4.096863208 242.7113222 -142.6558895 -760.870815
0.0299 0.01758540485 -0.03689176231 -0.01048277796 -1.050567508 0.7602737495 4.037120552 155.2469713 -80.9905262 -433.2596463
0.03 0.01748097776 -0.03681603522 -0.01008067626 -1.039416775 0.7553021533 4.010405359 68.08847427 -18.50158623 -101.3813113
0.0301 0.01737736205 -0.0367405875 -0.009680089407 -1.032193842 0.7531338244 3.998579451 95.80144872 -39.07668063 -210.5868842
0.0302 0.01727466919 -0.03666550528 -0.009281474269 -1.021200536 0.7481603962 3.971865732 123.9638433 -60.37446075 -323.5892705
0.0303 0.01717321595 -0.03659102707 -0.008886096405 -1.007401976 0.7410483614 3.933806618 151.967917 -81.89285195 -437.7286812
0.0304 0.01707328264 -0.03651736825 -0.00849509823 -0.9908017105 0.7317668907 3.884241837 180.033039 -103.7881283 -553.8351316
0.0305 0.01697514936 -0.03644474738 -0.008109638693 -0.9714023476 0.7202850513 3.823010515 207.9850212 -125.9246382 -671.1892189
0.0306 0.01687909592 -0.03637338599 -0.007730892341 -0.9492055296 0.706572065 3.749952518 235.9123608 -148.3573916 -790.0839233
0.0307 0.01678540185 -0.03630350862 -0.007360049119 -0.924214537 0.6905995323 3.664920226 263.9037051 -171.1394026 -910.8018484
0.0308 0.01669434655 -0.03623534268 -0.006998314118 -0.8964307672 0.6723391244 3.567766252 291.7856572 -194.1250629 -1032.571827
0.0309 0.01660620915 -0.03616911825 -0.006646906149 -0.8658573832 0.6517656313 3.458359585 319.6779349 -217.3840703 -1155.765669
0.031 0.01652126851 -0.03610506785 -0.00630705687 -0.8324953559 0.6288543331 3.336571603 347.5562458 -240.8753323 -1280.167563
0.0311 0.01643980343 -0.03604342637 -0.005980010133 -0.7963468482 0.6035838806 3.20229133 375.4096754 -264.5640291 -1405.595368
0.0312 0.01636209245 -0.03598443071 -0.005667020224 -0.7574132675 0.575935191 3.055419534 403.2581341 -288.4350851 -1531.972055
0.0313 0.01628841404 -0.0359283195 -0.005369350629 -0.7156958515 0.545892249 2.895872947 431.0912173 -312.4468113 -1659.079773
0.0314 0.01621904651 -0.03587533285 -0.005088272235 -0.6711956428 0.5134424572 2.72358608 458.916247 -336.567259 -1786.752713
0.0315 0.01615426812 -0.03582571191 -0.004825061602 -0.6239131137 0.4785767184 2.538511628 486.732072 -360.7543285 -1914.771591
0.0316 0.01609435707 -0.03577969855 -0.004580998891 -0.5738488387 0.4412903204 2.340625123 514.5552559 -384.9758106 -2042.969949
0.0317 0.01603959156 -0.03573753492 -0.004357365706 -0.5210025086 0.4015825448 2.129922826 542.3720686 -409.1726457 -2171.039266
0.0318 0.01599024978 -0.03569946298 -0.004155442689 -0.4653738658 0.3594577425 1.906427395 570.2039373 -433.3092705 -2298.795997
0.0319 0.01594661002 -0.035665724 -0.003976507014 -0.4069619811 0.3149251229 1.67018673 598.0376296 -457.3200416 -2425.897386
0.032 0.01590895067 -0.03563655809 -0.003821829596 -0.345765579 0.267999333 1.421277018 625.895043 -481.1632531 -2552.127944
0.0321 0.01587755024 -0.03561220359 -0.003692672297 -0.281782928 0.2187006808 1.159803882 653.7982895 -504.7944914 -2677.258102
0.0322 0.01585268739 -0.03559289646 -0.003590284553 -0.2150119062 0.1670554684 0.8859041256 682.1490499 -528.4616237 -2802.608523
0.0323 0.01583463995 -0.03557886891 -0.00351589624 -0.1454497192 0.1130960291 0.5997459002 716.3678462 -556.3135754 -2950.187234
0.0324 0.01582367147 -0.03557033824 -0.00347065846 -0.07309322121 0.05686121209 0.3015312568 831.9997582 -647.0568084 -3431.316721
0.0325 0.01581936214 -0.03556698559 -0.003452879578 -0.03488115385 0.02714002537 0.1439212816 -76.78115804 59.7818881 317.0144392
0.0326 0.01581592623 -0.03556431201 -0.003438701839 -0.03348560866 0.02605803829 0.1381832252 7.432534065 -5.746400803 -30.47620185
0.0327 0.01581264619 -0.03556175934 -0.003425165313 -0.03209010134 0.02497559401 0.1324427911 13.48662399 -10.4621384 -55.48286168
0.0328 0.01580950686 -0.03555931585 -0.003412207774 -0.03069462898 0.02389272733 0.1267001602 13.92098187 -10.80458037 -57.29837241
0.0329 0.01580650716 -0.03555698073 -0.00339982495 -0.02929919 0.02280945754 0.1209554329 13.951612 -10.83261615 -57.44664007
0.033 0.01580364702 -0.03555475397 -0.003388016724 -0.02790378288 0.02172580285 0.1152087038 13.95391696 -10.83841083 -57.47698445
0.0331 0.01580092641 -0.03555263558 -0.00337678327 -0.02650840611 0.02064178143 0.1094600675 13.95362101 -10.84198717 -57.49558381
0.0332 0.01579834533 -0.03555062562 -0.00336612477 -0.02511305818 0.01955741148 0.1037096186 13.95334017 -10.84538149 -57.51323657
0.0333 0.01579590379 -0.03554872411 -0.003356041402 -0.02371773757 0.01847271121 0.09795745179 13.95307444 -10.84859358 -57.52994159
0.0334 0.01579360178 -0.03554693109 -0.003346533333 -0.02232244278 0.01738769885 0.09220366191 13.95282384 -10.85162323 -57.54569779
0.0335 0.0157914393 -0.03554524658 -0.00333760072 -0.0209271723 0.01630239265 0.08644834389 13.95258837 -10.85447024 -57.56050417
0.0336 0.01578941635 -0.03554367062 -0.003329243711 -0.0195319246 0.0152168109 0.08069159277 13.95236805 -10.85713443 -57.57435976
0.0337 0.01578753292 -0.03554220323 -0.003321462445 -0.01813669818 0.01413097187 0.07493350366 13.95216289 -10.85961564 -57.58726368
0.0338 0.01578578901 -0.03554084443 -0.003314257051 -0.01674149152 0.01304489387 0.06917417179 13.95197289 -10.8619137 -57.59921509
0.0339 0.01578418462 -0.03553959426 -0.003307627648 -0.0153463031 0.01195859524 0.06341369242 13.95179806 -10.86402845 -57.61021323
0.034 0.01578271975 -0.03553845272 -0.003301574347 -0.0139511314 0.0108720943 0.05765216094 13.95163841 -10.86595978 -57.62025739
0.0341 0.01578139439 -0.03553741984 -0.003296097247 -0.01255597491 0.009785409401 0.05188967277 13.95149394 -10.86770754 -57.62934692
0.0342 0.01578020855 -0.03553649564 -0.00329119644 -0.01116083211 0.008698558911 0.0461263234 13.95136467 -10.86927163 -57.63748123
0.0343 0.01577916223 -0.03553568014 -0.003286872007 -0.009765701473 0.0076115612 0.04036220838 13.95125059 -10.87065195 -57.6446598
0.0344 0.01577825541 -0.03553497334 -0.00328312402 -0.008370581485 0.00652443465 0.03459742331 13.95115171 -10.87184841 -57.65088216
0.0345 0.01577748811 -0.03553437525 -0.003279952541 -0.006975470624 0.00543719765 0.02883206383 13.95106804 -10.87286093 -57.65614792
0.0346 0.01577686032 -0.0355338859 -0.003277357623 -0.00558036737 0.004349868598 0.02306622563 13.95099957 -10.87368944 -57.66045673
0.0347 0.01577637204 -0.03553350528 -0.003275339309 -0.004185270202 0.003262465897 0.0173000044 13.95094632 -10.87433389 -57.66380831
0.0348 0.01577602326 -0.03553323341 -0.003273897632 -0.002790177599 0.002175007956 0.01153349588 13.95090828 -10.87479425 -57.66620246
0.0349 0.015775814 -0.03553307028 -0.003273032616 -0.001395088039 0.001087513186 0.005766795824 13.95088546 -10.87507047 -57.667639
