t x y 
2e-05 -13.7597945089886 0
3e-05 -4338.24779512712 0
4e-05 -3611.4107487834 0
5e-05 -3073.86694268943 0
6e-05 -2703.38553151463 0
7e-05 -2516.70648693092 0
8e-05 -2619.84425690131 0
9e-05 -3118.75827396953 0
0.0001 -3906.5394329044 0
0.00011 -4343.19219958163 0
0.00012 -3915.40563127754 0
0.00013 -3127.91880122129 0
0.00014 -2613.32819188441 0
0.00015 -2693.23920475697 0
0.00016 -4343.45451149292 0
0.00017 -7208.04843644256 0
0.00018 -6550.08465888107 0
0.00019 -4341.71490628357 0
0.0002 -6450.66312932042 0
0.00021 -8657.79268334213 0
0.00022 -8656.89981139657 0
0.00023 -6500.82216524722 0
0.00024 -4339.04796208542 0
0.00025 -6494.01290547847 0
0.00026 -8654.66907187958 0
0.00027 -8653.82929108911 0
0.00028 -7063.04116581125 0
0.00029 -3931.73251925 0
0.0003 -1514.29702175701 0
0.00031 -425.825755301014 0
0.00032 -536.157489803871 0
0.00033 -1195.79686078103 0
0.00034 -1755.47196138926 0
0.00035 -2085.37204092659 0
0.00036 -2185.5521492613 0
0.00037 -2080.50888318347 0
0.00038 -1892.49464445371 0
0.00039 -1743.67898952404 0
0.0004 -1658.48671959544 0
0.00041 -1636.91608262763 0
0.00042 -1671.56618997639 0
0.00043 -1725.60585561752 0
0.00044 -1762.20350626059 0
0.00045 -1773.99564700684 0
0.00046 -1760.98856762333 0
0.00047 -1728.21900592422 0
0.00048 -1700.84833013265 0
0.00049 -1704.02923047606 0
0.0005 -1742.81024244561 0
0.00051 -1817.1653090906 0
0.00052 -1914.31011293192 0
0.00053 -1970.45344089418 0
0.00054 -1921.8044113709 0
0.00055 -1755.64383728833 0
0.00056 -1471.97991434196 0
0.00057 -1116.86996714113 0
0.00058 -920.360712457248 0
0.00059 -1112.35271848347 0
0.0006 -1738.68476475549 0
0.00061 -2799.24349018657 0
0.00062 -4122.68918447726 0
0.00063 -4852.94875987202 0
0.00064 -4134.39172626434 0
0.00065 -1796.32630612377 0
0.00066 2160.70642671968 0
0.00067 7123.24305548577 0
0.00068 10026.8373589445 0
0.00069 7808.40876311134 0
0.0007 -142.940855096688 0
0.00071 -13825.1302936345 0
0.00072 -32284.6351874943 0
0.00073 -50761.8949019929 0
0.00074 -64498.5530726898 0
0.00075 -72543.8105003865 0
0.00076 -74898.9157818699 0
0.00077 -72166.5080742344 0
0.00078 -67352.8020382915 0
0.00079 -63461.2825571339 0
0.0008 -61091.8194315567 0
0.00081 -60243.8481606906 0
0.00082 -60755.0056424833 0
0.00083 -61819.970139508 0
0.00084 -62635.1852250231 0
0.00085 -63040.2239059025 0
0.00086 -63035.080471376 0
0.00087 -62663.6461879243 0
0.00088 -62141.4809520143 0
0.00089 -61683.4651783578 0
0.0009 -61332.5774560578 0
0.00091 -61088.982614183 0
0.00092 -60940.7672502719 0
0.00093 -60830.2937764267 0
0.00094 -60700.0547773456 0
0.00095 -60538.650319788 0
0.00096 -60346.3034426275 0
0.00097 -60125.9958049121 0
0.00098 -59893.3100005247 0
0.00099 -59663.4912336934 0
0.001 -59439.5956775784 0
0.00101 -59221.9276542881 0
0.00102 -59009.4860802865 0
0.00103 -58798.2400983242 0
0.00104 -58584.029679711 0
0.00105 -58366.0218402606 0
0.00106 -58144.3966241579 0
0.00107 -57919.3339301446 0
0.00108 -57692.0205554498 0
0.00109 -57463.4954724615 0
0.0011 -57234.0758484227 0
0.00111 -57003.7901946982 0
0.00112 -56772.5246857451 0
0.00113 -56540.1661169755 0
0.00114 -56306.4567447844 0
0.00115 -56070.9982649066 0
0.00116 -55834.2533311156 0
0.00117 -55596.3947398739 0
0.00118 -55357.0249937016 0
0.00119 -55116.3181476816 0
0.0012 -54874.4485980815 0
0.00121 -54631.4478055304 0
0.00122 -54387.3450578541 0
0.00123 -54143.593922845 0
0.00124 -53897.3782208147 0
0.00125 -53648.7377834395 0
0.00126 -53401.9566690745 0
0.00127 -53154.2219209858 0
0.00128 -52902.7391552468 0
0.00129 -52651.7887729054 0
0.0013 -52401.3891973869 0
0.00131 -52148.7508228766 0
0.00132 -51895.3172536637 0
0.00133 -51641.1164021243 0
0.00134 -51386.1790223297 0
0.00135 -51131.9385459346 0
0.00136 -50875.6114635524 0
0.00137 -50617.239790454 0
0.00138 -50361.0497703768 0
0.00139 -50104.2620778444 0
0.0014 -49844.1194301978 0
0.00141 -49584.8447111792 0
0.00142 -49326.4535246716 0
0.00143 -49066.192763281 0
0.00144 -48805.4838636094 0
0.00145 -48544.3546312093 0
0.00146 -48282.8326578156 0
0.00147 -48020.9448489742 0
0.00148 -47760.09992859 0
0.00149 -47497.557564005 0
0.0015 -47233.3562685221 0
0.00151 -46971.6516945361 0
0.00152 -46709.7076634621 0
0.00153 -46444.8095994635 0
0.00154 -46181.1091493655 0
0.00155 -45918.618049404 0
0.00156 -45654.6267772111 0
0.00157 -45390.5306817742 0
0.00158 -45126.3544338333 0
0.00159 -44862.1224357243 0
0.0016 -44599.2171246796 0
0.00161 -44334.9393030789 0
0.00162 -44069.3269126142 0
0.00163 -43806.4627134565 0
0.00164 -43543.6525259282 0
0.00165 -43278.2261052424 0
0.00166 -43014.2608717121 0
0.00167 -42751.7655431708 0
0.00168 -42488.0752615535 0
0.00169 -42224.5578065251 0
0.0017 -41961.2340204494 0
0.00171 -41698.1253350566 0
0.00172 -41435.2524446729 0
0.00173 -41173.9673094111 0
0.00174 -40911.6209217528 0
0.00175 -40648.2466896033 0
0.00176 -40387.8426159081 0
0.00177 -40127.7651041407 0
0.00178 -39865.3948173697 0
0.00179 -39604.7241024809 0
0.0018 -39345.7560059866 0
0.00181 -39085.8777799239 0
0.00182 -38826.425748303 0
0.00183 -38567.4173041618 0
0.00184 -38308.8691034676 0
0.00185 -38052.1037526236 0
0.00186 -37794.5206872455 0
0.00187 -37536.150877472 0
0.00188 -37280.9084751635 0
0.00189 -37026.199091194 0
0.0019 -36769.4537802263 0
0.00191 -36514.5812947186 0
0.00192 -36261.5800148151 0
0.00193 -36007.8878414149 0
0.00194 -35754.81118793 0
0.00195 -35502.3625820582 0
0.00196 -35250.5568480412 0
0.00197 -34999.4067981621 0
0.00198 -34750.2007624772 0
0.00199 -34500.3936914509 0
0.002 -34250.0133194653 0
0.00201 -34002.8810723014 0
0.00202 -33756.4570953486 0
0.00203 -33508.2291916442 0
0.00204 -33262.0128622598 0
0.00205 -33017.8022907523 0
0.00206 -32773.0923696791 0
0.00207 -32529.1545252901 0
0.00208 -32285.9993590422 0
0.00209 -32043.6372072489 0
0.0021 -31803.3245804977 0
0.00211 -31562.5682954719 0
0.00212 -31321.3944493718 0
0.00213 -31083.53660324 0
0.00214 -30846.5074423362 0
0.00215 -30607.8478566101 0
0.00216 -30371.2859010843 0
0.00217 -30136.812784754 0
0.00218 -29901.9762395905 0
0.00219 -29668.0167017749 0
0.0022 -29434.9421536642 0
0.00221 -29202.7590551269 0
0.00222 -28971.4731988042 0
0.00223 -28742.309089693 0
0.00224 -28512.8321349167 0
0.00225 -28283.0641826327 0
0.00226 -28056.6422426658 0
0.00227 -27831.1390707944 0
0.00228 -27604.1546514783 0
0.00229 -27379.3196907152 0
0.0023 -27156.6235709202 0
0.00231 -26933.6732612687 0
0.00232 -26711.6747921106 0
0.00233 -26490.6328376852 0
0.00234 -26270.5510118876 0
0.00235 -26052.6216428876 0
0.00236 -25834.4655034804 0
0.00237 -25616.1023974063 0
0.00238 -25401.0797266571 0
0.00239 -25187.025743188 0
0.0024 -24971.5955448416 0
0.00241 -24758.3316163426 0
0.00242 -24547.2210221137 0
0.00243 -24335.9242040913 0
0.00244 -24125.617882732 0
0.00245 -23916.304065371 0
0.00246 -23707.9841592613 0
0.00247 -23500.6611301875 0
0.00248 -23295.4921582147 0
0.00249 -23090.1575172179 0
0.0025 -22884.6755118645 0
0.00251 -22682.4994375988 0
0.00252 -22480.1679709512 0
0.00253 -22271.9736025689 0
0.00254 -22055.6932505898 0
0.00255 -21829.1220971865 0
0.00256 -21592.3606356806 0
0.00257 -21347.7693793927 0
0.00258 -21101.0896410729 0
0.00259 -20857.9906594482 0
0.0026 -20619.5824439336 0
0.00261 -20385.8328666652 0
0.00262 -20156.7148511497 0
0.00263 -19932.1965292091 0
0.00264 -19707.7738409246 0
0.00265 -19483.4620860254 0
0.00266 -19262.6055592257 0
0.00267 -19042.9586850045 0
0.00268 -18822.3046745891 0
0.00269 -18603.9835917194 0
0.0027 -18386.8704738977 0
0.00271 -18170.9722278982 0
0.00272 -17957.3779203394 0
0.00273 -17742.7886478884 0
0.00274 -17530.5067279752 0
0.00275 -17320.5130916546 0
0.00276 -17110.6213382584 0
0.00277 -16901.9228628055 0
0.00278 -16694.4139974676 0
0.00279 -16488.0931553366 0
0.0028 -16284.038065911 0
0.00281 -16080.0738278871 0
0.00282 -15876.2132119353 0
0.00283 -15675.6803607863 0
0.00284 -15476.307410281 0
0.00285 -15275.9532132861 0
0.00286 -15077.8375375453 0
0.00287 -14881.940920473 0
0.00288 -14685.0647821705 0
0.00289 -14490.4074048028 0
0.0029 -14297.9487433216 0
0.00291 -14105.568671106 0
0.00292 -13914.3239404193 0
0.00293 -13724.2095605026 0
0.00294 -13535.221797142 0
0.00295 -13347.3550848505 0
0.00296 -13160.6051183145 0
0.00297 -12974.9670903369 0
0.00298 -12790.4361346232 0
0.00299 -12607.0073279278 0
0.003 -12425.7125621085 0
0.00301 -12244.4665221622 0
0.00302 -12064.311916738 0
0.00303 -11885.234017066 0
0.00304 -11707.2376646083 0
0.00305 -11531.3349870773 0
0.00306 -11355.4699890174 0
0.00307 -11180.66598268 0
0.00308 -11006.9171764738 0
0.00309 -10833.2007617929 0
0.0031 -10661.55345427 0
0.00311 -10491.9553253436 0
0.00312 -10322.3749197187 0
0.00313 -10153.8224600486 0
0.00314 -9986.29329848747 0
0.00315 -9820.78658335351 0
0.00316 -9655.2796505615 0
0.00317 -9490.78298429416 0
0.00318 -9327.28257669814 0
0.00319 -9164.78110284799 0
0.0032 -9003.26456147852 0
0.00321 -8842.73554118062 0
0.00322 -8684.17066656368 0
0.00323 -8524.59604969621 0
0.00324 -8366.98232096483 0
0.00325 -8210.32490777055 0
0.00326 -8054.62620454591 0
0.00327 -7900.85267907824 0
0.00328 -7747.039790414 0
0.00329 -7594.16416518587 0
0.0033 -7443.19388358519 0
0.00331 -7292.1688787063 0
0.00332 -7141.0978226342 0
0.00333 -6992.8809870264 0
0.00334 -6844.59754842665 0
0.00335 -6697.22087651257 0
0.00336 -6550.73676348074 0
0.00337 -6405.14681679496 0
0.00338 -6260.43824905991 0
0.00339 -6116.61216356089 0
0.0034 -5973.65537131668 0
0.00341 -5831.57030546452 0
0.00342 -5691.29269971001 0
0.00343 -5549.9694620905 0
0.00344 -5410.45117661038 0
0.00345 -5272.71812420497 0
0.00346 -5134.8761451548 0
0.00347 -4997.86676162852 0
0.00348 -4861.68420235049 0
0.00349 -4726.32224373037 0
0.0035 -4592.71149671976 0
0.00351 -4458.96972132286 0
0.00352 -4325.10295157933 0
0.00353 -4193.89723076706 0
0.00354 -4063.47743877186 0
0.00355 -3931.98850239442 0
0.00356 -3802.21139238862 0
0.00357 -3674.12845421735 0
0.00358 -3545.89153181379 0
0.00359 -3417.5000363157 0
0.0036 -3290.79087308298 0
0.00361 -3165.74663913276 0
0.00362 -3040.53241107374 0
0.00363 -2916.05957439831 0
0.00364 -2792.32352690734 0
0.00365 -2669.31828388786 0
0.00366 -2547.03834668876 0
0.00367 -2425.47776665033 0
0.00368 -2305.53416370027 0
0.00369 -2185.39159886548 0
0.0037 -2065.9560854673 0
0.00371 -1947.21567425715 0
0.00372 -1829.17057670852 0
0.00373 -1711.80940703559 0
0.00374 -1595.13661950812 0
0.00375 -1479.14709523816 0
0.00376 -1363.83586335093 0
0.00377 -1250.06972593174 0
0.00378 -1136.08069512481 0
0.00379 -1022.74751937385 0
0.0038 -910.065007941867 0
0.00381 -798.027994152217 0
0.00382 -686.626571594608 0
0.00383 -575.865135566871 0
0.00384 -465.738617443296 0
0.00385 -357.105931412464 0
0.00386 -248.214807913339 0
0.00387 -139.076598486374 0
0.00388 -32.2840693373391 0
0.00389 73.9147389139347 0
0.0039 181.2376799866 0
0.00391 287.095193299343 0
0.00392 391.50834574228 0
0.00393 497.060154561186 0
0.00394 601.166054188026 0
0.00395 703.832414291771 0
0.00396 806.796214894541 0
0.00397 909.193722891371 0
0.00398 1011.01996270655 0
0.00399 1111.4480962129 0
0.004 1212.17480576263 0
0.00401 1313.19861926748 0
0.00402 1412.83503209736 0
0.00403 1511.92825930851 0
0.00404 1610.48284192257 0
0.00405 1707.67147805285 0
0.00406 1805.18653477323 0
0.00407 1902.16851435939 0
0.00408 1998.64268138518 0
0.00409 2094.60743481131 0
0.0041 2189.22442252564 0
0.00411 2284.17437797258 0
0.00412 2378.63107710841 0
0.00413 2472.59392244236 0
0.00414 2566.06721729111 0
0.00415 2659.05025992393 0
0.00416 2751.55225067829 0
0.00417 2843.58240706755 0
0.00418 2935.13495435092 0
0.00419 3026.22404958988 0
0.0042 3116.02452914219 0
0.00421 3206.1884159104 0
0.00422 3296.71475800655 0
0.00423 3385.15116709698 0
0.00424 3473.14524041094 0
0.00425 3562.31735799233 0
0.00426 3650.24315112686 0
0.00427 3736.92127382798 0
0.00428 3823.97797143517 0
0.00429 3911.4129516961 0
0.0043 3997.607719021 0
0.00431 4082.59117877523 0
0.00432 4167.95285191399 0
0.00433 4252.90673346833 0
0.00434 4337.45148448401 0
0.00435 4421.5856859347 0
0.00436 4505.32337947936 0
0.00437 4588.6579262252 0
0.00438 4670.80909164059 0
0.00439 4753.36789678034 0
0.0044 4836.32338504641 0
0.00441 4917.31221945353 0
0.00442 4997.92645512987 0
0.00443 5079.74751621926 0
0.00444 5160.39894527061 0
0.00445 5239.89863929097 0
0.00446 5319.82411138996 0
0.00447 5399.38190418306 0
0.00448 5478.57539397349 0
0.00449 5557.41860810891 0
0.0045 5635.91497843117 0
0.00451 5714.05181964741 0
0.00452 5791.848491368 0
0.00453 5869.30835620142 0
0.00454 5946.41853628963 0
0.00455 6022.42071779925 0
0.00456 6098.87190372859 0
0.00457 6175.76121554212 0
0.00458 6250.78486821563 0
0.00459 6325.48510725611 0
0.0046 6401.40031058018 0
0.00461 6476.23459194569 0
0.00462 6549.99410558995 0
0.00463 6624.96509603227 0
0.00464 6698.8625758648 0
0.00465 6771.70355748785 0
0.00466 6844.9989491509 0
0.00467 6917.99037096664 0
0.00468 6990.69758926621 0
0.00469 7063.11240889447 0
0.0047 7134.47223798018 0
0.00471 7206.30877432708 0
0.00472 7278.61112872158 0
0.00473 7349.12883797899 0
0.00474 7420.1227020319 0
0.00475 7490.83905798054 0
0.00476 7561.28528594276 0
0.00477 7632.19999900781 0
0.00478 7701.36126812629 0
0.00479 7770.26291972194 0
0.0048 7840.3851468199 0
0.00481 7909.50832571486 0
0.00482 7977.63714116883 0
0.00483 8046.24837094767 0
0.00484 8114.60881622284 0
0.00485 8182.72110096989 0
0.00486 8250.59378440883 0
0.00487 8318.22355729989 0
0.00488 8384.8669804936 0
0.00489 8452.01574252044 0
0.0049 8518.93305703524 0
0.00491 8585.61368080843 0
0.00492 8652.79158685165 0
0.00493 8718.28215958383 0
0.00494 8784.28530930571 0
0.00495 8850.77775379945 0
0.00496 8915.59642888257 0
0.00497 8980.21345424885 0
0.00498 9045.33410968798 0
0.00499 9110.24137131105 0
0.005 9174.93132539094 0
0.00501 9239.41250639034 0
0.00502 9300.81597621969 0
0.00503 9344.79028353142 0
0.00504 9357.10236974974 0
0.00505 9335.06134001847 0
0.00506 9278.14889093558 0
0.00507 9190.84479982091 0
0.00508 9094.00385216384 0
0.00509 9004.74698896257 0
0.0051 8925.86167211852 0
0.00511 8860.15547569878 0
0.00512 8805.4053153991 0
0.00513 8755.89353194913 0
0.00514 8708.05579755481 0
0.00515 8660.47087001929 0
0.00516 8613.14321479408 0
0.00517 8565.34591048288 0
0.00518 8518.50231396042 0
0.00519 8471.9143625999 0
0.0052 8424.15974779582 0
0.00521 8378.04569986843 0
0.00522 8332.87437243839 0
0.00523 8286.53870553955 0
0.00524 8240.43352857527 0
0.00525 8195.26600339949 0
0.00526 8150.32818407843 0
0.00527 8105.61112312077 0
0.00528 8060.4252335283 0
0.00529 8015.46674869571 0
0.0053 7971.43178032279 0
0.00531 7927.61690444974 0
0.00532 7884.01312918301 0
0.00533 7840.62567031608 0
0.00534 7796.76350271454 0
0.00535 7753.80587552716 0
0.00536 7711.06466693771 0
0.00537 7667.83327880773 0
0.00538 7625.50398067077 0
0.00539 7582.7028590262 0
0.0054 7540.7784631856 0
0.00541 7499.06195401333 0
0.00542 7456.86547825272 0
0.00543 7415.54360749945 0
0.00544 7374.42647182646 0
0.00545 7332.82528713072 0
0.00546 7292.10046242529 0
0.00547 7251.55885568732 0
0.00548 7211.21740792808 0
0.00549 7171.06368909176 0
0.0055 7129.73288550578 0
0.00551 7089.95817054912 0
0.00552 7050.36662792105 0
0.00553 7010.27128826387 0
0.00554 6971.04724228965 0
0.00555 6932.00358549868 0
0.00556 6893.12303471859 0
0.00557 6854.42776042193 0
0.00558 6815.24739061717 0
0.00559 6776.90518769648 0
0.0056 6738.72654497911 0
0.00561 6700.06261339315 0
0.00562 6662.2448029523 0
0.00563 6623.92291625084 0
0.00564 6586.42810850628 0
0.00565 6549.10636244347 0
0.00566 6511.28854028293 0
0.00567 6474.28985571282 0
0.00568 6436.80075935464 0
0.00569 6400.1365613757 0
0.0057 6363.62246979659 0
0.00571 6326.6096536003 0
0.00572 6290.42257692993 0
0.00573 6254.39188465722 0
0.00574 6218.50777971322 0
0.00575 6182.77755217856 0
0.00576 6146.54480886041 0
0.00577 6110.47528122109 0
0.00578 6075.2026813432 0
0.00579 6040.07928825592 0
0.0058 6005.10396735878 0
0.00581 5969.6240733892 0
0.00582 5934.30185269474 0
0.00583 5899.75806795442 0
0.00584 5865.36678979022 0
0.00585 5831.11805478326 0
0.00586 5797.00170453525 0
0.00587 5763.04390539107 0
0.00588 5728.56995225522 0
0.00589 5694.22794940783 0
0.0059 5660.66956429371 0
0.00591 5627.25661150735 0
0.00592 5593.97890232287 0
0.00593 5560.1831087337 0
0.00594 5527.17490436729 0
0.00595 5494.28808246708 0
0.00596 5460.89296306031 0
0.00597 5428.27914113721 0
0.00598 5395.14559610306 0
0.00599 5362.781855106 0
0.006 5330.55378974882 0
0.00601 5297.80646185499 0
0.00602 5265.91094779044 0
0.00603 5234.32839005208 0
0.00604 5202.32696597396 0
0.00605 5171.08071922574 0
0.00606 5139.94980570139 0
0.00607 5108.30245080876 0
0.00608 5077.40365015084 0
0.00609 5046.6284219168 0
0.0061 5015.95557207568 0
0.00611 4984.76338012079 0
0.00612 4953.68417412969 0
0.00613 4923.34503341879 0
0.00614 4893.12456029348 0
0.00615 4862.38345384002 0
0.00616 4832.37890358738 0
0.00617 4802.46815234371 0
0.00618 4772.67363721763 0
0.00619 4742.98147734446 0
0.0062 4712.76840758225 0
0.00621 4683.28265172427 0
0.00622 4653.89775992352 0
0.00623 4623.98983535878 0
0.00624 4594.18349566953 0
0.00625 4565.10906202218 0
0.00626 4536.12123789977 0
0.00627 4507.22982932691 0
0.00628 4477.82497018402 0
0.00629 4449.13663695233 0
0.0063 4420.54101514193 0
0.00631 4391.41075647074 0
0.00632 4363.00228977406 0
0.00633 4334.6852601412 0
0.00634 4305.83159115303 0
0.00635 4277.70784355009 0
0.00636 4249.66081282456 0
0.00637 4221.08880961638 0
0.00638 4193.23036028252 0
0.00639 4164.83416623899 0
0.0064 4137.13869187834 0
0.00641 4109.52700034024 0
0.00642 4081.40070990266 0
0.00643 4053.96989324649 0
0.00644 4026.6103548306 0
0.00645 3999.34416213589 0
0.00646 3971.55015420552 0
0.00647 3943.83890450672 0
0.00648 3916.81629729282 0
0.00649 3889.86090400208 0
0.0065 3863.00689180791 0
0.00651 3836.23033948305 0
0.00652 3809.50692609517 0
0.00653 3782.26608353492 0
0.00654 3755.11444804376 0
0.00655 3728.64216225176 0
0.00656 3702.23156757567 0
0.00657 3675.89372578751 0
0.00658 3649.03781396246 0
0.00659 3622.26759892492 0
0.0066 3596.14593432528 0
0.00661 3570.09394798242 0
0.00662 3544.13532111551 0
0.00663 3517.63353874947 0
0.00664 3491.80022204864 0
0.00665 3466.03251794911 0
0.00666 3439.74665298845 0
0.00667 3414.11180867206 0
0.00668 3388.54133695999 0
0.00669 3362.45104071226 0
0.0067 3337.00868308162 0
0.00671 3311.63991092386 0
0.00672 3285.73921846616 0
0.00673 3260.48116560842 0
0.00674 3235.2955316268 0
0.00675 3210.16881189809 0
0.00676 3184.50798651929 0
0.00677 3158.90656975576 0
0.00678 3134.54491498574 0
0.00679 3109.64611863262 0
0.0068 3083.62298873718 0
0.00681 3058.84929765011 0
0.00682 3034.12776845796 0
0.00683 3009.44622621113 0
0.00684 2984.81491864632 0
0.00685 2959.07373023198 0
0.00686 2934.55923066195 0
0.00687 2910.09250138706 0
0.00688 2885.6609411212 0
0.00689 2861.28896879052 0
0.0069 2836.37924314563 0
0.00691 2812.10001965375 0
0.00692 2787.87906571659 0
0.00693 2763.10410606591 0
0.00694 2738.95626788942 0
0.00695 2714.84870740399 0
0.00696 2690.2006799049 0
0.00697 2666.18876082299 0
0.00698 2641.63461882512 0
0.00699 2617.68564283886 0
0.007 2593.78667718461 0
0.00701 2569.34491184677 0
0.00702 2545.50240439627 0
0.00703 2521.7080218319 0
0.00704 2497.96106608363 0
0.00705 2474.23035724149 0
0.00706 2449.93760366039 0
0.00707 2425.70639006788 0
0.00708 2402.08013210354 0
0.00709 2378.44957887253 0
0.0071 2354.87577534944 0
0.00711 2330.7523104474 0
0.00712 2306.63832400443 0
0.00713 2283.69405988382 0
0.00714 2260.21192222318 0
0.00715 2235.60577851925 0
0.00716 2212.16504144618 0
0.00717 2188.74071154001 0
0.00718 2164.76244599363 0
0.00719 2141.37045001231 0
0.0072 2117.99194479137 0
0.00721 2094.62560570971 0
0.00722 2071.27009061569 0
0.00723 2047.37275981665 0
0.00724 2024.05395430438 0
0.00725 2000.72370623691 0
0.00726 1976.83247208928 0
0.00727 1953.53066115921 0
0.00728 1929.66540140606 0
0.00729 1906.36918940877 0
0.0073 1883.05361237667 0
0.00731 1859.19049139817 0
0.00732 1835.88959673616 0
0.00733 1812.58403114829 0
0.00734 1788.72767321305 0
0.00735 1765.40978061195 0
0.00736 1742.08157767337 0
0.00737 1718.18113181524 0
0.00738 1694.85023288455 0
0.00739 1670.94429265337 0
0.0074 1647.54560385745 0
0.00741 1624.16802139423 0
0.00742 1600.23285360362 0
0.00743 1576.79700749932 0
0.00744 1553.35888990013 0
0.00745 1529.89661305349 0
0.00746 1506.38735633993 0
0.00747 1482.33452194687 0
0.00748 1458.79022406991 0
0.00749 1435.21354470925 0
0.0075 1410.51350788002 0
0.00751 1386.87121653182 0
0.00752 1361.52447135697 0
0.00753 1323.40194800767 0
0.00754 1263.65305315768 0
0.00755 1179.55222816031 0
0.00756 1072.30500584803 0
0.00757 944.240396462204 0
0.00758 808.06873908603 0
0.00759 677.612587162868 0
0.0076 555.105441623738 0
0.00761 440.495848506983 0
0.00762 333.230692501993 0
0.00763 230.482464847613 0
0.00764 128.409211685746 0
0.00765 25.932314541236 0
0.00766 -75.8996106513526 0
0.00767 -177.067684771112 0
0.00768 -279.194962563638 0
0.00769 -381.209471366056 0
0.0077 -482.045590892396 0
0.00771 -583.299289312608 0
0.00772 -684.969275235981 0
0.00773 -785.498478505566 0
0.00774 -886.451320908299 0
0.00775 -987.854039023558 0
0.00776 -1088.61846511704 0
0.00777 -1189.26528671125 0
0.00778 -1289.85278454041 0
0.00779 -1390.35611432817 0
0.0078 -1491.32150444642 0
0.00781 -1591.63412316153 0
0.00782 -1691.32789111538 0
0.00783 -1792.03284187049 0
0.00784 -1892.15258151948 0
0.00785 -1991.63330038024 0
0.00786 -2092.13074923761 0
0.00787 -2192.59375666453 0
0.00788 -2291.85305050963 0
0.00789 -2391.62612904732 0
0.0079 -2491.88221681337 0
0.00791 -2591.54545482913 0
0.00792 -2691.15840298681 0
0.00793 -2790.6910804232 0
0.00794 -2890.17784174253 0
0.00795 -2990.19200424768 0
0.00796 -3089.62782477376 0
0.00797 -3188.42306538667 0
0.00798 -3288.32366914807 0
0.00799 -3387.65509613013 0
0.008 -3486.35317927137 0
0.00801 -3586.1288763102 0
0.00802 -3685.87812748936 0
0.00803 -3784.53596289484 0
0.00804 -3883.74589673808 0
0.00805 -3983.39960580527 0
0.00806 -4082.50414212815 0
0.00807 -4181.67031586749 0
0.00808 -4280.75351586083 0
0.00809 -4379.82924638063 0
0.0081 -4478.93830890169 0
0.00811 -4578.00764784867 0
0.00812 -4677.07732452896 0
0.00813 -4776.68016319364 0
0.00814 -4875.7570356961 0
0.00815 -4974.35333382615 0
0.00816 -5073.98009780709 0
0.00817 -5173.57780724701 0
0.00818 -5272.17390139355 0
0.00819 -5371.31795290428 0
0.0082 -5471.00970800952 0
0.00821 -5570.15492062588 0
0.00822 -5669.36763695414 0
0.00823 -5768.60905264903 0
0.00824 -5867.79512783098 0
0.00825 -5967.09996061967 0
0.00826 -6066.44114042945 0
0.00827 -6165.73231174925 0
0.00828 -6265.63164451527 0
0.00829 -6365.09330693015 0
0.0083 -6464.03302974207 0
0.00831 -6564.02173792628 0
0.00832 -6664.10420423328 0
0.00833 -6763.00646255953 0
0.00834 -6862.76582917366 0
0.00835 -6962.58471513251 0
0.00836 -7062.37113536034 0
0.00837 -7162.69193183891 0
0.00838 -7262.50640777651 0
0.00839 -7362.82923159825 0
0.0084 -7462.68507311833 0
0.00841 -7562.55811674075 0
0.00842 -7662.44898896807 0
0.00843 -7763.38612186271 0
0.00844 -7863.836017566 0
0.00845 -7963.80219716558 0
0.00846 -8064.83187395134 0
0.00847 -8164.86731386548 0
0.00848 -8265.44145226171 0
0.00849 -8367.10561433467 0
0.0085 -8467.24810936968 0
0.00851 -8567.9445397987 0
0.00852 -8676.31755449008 0
0.00853 -8796.5561245158 0
0.00854 -8924.03416119157 0
0.00855 -9052.26252711691 0
0.00856 -9180.69658234777 0
0.00857 -9309.90901445912 0
0.00858 -9439.92071685719 0
0.00859 -9570.75230250635 0
0.0086 -9702.34856752851 0
0.00861 -9834.27416120156 0
0.00862 -9966.55097106769 0
0.00863 -10100.1266992479 0
0.00864 -10234.581025422 0
0.00865 -10368.9119975682 0
0.00866 -10504.6694758701 0
0.00867 -10641.2395579332 0
0.00868 -10778.2284614461 0
0.00869 -10916.1618758607 0
0.0087 -11055.0552940336 0
0.00871 -11194.2705970443 0
0.00872 -11333.794976476 0
0.00873 -11474.9475418193 0
0.00874 -11616.4233161485 0
0.00875 -11759.3934221061 0
0.00876 -11903.5437579408 0
0.00877 -12046.8368518715 0
0.00878 -12192.144072525 0
0.00879 -12338.4636951319 0
0.0088 -12484.083127719 0
0.00881 -12631.9440491072 0
0.00882 -12780.6239611165 0
0.00883 -12929.0944045455 0
0.00884 -13079.3285861665 0
0.00885 -13229.861236983 0
0.00886 -13381.4299227683 0
0.00887 -13534.0431638677 0
0.00888 -13686.9325404985 0
0.00889 -13842.1427606238 0
0.0089 -13996.3337723966 0
0.00891 -14151.0493051921 0
0.00892 -14308.1051174755 0
0.00893 -14465.9066556326 0
0.00894 -14623.4251181659 0
0.00895 -14781.4678483675 0
0.00896 -14942.3777854054 0
0.00897 -15103.4953889902 0
0.00898 -15264.2932190273 0
0.00899 -15426.1059079803 0
0.009 -15588.9376852653 0
0.00901 -15752.7926163872 0
0.00902 -15917.6746044157 0
0.00903 -16082.6852580269 0
0.00904 -16248.2858799787 0
0.00905 -16414.3695502001 0
0.00906 -16581.8705528424 0
0.00907 -16749.9433404763 0
0.00908 -16919.4970649438 0
0.00909 -17088.589371726 0
0.0091 -17258.1512476685 0
0.00911 -17429.6627207578 0
0.00912 -17601.1541042335 0
0.00913 -17773.5882842354 0
0.00914 -17946.4818167124 0
0.00915 -18120.8031621788 0
0.00916 -18294.5513208719 0
0.00917 -18469.2075749521 0
0.00918 -18644.7720263134 0
0.00919 -18820.197416573 0
0.0092 -18996.9890876296 0
0.00921 -19175.2325944621 0
0.00922 -19352.820462029 0
0.00923 -19531.1765199502 0
0.00924 -19709.8864696466 0
0.00925 -19887.8489244887 0
0.00926 -20068.7094178297 0
0.00927 -20250.4077818653 0
0.00928 -20430.8393194372 0
0.00929 -20611.4227509 0
0.0093 -20793.2628536906 0
0.00931 -20976.5475062162 0
0.00932 -21159.4621624571 0
0.00933 -21343.1431423745 0
0.00934 -21526.3989952323 0
0.00935 -21709.6691686213 0
0.00936 -21894.3579216153 0
0.00937 -22079.2898236959 0
0.00938 -22264.6824426029 0
0.00939 -22450.2785381608 0
0.0094 -22636.0788221906 0
0.00941 -22822.2683375299 0
0.00942 -23009.1023232265 0
0.00943 -23195.6179816041 0
0.00944 -23381.9713297536 0
0.00945 -23569.4086145999 0
0.00946 -23756.9671639959 0
0.00947 -23945.1245046685 0
0.00948 -24132.5536274766 0
0.00949 -24320.5423594439 0
0.0095 -24509.0873412983 0
0.00951 -24696.8326482662 0
0.00952 -24886.456797174 0
0.00953 -25075.7317081264 0
0.00954 -25263.6566704355 0
0.00955 -25452.0558870389 0
0.00956 -25640.9242700474 0
0.00957 -25831.1946896315 0
0.00958 -26020.0727125366 0
0.00959 -26208.9005644681 0
0.0096 -26398.1519850395 0
0.00961 -26586.847405123 0
0.00962 -26776.9081424334 0
0.00963 -26965.9140715222 0
0.00964 -27155.2955267668 0
0.00965 -27344.0352108444 0
0.00966 -27532.6364798317 0
0.00967 -27722.6036081323 0
0.00968 -27911.8905753537 0
0.00969 -28098.4564677835 0
0.0097 -28287.2804604978 0
0.00971 -28477.4587900825 0
0.00972 -28664.8503209466 0
0.00973 -28852.4864643891 0
0.00974 -29040.3652403173 0
0.00975 -29228.9496370687 0
0.00976 -29415.711978703 0
0.00977 -29602.6734499089 0
0.00978 -29789.8306613529 0
0.00979 -29975.5654261102 0
0.0098 -30163.0809034475 0
0.00981 -30349.1491920644 0
0.00982 -30533.7259142523 0
0.00983 -30720.0685492628 0
0.00984 -30904.8953070594 0
0.00985 -31090.2950298805 0
0.00986 -31275.3340330704 0
0.00987 -31457.1036675926 0
0.00988 -31640.603915747 0
0.00989 -31825.8739038176 0
0.0099 -32008.2736188859 0
0.00991 -32188.515790327 0
0.00992 -32372.2116397375 0
0.00993 -32553.7612875664 0
0.00994 -32732.2991568551 0
0.00995 -32913.006881089 0
0.00996 -33093.2358438115 0
0.00997 -33273.4454370035 0
0.00998 -33451.8517678436 0
0.00999 -33628.8718086989 0
0.01 -33807.140599149 0
0.01001 -33985.3504354944 0
0.01002 -34255.5713600893 0
0.01003 -34690.5153806251 0
0.01004 -35172.3392087646 0
0.01005 -35597.6620716538 0
0.01006 -35969.0424772152 0
0.01007 -36290.3762267739 0
0.01008 -36590.9991837044 0
0.01009 -36900.0068285469 0
0.0101 -37220.298508736 0
0.01011 -37557.7311023918 0
0.01012 -37907.3872433155 0
0.01013 -38259.3459061423 0
0.01014 -38609.931696762 0
0.01015 -38955.6701779977 0
0.01016 -39294.3762424643 0
0.01017 -39629.7044156387 0
0.01018 -39961.460196102 0
0.01019 -40285.4448382586 0
0.0102 -40603.7943296611 0
0.01021 -40917.3485504114 0
0.01022 -41221.8091294627 0
0.01023 -41522.2704892472 0
0.01024 -41817.1327204795 0
0.01025 -42102.4452931336 0
0.01026 -42379.9189204367 0
0.01027 -42648.7828891038 0
0.01028 -42909.6040314398 0
0.01029 -43164.1734628614 0
0.0103 -43409.1709402158 0
0.01031 -43644.2570747965 0
0.01032 -43869.9781216412 0
0.01033 -44085.9798673405 0
0.01034 -44291.0144189986 0
0.01035 -44487.3878768399 0
0.01036 -44672.575211106 0
0.01037 -44843.5337972362 0
0.01038 -45003.4298642112 0
0.01039 -45152.8350020913 0
0.0104 -45291.8973164812 0
0.01041 -45415.7220695169 0
0.01042 -45526.2006370535 0
0.01043 -45625.2979772606 0
0.01044 -45710.3807292947 0
0.01045 -45778.7394038769 0
0.01046 -45834.695425382 0
0.01047 -45876.0177106254 0
0.01048 -45901.0377440702 0
0.01049 -45913.1455842024 0
0.0105 -45906.7749670304 0
0.01051 -45883.9677300095 0
0.01052 -45847.2788038475 0
0.01053 -45792.6638320609 0
0.01054 -45718.6477491826 0
0.01055 -45629.3925915856 0
0.01056 -45524.6494595478 0
0.01057 -45399.5808223191 0
0.01058 -45258.013494805 0
0.01059 -45097.179765954 0
0.0106 -44915.1221173318 0
0.01061 -44716.6363865191 0
0.01062 -44498.0650890103 0
0.01063 -44246.6504614571 0
0.01064 -44008.2452614798 0
0.01065 -43721.4858164118 0
0.01066 -43427.537022586 0
0.01067 -43128.2006467733 0
0.01068 -42744.6421951891 0
0.01069 -42407.8644027848 0
0.0107 -42039.8032790622 0
0.01071 -41613.3073797696 0
0.01072 -41207.3247057969 0
0.01073 -40741.9414929275 0
0.01074 -40270.5391911989 0
0.01075 -39793.2587332524 0
0.01076 -39282.9766936523 0
0.01077 -38766.7739031834 0
0.01078 -38217.3589683949 0
0.01079 -37634.4908330428 0
0.0108 -37017.9531902293 0
0.01081 -36395.2478910628 0
0.01082 -35738.7970077836 0
0.01083 -35076.2912374824 0
0.01084 -34407.936633475 0
0.01085 -33705.9502389547 0
0.01086 -32970.2240492265 0
0.01087 -32200.6785592437 0
0.01088 -31425.441087208 0
0.01089 -30645.1887614925 0
0.0109 -29802.7407598928 0
0.01091 -28954.5360130336 0
0.01092 -28215.2590549979 0
0.01093 -27670.9533917688 0
0.01094 -27238.3283306609 0
0.01095 -26774.8792930545 0
0.01096 -26337.5863535735 0
0.01097 -25898.9608623488 0
0.01098 -25458.6348497409 0
0.01099 -25045.7675998644 0
0.011 -24631.0364153084 0
0.01101 -24185.7377286863 0
0.01102 -23739.37352491 0
0.01103 -23349.6372147651 0
0.01104 -22929.5112930343 0
0.01105 -22479.2960851882 0
0.01106 -22085.6181411081 0
0.01107 -21690.5294751238 0
0.01108 -21266.3562144236 0
0.01109 -20869.7223094666 0
0.0111 -20472.2088274471 0
0.01111 -20073.8498471505 0
0.01112 -19674.2640749175 0
0.01113 -19274.7398837112 0
0.01114 -18903.1671928136 0
0.01115 -18501.8525471722 0
0.01116 -18129.0125154932 0
0.01117 -17755.6197911371 0
0.01118 -17352.513339552 0
0.01119 -17007.2326295031 0
0.0112 -16632.3416993937 0
0.01121 -16257.0049769312 0
0.01122 -15910.9105935016 0
0.01123 -15534.4011114821 0
0.01124 -15187.2107716756 0
0.01125 -14839.7395120608 0
0.01126 -14492.0084143742 0
0.01127 -14173.7572567895 0
0.01128 -13825.1982022285 0
0.01129 -13476.848625914 0
0.0113 -13128.3130108126 0
0.01131 -12808.9554421099 0
0.01132 -12489.9101294202 0
0.01133 -12170.3679578972 0
0.01134 -11879.7077366952 0
0.01135 -11560.0763811384 0
0.01136 -11240.8088945259 0
0.01137 -10921.0983848235 0
0.01138 -10630.7515673896 0
0.01139 -10340.0249663861 0
0.0114 -10049.7476935895 0
0.01141 -9759.92631475284 0
0.01142 -9469.75246008758 0
0.01143 -9179.64456717178 0
0.01144 -8918.59931730136 0
0.01145 -8658.07152180318 0
0.01146 -8368.66735319358 0
0.01147 -8108.34942880758 0
0.01148 -7848.15775213154 0
0.01149 -7617.49325976824 0
0.0115 -7357.58858941614 0
0.01151 -7097.82424290419 0
0.01152 -6867.59734618031 0
0.01153 -6608.1450532546 0
0.01154 -6378.23492446764 0
0.01155 -6177.88146206533 0
0.01156 -5948.32907831525 0
0.01157 -5689.57034964325 0
0.01158 -5489.7346799615 0
0.01159 -5290.49083228158 0
0.0116 -5061.65973950927 0
0.01161 -4861.97683356382 0
0.01162 -4662.88747873652 0
0.01163 -4463.98865304686 0
0.01164 -4265.68253654081 0
0.01165 -4067.16450020353 0
0.01166 -3897.78680045637 0
0.01167 -3729.00532153572 0
0.01168 -3531.07486335611 0
0.01169 -3363.07314004757 0
0.0117 -3224.19614667343 0
0.01171 -3055.78140750115 0
0.01172 -2887.95582523872 0
0.01173 -2720.31792430399 0
0.01174 -2553.26569589114 0
0.01175 -2415.31468024798 0
0.01176 -2306.4629244899 0
0.01177 -2168.88512321437 0
0.01178 -2002.58032031239 0
0.01179 -1865.35753214134 0
0.0118 -1757.61269031889 0
0.01181 -1650.04441493609 0
0.01182 -1512.96068327611 0
0.01183 -1406.13452473074 0
0.01184 -1299.08264622692 0
0.01185 -1192.20136934822 0
0.01186 -1085.48785165269 0
0.01187 -978.941425059401 0
0.01188 -901.842859003422 0
0.01189 -795.629306473267 0
0.0119 -718.858669365431 0
0.01191 -671.535417301405 0
0.01192 -565.817370877711 0
0.01193 -489.538571140827 0
0.01194 -442.704424045586 0
0.01195 -366.361768605493 0
0.01196 -290.965939132129 0
0.01197 -245.016252814389 0
0.01198 -198.44955539848 0
0.01199 -152.445533065933 0
0.012 -107.002606448116 0
0.01201 -61.3370621316301 0
0.01202 -45.1471999203597 0
0.01203 -28.7533005462698 0
0.01204 16.3747519766268 0
0.01205 61.3307353204221 0
0.01206 47.4566344483195 0
0.01207 62.3113108314159 0
0.01208 107.091669126663 0
0.01209 92.6024061441095 0
0.0121 106.856028149594 0
0.01211 238.77173419697 0
0.01212 429.34635340177 0
0.01213 561.102747729709 0
0.01214 693.152953741463 0
0.01215 883.530835199425 0
0.01216 1044.06566746647 0
0.01217 1175.50008518648 0
0.01218 1336.27742963471 0
0.01219 1496.99149261296 0
0.0122 1657.64324548151 0
0.01221 1818.23366032672 0
0.01222 1978.76370994319 0
0.01223 2139.23436783084 0
0.01224 2270.16003117541 0
0.01225 2430.50187551167 0
0.01226 2590.78792874122 0
0.01227 2751.0191670445 0
0.01228 2911.19656730526 0
0.01229 3071.32110711927 0
0.0123 3231.39376478286 0
0.01231 3361.86430117433 0
0.01232 3521.82529674055 0
0.01233 3711.307960994 0
0.01234 3871.18356973858 0
0.01235 4001.42374297438 0
0.01236 4161.19687538388 0
0.01237 4320.92566944768 0
0.01238 4480.61110946362 0
0.01239 4639.87144320899 0
0.0124 4799.47378475151 0
0.01241 4959.41756240915 0
0.01242 5089.28498313546 0
0.01243 5248.76103843549 0
0.01244 5437.49229283107 0
0.01245 5596.9031727674 0
0.01246 5726.96680813106 0
0.01247 5886.30108834009 0
0.01248 6045.22181295544 0
0.01249 6204.49209891537 0
0.0125 6363.73113963681 0
0.01251 6522.94079634483 0
0.01252 6680.60154842873 0
0.01253 6826.46720120747 0
0.01254 6952.59687778389 0
0.01255 7056.75454132854 0
0.01256 7138.22506439887 0
0.01257 7200.45977282775 0
0.01258 7255.98663032562 0
0.01259 7286.34923291881 0
0.0126 7383.25040144446 0
0.01261 7458.35192810742 0
0.01262 7510.48771474244 0
0.01263 7625.75659612909 0
0.01264 7711.60953769485 0
0.01265 7768.03362478563 0
0.01266 7884.21649448835 0
0.01267 7970.20039003102 0
0.01268 8026.72965443903 0
0.01269 8143.04122461175 0
0.0127 8229.50441311988 0
0.01271 8286.11414893383 0
0.01272 8372.63854604766 0
0.01273 8488.69852496667 0
0.01274 8575.25601319162 0
0.01275 8661.82870194548 0
0.01276 8748.03922585607 0
0.01277 8804.73590317861 0
0.01278 8921.24982113166 0
0.01279 9007.85468161255 0
0.0128 9064.18285895872 0
0.01281 9180.70300699951 0
0.01282 9267.29912815889 0
0.01283 9353.88636242745 0
0.01284 9440.46081884794 0
0.01285 9526.64676203883 0
0.01286 9613.18732780975 0
0.01287 9699.70606297922 0
0.01288 9816.09890595127 0
0.01289 9872.27455950884 0
0.0129 9958.70879265926 0
0.01291 10075.000509638 0
0.01292 10131.0788506334 0
0.01293 10217.3996295438 0
0.01294 10333.5590062042 0
0.01295 10419.7641209066 0
0.01296 10505.9177469081 0
0.01297 10592.0166771124 0
0.01298 10647.8219139126 0
0.01299 10763.6888003147 0
0.013 10849.6045468719 0
0.01301 10935.0825757606 0
0.01302 11050.7016979372 0
0.01303 11106.5400199804 0
0.01304 11192.1657070935 0
0.01305 11307.1616332822 0
0.01306 11392.5906887205 0
0.01307 11448.1263654511 0
0.01308 11563.2058899189 0
0.01309 11648.3604186071 0
0.0131 11733.048266727 0
0.01311 11847.7725176907 0
0.01312 11902.8269656389 0
0.01313 11987.5689960842 0
0.01314 12101.570038929 0
0.01315 12186.0471830366 0
0.01316 12240.6883995753 0
0.01317 12354.3015130212 0
0.01318 12468.1042485517 0
0.01319 12522.3623105659 0
0.0132 12606.2099670992 0
0.01321 12689.9216676747 0
0.01322 12832.4101346635 0
0.01323 13063.8857494018 0
0.01324 13294.9024860138 0
0.01325 13554.6662655049 0
0.01326 13784.6437094579 0
0.01327 14014.0897380209 0
0.01328 14242.9809213154 0
0.01329 14471.2937714835 0
0.0133 14698.6390267387 0
0.01331 14896.2484595084 0
0.01332 15093.2953020328 0
0.01333 15289.7619359248 0
0.01334 15485.6294351362 0
0.01335 15680.5151250422 0
0.01336 15875.1297379942 0
0.01337 16039.7645892422 0
0.01338 16203.8284551176 0
0.01339 16366.9432414877 0
0.0134 16529.8236844073 0
0.01341 16692.0915061311 0
0.01342 16824.1898666208 0
0.01343 16956.1234329565 0
0.01344 17116.6357040776 0
0.01345 17247.0370497291 0
0.01346 17348.1910547485 0
0.01347 17478.2749105727 0
0.01348 17607.055644231 0
0.01349 17706.3005555733 0
0.0135 17805.7973905376 0
0.01351 17904.4520929636 0
0.01352 18002.2583525199 0
0.01353 18071.1293576203 0
0.01354 18168.397671333 0
0.01355 18236.4319049293 0
0.01356 18303.7253450686 0
0.01357 18370.6357207956 0
0.01358 18408.9057923011 0
0.01359 18504.0715502218 0
0.0136 18541.6349352459 0
0.01361 18550.4404947989 0
0.01362 18616.0341098645 0
0.01363 18652.8080453636 0
0.01364 18660.5778141769 0
0.01365 18696.9144545121 0
0.01366 18704.6855824365 0
0.01367 18711.9655226183 0
0.01368 18747.6861707846 0
0.01369 18726.7890357232 0
0.0137 18733.670859051 0
0.01371 18740.7781967416 0
0.01372 18692.0157250634 0
0.01373 18670.6912245845 0
0.01374 18649.7336822611 0
0.01375 18656.7064449945 0
0.01376 18607.4220691988 0
0.01377 18558.6464038651 0
0.01378 18537.8191913817 0
0.01379 18461.1260743398 0
0.0138 18412.7988215345 0
0.01381 18364.6202228191 0
0.01382 18316.2321218228 0
0.01383 18241.1148236072 0
0.01384 18165.9280097753 0
0.01385 18090.6705489591 0
0.01386 18016.0561922972 0
0.01387 17941.7264003314 0
0.01388 17839.9292074242 0
0.01389 17738.9076379346 0
0.0139 17638.3013522802 0
0.01391 17565.027490387 0
0.01392 17465.1482007209 0
0.01393 17338.4760867554 0
0.01394 17212.3396749995 0
0.01395 17086.3769264906 0
0.01396 16988.3855937013 0
0.01397 16864.0893285563 0
0.01398 16712.5778542907 0
0.01399 16589.0397384595 0
0.014 16439.0552508902 0
0.01401 16289.3331483966 0
0.01402 16194.3409426447 0
0.01403 16153.4142146536 0
0.01404 16139.0769333445 0
0.01405 16125.105285227 0
0.01406 16111.1436801031 0
0.01407 16123.5532510805 0
0.01408 16109.5258703821 0
0.01409 16095.5082960822 0
0.0141 16108.1157703801 0
0.01411 16094.0313692981 0
0.01412 16079.9563003828 0
0.01413 16065.8904375379 0
0.01414 16051.4792782783 0
0.01415 16063.877824251 0
0.01416 16049.7516474294 0
0.01417 16035.2802676448 0
0.01418 16021.1708352467 0
0.01419 16007.0697550629 0
0.0142 16018.9000505711 0
0.01421 16004.727781244 0
0.01422 15990.5631641603 0
0.01423 15976.4065191582 0
0.01424 15962.2572774808 0
0.01425 15973.868366437 0
0.01426 15959.6459063606 0
0.01427 15919.3936523068 0
0.01428 15931.2758563267 0
0.01429 15942.6898207729 0
0.0143 15902.4732158476 0
0.01431 15888.2846655479 0
0.01432 15899.6148072836 0
0.01433 15885.3503621819 0
0.01434 15871.0920815987 0
0.01435 15856.8398404924 0
0.01436 15829.7308373746 0
0.01437 15818.1037563275 0
0.01438 15818.946188434 0
0.01439 15807.2608163489 0
0.0144 15795.5682246327 0
0.01441 15783.5172392047 0
0.01442 15771.8098105532 0
0.01443 15757.546832529 0
0.01444 15743.2887044837 0
0.01445 15731.2253431526 0
0.01446 15722.0423184045 0
0.01447 15707.770496823 0
0.01448 15693.5031933856 0
0.01449 15681.7668679495 0
0.0145 15667.1482964296 0
0.01451 15652.8836118534 0
0.01452 15641.139120218 0
0.01453 15626.8729003469 0
0.01454 15612.260092298 0
0.01455 15600.5062178436 0
0.01456 15586.2406395997 0
0.01457 15569.129918305 0
0.01458 15554.8792163781 0
0.01459 15543.1229758071 0
0.0146 15528.8689126894 0
0.01461 15512.1330952736 0
0.01462 15497.8933172853 0
0.01463 15483.3066911784 0
0.01464 15466.5975417952 0
0.01465 15452.3731912442 0
0.01466 15437.8020969258 0
0.01467 15423.5813503462 0
0.01468 15406.9030258831 0
0.01469 15390.2391084472 0
0.0147 15375.6930855237 0
0.01471 15359.0481275915 0
0.01472 15342.417067987 0
0.01473 15328.2415962325 0
0.01474 15311.6292147501 0
0.01475 15294.6826029591 0
0.01476 15278.0972332487 0
0.01477 15261.5254059688 0
0.01478 15247.3904359962 0
0.01479 15230.4883739274 0
0.0148 15211.5307436262 0
0.01481 15195.0114533811 0
0.01482 15178.1578069911 0
0.01483 15159.2586879139 0
0.01484 15142.7869470721 0
0.01485 15126.3279122407 0
0.01486 15109.8814780104 0
0.01487 15090.7095512525 0
0.01488 15071.9095916731 0
0.01489 15057.9018727842 0
0.0149 15038.7867942687 0
0.01491 15017.666603687 0
0.01492 15001.3296408992 0
0.01493 14985.0045772399 0
0.01494 14966.325835676 0
0.01495 14947.3252433483 0
0.01496 14928.6951895026 0
0.01497 14910.0893779668 0
0.01498 14891.5080439363 0
0.01499 14872.950770121 0
0.015 14854.0717574579 0
0.01501 14835.5622536848 0
0.01502 14816.3849572422 0
0.01503 14794.4645500948 0
0.01504 14764.3582044541 0
0.01505 14730.7281936696 0
0.01506 14691.2301643562 0
0.01507 14643.5408220429 0
0.01508 14594.475427158 0
0.01509 14548.7599489682 0
0.0151 14504.7621009429 0
0.01511 14460.8702525984 0
0.01512 14418.7129224071 0
0.01513 14377.6017652434 0
0.01514 14339.1399949428 0
0.01515 14298.0447287866 0
0.01516 14256.961923562 0
0.01517 14216.2360975456 0
0.01518 14175.1783614672 0
0.01519 14134.4775374216 0
0.0152 14093.7892204311 0
0.01521 14052.4248652832 0
0.01522 14011.4166333107 0
0.01523 13970.7647555073 0
0.01524 13927.527148549 0
0.01525 13886.5653345709 0
0.01526 13845.9595968814 0
0.01527 13803.1238107634 0
0.01528 13759.969998482 0
0.01529 13719.4203550839 0
0.0153 13678.5392750834 0
0.01531 13635.4434172815 0
0.01532 13592.7164436023 0
0.01533 13551.8911996533 0
0.01534 13508.8625921147 0
0.01535 13465.8595707907 0
0.01536 13423.2253418044 0
0.01537 13380.617060877 0
0.01538 13339.8911558891 0
0.01539 13294.7860408813 0
0.0154 13252.2547729409 0
0.01541 13209.7495272897 0
0.01542 13166.9274066878 0
0.01543 13124.1310206927 0
0.01544 13079.1844369935 0
0.01545 13036.4490946306 0
0.01546 12994.0820862734 0
0.01547 12949.5774060732 0
0.01548 12906.9299048573 0
0.01549 12864.3083098599 0
0.0155 12817.7512778843 0
0.01551 12775.2011713793 0
0.01552 12732.6770758254 0
0.01553 12688.381356834 0
0.01554 12644.1257564888 0
0.01555 12599.5682589134 0
0.01556 12555.0506453182 0
0.01557 12510.9147744482 0
0.01558 12468.5968310361 0
0.01559 12424.189760032 0
0.0156 12378.0530498624 0
0.01561 12333.7361557693 0
0.01562 12291.5626508766 0
0.01563 12245.5588426908 0
0.01564 12199.2679439742 0
0.01565 12157.2130401343 0
0.01566 12111.3523625481 0
0.01567 12065.5462758863 0
0.01568 12023.610828775 0
0.01569 11977.5531505385 0
0.0157 11931.8909418679 0
0.01571 11888.0087775665 0
0.01572 11842.1052284464 0
0.01573 11796.5971623989 0
0.01574 11751.1441269676 0
0.01575 11705.4053469244 0
0.01576 11661.7670318605 0
0.01577 11616.4689065584 0
0.01578 11570.8854078737 0
0.01579 11525.3569415538 0
0.0158 11480.2240061365 0
0.01581 11434.8060635714 0
0.01582 11387.4226028118 0
0.01583 11342.4651175144 0
0.01584 11297.2229852952 0
0.01585 11252.0362749085 0
0.01586 11207.2451505163 0
0.01587 11160.509961291 0
0.01588 11113.5044371879 0
0.01589 11068.5600155193 0
0.0159 11024.0112160644 0
0.01591 10977.1953619947 0
0.01592 10930.4492057336 0
0.01593 10886.0874165414 0
0.01594 10839.471459336 0
0.01595 10792.9253833993 0
0.01596 10748.7511541377 0
0.01597 10702.6752642131 0
0.01598 10654.3762079089 0
0.01599 10608.1108544527 0
0.016 10562.2550118302 0
0.01601 10516.1302983395 0
0.01602 10472.0130994834 0
0.01603 10424.425565951 0
0.01604 10376.583255069 0
0.01605 10332.6744818137 0
0.01606 10285.3205318116 0
0.01607 10238.0511774715 0
0.01608 10194.3516166086 0
0.01609 10146.8931502575 0
0.0161 10099.8579478134 0
0.01611 10054.4681447146 0
0.01612 10007.2537886595 0
0.01613 9960.46265820876 0
0.01614 9913.41764619785 0
0.01615 9868.3400119427 0
0.01616 9821.79329021613 0
0.01617 9775.3315264707 0
0.01618 9728.61620072909 0
0.01619 9681.98559359108 0
0.0162 9635.77808642373 0
0.01621 9589.31723597956 0
0.01622 9542.94118031039 0
0.01623 9495.13882133338 0
0.01624 9450.78721754891 0
0.01625 9402.82492947611 0
0.01626 9355.29914003728 0
0.01627 9311.19922896975 0
0.01628 9263.8517999927 0
0.01629 9216.26495572268 0
0.0163 9170.59677092467 0
0.01631 9125.35127304688 0
0.01632 9078.04134493358 0
0.01633 9031.1675716934 0
0.01634 8984.05464413727 0
0.01635 8937.04006758119 0
0.01636 8892.25670448549 0
0.01637 8845.76743424118 0
0.01638 8799.03910829633 0
0.01639 8752.40905523294 0
0.0164 8706.21470172779 0
0.01641 8659.78133557379 0
0.01642 8611.67568373267 0
0.01643 8565.78512018361 0
0.01644 8519.65554911663 0
0.01645 8473.62404021 0
0.01646 8428.0277597578 0
0.01647 8383.94241543 0
0.01648 8345.51652927544 0
0.01649 8308.540672466 0
0.0165 8271.59708107212 0
0.01651 8235.02266574911 0
0.01652 8199.87325196758 0
0.01653 8163.35472272132 0
0.01654 8126.53198256731 0
0.01655 8091.45879028222 0
0.01656 8055.02897442074 0
0.01657 8018.63213388372 0
0.01658 7981.93154531662 0
0.01659 7945.26382753329 0
0.0166 7908.96570117693 0
0.01661 7872.36417149776 0
0.01662 7837.48371710362 0
0.01663 7800.93931569978 0
0.01664 7762.74851970559 0
0.01665 7728.29173992405 0
0.01666 7692.18405647629 0
0.01667 7656.11011626515 0
0.01668 7619.73357825572 0
0.01669 7581.73187672584 0
0.0167 7547.42268190477 0
0.01671 7511.14752578074 0
0.01672 7473.25997997277 0
0.01673 7437.06165550597 0
0.01674 7402.53526062688 0
0.01675 7366.73210823449 0
0.01676 7329.33388293064 0
0.01677 7293.60874570895 0
0.01678 7257.58213940256 0
0.01679 7219.97302930729 0
0.0168 7184.36030952158 0
0.01681 7148.44645180331 0
0.01682 7112.56724205512 0
0.01683 7076.7226916841 0
0.01684 7039.65289595112 0
0.01685 7003.88728047752 0
0.01686 6968.15668522327 0
0.01687 6931.2134756299 0
0.01688 6895.56225835264 0
0.01689 6860.28183910168 0
0.0169 6823.46630230404 0
0.01691 6787.93035333921 0
0.01692 6752.42980865589 0
0.01693 6715.74228377243 0
0.01694 6678.76826423979 0
0.01695 6643.39260427103 0
0.01696 6608.38803722123 0
0.01697 6571.54300189476 0
0.01698 6535.0824286737 0
0.01699 6499.86839638653 0
0.017 6463.16204217898 0
0.01701 6428.36427962983 0
0.01702 6393.26766991079 0
0.01703 6355.51108916337 0
0.01704 6318.99364411849 0
0.01705 6284.03294571254 0
0.01706 6249.44374753695 0
0.01707 6213.0573844345 0
0.01708 6177.05584278884 0
0.01709 6142.25948939434 0
0.0171 6106.01382279431 0
0.01711 6070.15296638568 0
0.01712 6034.00739210181 0
0.01713 5997.91179549147 0
0.01714 5963.67033736602 0
0.01715 5927.66627866024 0
0.01716 5891.71248973729 0
0.01717 5856.14369838696 0
0.01718 5820.29069998929 0
0.01719 5784.82280734958 0
0.0172 5749.4055668298 0
0.01721 5713.70430349561 0
0.01722 5678.05357628402 0
0.01723 5644.21911780085 0
0.01724 5608.6609757469 0
0.01725 5571.73093194789 0
0.01726 5536.61761105523 0
0.01727 5502.63488576616 0
0.01728 5467.28003580755 0
0.01729 5430.90484192288 0
0.0173 5395.66082045827 0
0.01731 5360.4677803755 0
0.01732 5325.6601611876 0
0.01733 5290.90382687354 0
0.01734 5254.47980178371 0
0.01735 5219.5003117989 0
0.01736 5186.28251305054 0
0.01737 5150.02490943732 0
0.01738 5114.16582031031 0
0.01739 5080.76401827608 0
0.0174 5046.04131962796 0
0.01741 5010.34897885716 0
0.01742 4974.38700901868 0
0.01743 4939.83610596046 0
0.01744 4905.33668742588 0
0.01745 4871.22288033198 0
0.01746 4835.82663349931 0
0.01747 4801.49093036342 0
0.01748 4767.54090550842 0
0.01749 4731.98699652978 0
0.0175 4696.49759533372 0
0.01751 4662.71986712223 0
0.01752 4628.99409083439 0
0.01753 4595.68506512381 0
0.01754 4567.41584368149 0
0.01755 4541.57834964246 0
0.01756 4518.81631009763 0
0.01757 4501.08736984846 0
0.01758 4484.7556113229 0
0.01759 4466.20493832361 0
0.0176 4446.39349293372 0
0.01761 4425.65415257383 0
0.01762 4405.25386314678 0
0.01763 4382.64816205763 0
0.01764 4360.11367632158 0
0.01765 4339.23935720721 0
0.01766 4316.83874159213 0
0.01767 4294.50901165982 0
0.01768 4273.82683317494 0
0.01769 4251.96399861059 0
0.0177 4229.8382777555 0
0.01771 4207.78299001421 0
0.01772 4186.1315715946 0
0.01773 4165.43987490935 0
0.01774 4143.58707951935 0
0.01775 4122.13776656756 0
0.01776 4099.21411940402 0
0.01777 4077.57927234069 0
0.01778 4057.21683845797 0
0.01779 4035.71284432341 0
0.0178 4014.61164645829 0
0.01781 3993.57988038669 0
0.01782 3972.61742201943 0
0.01783 3951.39074182426 0
0.01784 3930.23294382162 0
0.01785 3909.47724985348 0
0.01786 3888.45701015184 0
0.01787 3867.50528316892 0
0.01788 3846.95524552398 0
0.01789 3826.14033435672 0
0.0179 3804.23810334873 0
0.01791 3783.56730500489 0
0.01792 3762.96437474236 0
0.01793 3742.76241721979 0
0.01794 3722.62824964655 0
0.01795 3701.09247358928 0
0.01796 3680.76800336203 0
0.01797 3660.84392365573 0
0.01798 3639.52942526867 0
0.01799 3619.41422210452 0
0.018 3599.69896648662 0
0.01801 3578.93755420687 0
0.01802 3559.03052664368 0
0.01803 3539.18990002554 0
0.01804 3519.74863621132 0
0.01805 3498.94277079125 0
0.01806 3478.21442301254 0
0.01807 3458.65365608893 0
0.01808 3439.15859873882 0
0.01809 3420.06215490149 0
0.0181 3399.95231892602 0
0.01811 3379.58630422604 0
0.01812 3359.29679568711 0
0.01813 3340.48442865659 0
0.01814 3321.73707597832 0
0.01815 3301.66119896659 0
0.01816 3281.66114657718 0
0.01817 3262.06968456217 0
0.01818 3243.2702439084 0
0.01819 3224.20197160433 0
0.0182 3204.82134978499 0
0.01821 3185.51582250418 0
0.01822 3165.95231222017 0
0.01823 3146.4633630255 0
0.01824 3128.07631370537 0
0.01825 3110.08536669928 0
0.01826 3090.11707901006 0
0.01827 3070.91757299212 0
0.01828 3052.80484740235 0
0.01829 3034.07803918152 0
0.0183 3015.4246993331 0
0.01831 2996.51178665739 0
0.01832 2977.6718069573 0
0.01833 2958.90455663648 0
0.01834 2941.53449127789 0
0.01835 2923.23794543869 0
0.01836 2903.36335638056 0
0.01837 2884.88532868755 0
0.01838 2867.78966174626 0
0.01839 2849.44806032643 0
0.0184 2830.20705621004 0
0.01841 2812.34794751164 0
0.01842 2795.52391779167 0
0.01843 2777.46714623855 0
0.01844 2758.5239851879 0
0.01845 2740.94805215883 0
0.01846 2723.4424983977 0
0.01847 2705.67437380222 0
0.01848 2687.97609009399 0
0.01849 2669.40741654499 0
0.0185 2651.8550896001 0
0.01851 2634.70471529478 0
0.01852 2617.29077866977 0
0.01853 2599.94567098456 0
0.01854 2582.07865250738 0
0.01855 2565.21023802085 0
0.01856 2548.07745135553 0
0.01857 2530.09934531659 0
0.01858 2513.44178121969 0
0.01859 2496.51922550386 0
0.0186 2478.7605676506 0
0.01861 2462.31190786553 0
0.01862 2445.59763266628 0
0.01863 2428.38907936364 0
0.01864 2410.92431013315 0
0.01865 2394.42290589359 0
0.01866 2378.3202789052 0
0.01867 2361.07010356077 0
0.01868 2344.77296491392 0
0.01869 2327.99945783518 0
0.0187 2310.96824357041 0
0.01871 2294.8798016752 0
0.01872 2278.32378367741 0
0.01873 2262.37120177703 0
0.01874 2246.815652779 0
0.01875 2229.28032686914 0
0.01876 2212.68031810974 0
0.01877 2198.18501842497 0
0.01878 2181.71843033002 0
0.01879 2164.48106068234 0
0.0188 2149.3385181272 0
0.01881 2133.92616227623 0
0.01882 2117.74214581794 0
0.01883 2101.13115982146 0
0.01884 2085.42884080751 0
0.01885 2071.11521950432 0
0.01886 2055.20976296688 0
0.01887 2038.55555758883 0
0.01888 2023.12946405684 0
0.01889 2008.25394044796 0
0.0189 1992.62873903374 0
0.01891 1977.40561952123 0
0.01892 1961.91897403703 0
0.01893 1946.83385834612 0
0.01894 1931.48466322286 0
0.01895 1916.20370985073 0
0.01896 1901.32346769016 0
0.01897 1885.38824703671 0
0.01898 1871.43622639519 0
0.01899 1856.42572409925 0
0.019 1841.48206371003 0
0.01901 1826.93775699766 0
0.01902 1812.12709916767 0
0.01903 1800.47495270169 0
0.01904 1789.18755049086 0
0.01905 1777.5994109255 0
0.01906 1766.80784628193 0
0.01907 1755.61047886651 0
0.01908 1744.11214734014 0
0.01909 1732.97828289044 0
0.0191 1722.29698615749 0
0.01911 1710.88794321096 0
0.01912 1699.84320200803 0
0.01913 1689.24255912265 0
0.01914 1678.25511616806 0
0.01915 1666.96624792626 0
0.01916 1655.70857008996 0
0.01917 1644.81492342208 0
0.01918 1633.61959116697 0
0.01919 1623.18429353737 0
0.0192 1612.77171712942 0
0.01921 1601.99114196285 0
0.01922 1590.52063623339 0
0.01923 1580.19265529305 0
0.01924 1569.88719851226 0
0.01925 1558.51155691565 0
0.01926 1548.26204379059 0
0.01927 1537.32746105816 0
0.01928 1526.75628240635 0
0.01929 1516.58473278826 0
0.0193 1505.73597148402 0
0.01931 1495.25045193204 0
0.01932 1484.46222886902 0
0.01933 1474.39558375981 0
0.01934 1463.99516886431 0
0.01935 1453.62485522025 0
0.01936 1443.63510353882 0
0.01937 1432.30534118416 0
0.01938 1422.70301199668 0
0.01939 1412.78951477476 0
0.0194 1401.55155890378 0
0.01941 1391.35466606473 0
0.01942 1381.52217043575 0
0.01943 1371.711242732 0
0.01944 1361.59230418334 0
0.01945 1351.16965395383 0
0.01946 1340.77623332399 0
0.01947 1330.74517282305 0
0.01948 1320.41014425852 0
0.01949 1310.75395275214 0
0.0195 1301.45221323354 0
0.01951 1290.88236098336 0
0.01952 1280.65808805757 0
0.01953 1271.10216905985 0
0.01954 1261.90054922505 0
0.01955 1251.75219377857 0
0.01956 1241.00037633989 0
0.01957 1231.87698250681 0
0.01958 1222.44118082624 0
0.01959 1212.40166333771 0
0.0196 1202.72381332023 0
0.01961 1192.74092392541 0
0.01962 1182.78615886852 0
0.01963 1173.80734562038 0
0.01964 1163.90374564968 0
0.01965 1154.02806372042 0
0.01966 1145.12073209486 0
0.01967 1135.29583529659 0
0.01968 1125.49864910597 0
0.01969 1116.06264266844 0
0.0197 1106.65433841674 0
0.01971 1097.53482961149 0
0.01972 1088.43535505823 0
0.01973 1078.5098323074 0
0.01974 1068.87288191393 0
0.01975 1059.84809714525 0
0.01976 1050.59425463258 0
0.01977 1041.61409272902 0
0.01978 1032.40960073796 0
0.01979 1022.89852890901 0
0.0198 1013.98717278139 0
0.01981 1004.85866510495 0
0.01982 995.423230537999 0
0.01983 986.014473477972 0
0.01984 976.632277054464 0
0.01985 967.610412502917 0
0.01986 958.839876903539 0
0.01987 950.088542654467 0
0.01988 941.136396542439 0
0.01989 932.210606846343 0
0.0199 922.97718423394 0
0.01991 913.769813337082 0
0.01992 904.922412566695 0
0.01993 896.309246314836 0
0.01994 888.048882562406 0
0.01995 878.398422606057 0
0.01996 869.315790137062 0
0.01997 861.125799886858 0
0.01998 852.620404288467 0
0.01999 843.60529772899 0
0.02 834.615587444424 0
0.02001 825.985394627702 0
0.02002 816.712235884227 0
0.02003 805.643814140902 0
0.02004 790.064932892813 0
0.02005 769.494608413751 0
0.02006 744.442762531287 0
0.02007 714.880710619429 0
0.02008 683.998025880984 0
0.02009 654.640125985977 0
0.0201 626.460534229671 0
0.02011 599.635659790468 0
0.02012 574.165990368777 0
0.02013 549.7176695662 0
0.02014 525.781913726908 0
0.02015 501.700015931456 0
0.02016 477.301833921825 0
0.02017 453.074674110952 0
0.02018 429.042389951688 0
0.02019 404.693489899555 0
0.0202 380.843246309623 0
0.02021 356.859970368965 0
0.02022 332.559683370636 0
0.02023 308.27686772961 0
0.02024 284.011428063577 0
0.02025 260.567995694961 0
0.02026 236.800565724213 0
0.02027 212.578061366143 0
0.02028 187.90923316358 0
0.02029 164.186223636266 0
0.0203 140.808491103181 0
0.02031 116.64928991493 0
0.02032 92.5067239357983 0
0.02033 68.7156837764372 0
0.02034 44.9412368795461 0
0.02035 20.9613626670208 0
0.02036 -3.11988020005948 0
0.02037 -26.8498209252092 0
0.02038 -50.7920995191213 0
0.02039 -74.829501970803 0
0.0204 -98.5158165474125 0
0.02041 -122.086116095164 0
0.02042 -146.080437709354 0
0.02043 -169.723954518053 0
0.02044 -193.258152524662 0
0.02045 -217.210376326864 0
0.02046 -240.811958947407 0
0.02047 -264.733790841733 0
0.02048 -288.64067031133 0
0.02049 -312.114115580404 0
0.0205 -335.660023751392 0
0.02051 -359.526698218408 0
0.02052 -383.302166497414 0
0.02053 -406.808558777846 0
0.02054 -429.892272378297 0
0.02055 -454.045390906468 0
0.02056 -478.253037143841 0
0.02057 -501.300721585535 0
0.02058 -524.676374305324 0
0.02059 -548.442392241436 0
0.0206 -572.194852528024 0
0.02061 -595.597986725066 0
0.02062 -618.595740931515 0
0.02063 -642.312045229153 0
0.02064 -666.015292668214 0
0.02065 -689.319755923582 0
0.02066 -713.001212485269 0
0.02067 -736.669993161236 0
0.02068 -759.990084424465 0
0.02069 -783.255897315272 0
0.0207 -807.227494822097 0
0.02071 -830.514533596717 0
0.02072 -853.417434956027 0
0.02073 -877.356815767872 0
0.02074 -900.948262182061 0
0.02075 -924.191615909319 0
0.02076 -947.3957396728 0
0.02077 -970.956450165954 0
0.02078 -994.169441343023 0
0.02079 -1017.34947727212 0
0.0208 -1040.88074147886 0
0.02081 -1064.06451100091 0
0.02082 -1087.22171918767 0
0.02083 -1110.7246967502 0
0.02084 -1134.21733473149 0
0.02085 -1157.01618983657 0
0.02086 -1180.49214474931 0
0.02087 -1204.29516907954 0
0.02088 -1227.41470430817 0
0.02089 -1250.18522024407 0
0.0209 -1273.96309409826 0
0.02091 -1297.39481883937 0
0.02092 -1320.14660218476 0
0.02093 -1343.56367331364 0
0.02094 -1366.97191338303 0
0.02095 -1390.37148495216 0
0.02096 -1413.09905259 0
0.02097 -1436.14786985448 0
0.02098 -1459.5257308303 0
0.02099 -1482.57481789023 0
0.021 -1505.94031207362 0
0.02101 -1529.29809473739 0
0.02102 -1552.490680728 0
0.02103 -1575.34096443012 0
0.02104 -1598.61760159365 0
0.02105 -1622.19500564914 0
0.02106 -1645.09180016982 0
0.02107 -1667.98324480347 0
0.02108 -1691.57565879168 0
0.02109 -1714.76453927813 0
0.0211 -1737.6414135521 0
0.02111 -1760.85163584022 0
0.02112 -1784.02779450812 0
0.02113 -1806.92145806448 0
0.02114 -1830.11910647603 0
0.02115 -1853.31305813143 0
0.02116 -1876.1651163878 0
0.02117 -1899.35183854737 0
0.02118 -1922.53529263627 0
0.02119 -1945.6871048896 0
0.0212 -1968.52650938581 0
0.02121 -1991.72959370634 0
0.02122 -2015.24015762052 0
0.02123 -2038.04355194484 0
0.02124 -2060.87273342204 0
0.02125 -2084.37703147814 0
0.02126 -2107.54105760574 0
0.02127 -2130.36462226023 0
0.02128 -2153.52539125866 0
0.02129 -2176.684900323 0
0.0213 -2199.50446060821 0
0.02131 -2222.66184424118 0
0.02132 -2245.79225503531 0
0.02133 -2268.94876742701 0
0.02134 -2292.13114998524 0
0.02135 -2314.92189841512 0
0.02136 -2338.07802150875 0
0.02137 -2361.2600191998 0
0.02138 -2384.39118621867 0
0.02139 -2407.20941814276 0
0.0214 -2430.3677147531 0
0.02141 -2453.5022586175 0
0.02142 -2476.32372315635 0
0.02143 -2499.51077805927 0
0.02144 -2522.6745994238 0
0.02145 -2545.81600388203 0
0.02146 -2568.98416185307 0
0.02147 -2592.15465397772 0
0.02148 -2614.98783522518 0
0.02149 -2638.16344444945 0
0.0215 -2661.31857027197 0
0.02151 -2684.16059940804 0
0.02152 -2707.36925655154 0
0.02153 -2730.5579787083 0
0.02154 -2753.72757112465 0
0.02155 -2776.58421966111 0
0.02156 -2799.78522113492 0
0.02157 -2823.30869862884 0
0.02158 -2846.2013536266 0
0.02159 -2869.07604780888 0
0.0216 -2892.6148197698 0
0.02161 -2915.8410092383 0
0.02162 -2938.73203646646 0
0.02163 -2961.96954425347 0
0.02164 -2985.19163759628 0
0.02165 -3008.10099490994 0
0.02166 -3031.37883118022 0
0.02167 -3054.64209737465 0
0.02168 -3077.89133150872 0
0.02169 -3101.14838736509 0
0.0217 -3124.1134291584 0
0.02171 -3147.40640403292 0
0.02172 -3170.68699062321 0
0.02173 -3193.99650606209 0
0.02174 -3216.97309155003 0
0.02175 -3240.29966493709 0
0.02176 -3263.63537553319 0
0.02177 -3286.61884863658 0
0.02178 -3309.97337308503 0
0.02179 -3333.35712515319 0
0.0218 -3356.71184928881 0
0.02181 -3380.07723381965 0
0.02182 -3403.4726046983 0
0.02183 -3426.53673528693 0
0.02184 -3449.61164033507 0
0.02185 -3473.38206307521 0
0.02186 -3496.82211642584 0
0.02187 -3519.93157534636 0
0.02188 -3543.37708582901 0
0.02189 -3566.85352843371 0
0.0219 -3590.34263295764 0
0.02191 -3613.82674836793 0
0.02192 -3636.99957393668 0
0.02193 -3660.54599949294 0
0.02194 -3684.07086642252 0
0.02195 -3707.26711360459 0
0.02196 -3730.85545307136 0
0.02197 -3754.44085839142 0
0.02198 -3778.0240869652 0
0.02199 -3801.62284202154 0
0.022 -3824.91099981158 0
0.02201 -3848.57463571833 0
0.02202 -3872.23753082478 0
0.02203 -3895.90014037327 0
0.02204 -3919.57987532321 0
0.02205 -3942.9493615608 0
0.02206 -3966.67960929674 0
0.02207 -3990.42738927822 0
0.02208 -4014.19300463529 0
0.02209 -4037.61704834044 0
0.0221 -4061.4192232676 0
0.02211 -4085.24030646329 0
0.02212 -4108.72068649142 0
0.02213 -4132.58017508035 0
0.02214 -4156.45935114674 0
0.02215 -4180.35853111218 0
0.02216 -4204.27803336004 0
0.02217 -4228.20326669354 0
0.02218 -4251.81994779563 0
0.02219 -4275.45758497548 0
0.0222 -4299.79165934543 0
0.02221 -4323.81792349054 0
0.02222 -4347.52133560503 0
0.02223 -4371.59221744538 0
0.02224 -4395.67185922231 0
0.02225 -4419.78914261563 0
0.02226 -4443.93003531281 0
0.02227 -4467.73563375555 0
0.02228 -4491.92469955037 0
0.02229 -4516.1385708632 0
0.0223 -4540.03162490127 0
0.02231 -4564.28207772337 0
0.02232 -4588.55849723535 0
0.02233 -4612.874509968 0
0.02234 -4637.23009280834 0
0.02235 -4661.23991795187 0
0.02236 -4685.62292468489 0
0.02237 -4710.05964045958 0
0.02238 -4734.49814657988 0
0.02239 -4758.965308016 0
0.0224 -4783.13985012384 0
0.02241 -4807.66444538558 0
0.02242 -4832.21862789051 0
0.02243 -4856.82744702385 0
0.02244 -4881.09471689501 0
0.02245 -4905.73929870705 0
0.02246 -4930.43930383376 0
0.02247 -4954.79898965695 0
0.02248 -4979.53760310934 0
0.02249 -5004.32028647403 0
0.0225 -5029.13537769385 0
0.02251 -5053.98327536457 0
0.02252 -5077.80996681175 0
0.02253 -5095.7696056519 0
0.02254 -5102.62597212179 0
0.02255 -5097.65935369148 0
0.02256 -5080.87953844644 0
0.02257 -5053.30587990395 0
0.02258 -5021.87961373695 0
0.02259 -4993.22681026876 0
0.0226 -4968.4070933406 0
0.02261 -4947.41362691279 0
0.02262 -4930.25094865757 0
0.02263 -4915.17993533774 0
0.02264 -4900.09927849983 0
0.02265 -4885.3685380935 0
0.02266 -4870.64990560108 0
0.02267 -4855.58327451033 0
0.02268 -4840.50753004259 0
0.02269 -4825.79253373747 0
0.0227 -4811.07923194176 0
0.02271 -4796.00767781166 0
0.02272 -4781.29733495392 0
0.02273 -4766.22898768909 0
0.02274 -4751.52181153288 0
0.02275 -4736.81660456079 0
0.02276 -4721.75322504399 0
0.02277 -4707.05149170388 0
0.02278 -4691.99181991717 0
0.02279 -4676.94337096039 0
0.0228 -4662.24719905239 0
0.02281 -4647.54370653858 0
0.02282 -4632.84250611924 0
0.02283 -4617.80206648699 0
0.02284 -4603.11430934549 0
0.02285 -4588.42901796632 0
0.02286 -4573.38557229553 0
0.02287 -4558.69568149559 0
0.02288 -4543.66589252306 0
0.02289 -4528.63806153281 0
0.0229 -4513.61245712006 0
0.02291 -4498.93186267244 0
0.02292 -4484.60605616221 0
0.02293 -4469.5879501518 0
0.02294 -4454.57199577328 0
0.02295 -4439.90213401712 0
0.02296 -4425.23513320204 0
0.02297 -4410.22701076008 0
0.02298 -4395.22118172158 0
0.02299 -4380.56228481997 0
0.023 -4365.914640379 0
0.02301 -4350.91696131765 0
0.02302 -4335.91356108943 0
0.02303 -4321.6193267218 0
0.02304 -4306.98347850342 0
0.02305 -4291.64359262282 0
0.02306 -4277.00511540025 0
0.02307 -4262.37010615636 0
0.02308 -4247.39216689812 0
0.02309 -4232.77101285501 0
0.0231 -4218.14527492429 0
0.02311 -4203.17642012636 0
0.02312 -4188.20262214389 0
0.02313 -4173.58636090588 0
0.02314 -4158.9810756312 0
0.02315 -4144.37909541609 0
0.02316 -4129.4256512474 0
0.02317 -4114.4676090942 0
0.02318 -4099.86786871551 0
0.02319 -4084.91646817893 0
0.0232 -4070.33071715941 0
0.02321 -4055.74868236688 0
0.02322 -4040.80704399223 0
0.02323 -4026.23165737591 0
0.02324 -4011.30393356078 0
0.02325 -3996.72809186086 0
0.02326 -3982.15619336261 0
0.02327 -3967.23144967533 0
0.02328 -3952.31713140691 0
0.02329 -3937.76241528582 0
0.0233 -3923.20468822648 0
0.02331 -3908.30051108596 0
0.02332 -3893.74982690196 0
0.02333 -3878.8458339214 0
0.02334 -3864.30909516902 0
0.02335 -3849.7763549483 0
0.02336 -3834.88282700301 0
0.02337 -3820.3505152172 0
0.02338 -3805.47090211165 0
0.02339 -3790.94581241974 0
0.0234 -3776.43147708719 0
0.02341 -3761.56240893448 0
0.02342 -3747.04217989429 0
0.02343 -3732.18041249089 0
0.02344 -3717.32188426868 0
0.02345 -3702.81927954894 0
0.02346 -3688.32702233231 0
0.02347 -3673.83223029679 0
0.02348 -3658.98210478891 0
0.02349 -3644.13532457946 0
0.0235 -3629.65808854359 0
0.02351 -3615.18473854003 0
0.02352 -3600.3491304647 0
0.02353 -3585.87691407881 0
0.02354 -3571.41519718622 0
0.02355 -3556.23638529852 0
0.02356 -3541.77538081835 0
0.02357 -3527.31866582923 0
0.02358 -3512.82267757096 0
0.02359 -3498.23358108481 0
0.0236 -3482.87846987822 0
0.02361 -3468.25071608632 0
0.02362 -3453.62895326661 0
0.02363 -3439.01248594206 0
0.02364 -3424.40791173533 0
0.02365 -3409.07859594175 0
0.02366 -3394.47197284902 0
0.02367 -3379.88302016361 0
0.02368 -3364.93658190001 0
0.02369 -3350.34579097999 0
0.0237 -3335.76615619906 0
0.02371 -3320.83461827349 0
0.02372 -3305.89573585727 0
0.02373 -3291.330690839 0
0.02374 -3276.77642433103 0
0.02375 -3262.2212096985 0
0.02376 -3247.30129256345 0
0.02377 -3232.39128324928 0
0.02378 -3217.85549369587 0
0.02379 -3202.95429733693 0
0.0238 -3188.41574861886 0
0.02381 -3173.88780694373 0
0.02382 -3159.0048353242 0
0.02383 -3144.48518522115 0
0.02384 -3129.59907665047 0
0.02385 -3115.08751797929 0
0.02386 -3100.58050861243 0
0.02387 -3085.71158008968 0
0.02388 -3071.21222251942 0
0.02389 -3056.35080678464 0
0.0239 -3041.85882203628 0
0.02391 -3027.37105509106 0
0.02392 -3012.52011376263 0
0.02393 -2997.66705092399 0
0.02394 -2983.18936234989 0
0.02395 -2968.71561663366 0
0.02396 -2953.87766782715 0
0.02397 -2939.41029788534 0
0.02398 -2924.57319207887 0
0.02399 -2910.11193350986 0
0.024 -2895.65426478864 0
0.02401 -2880.82574381743 0
0.02402 -2866.37374027655 0
0.02403 -2851.55606657929 0
0.02404 -2836.74053674783 0
0.02405 -2822.2965020581 0
0.02406 -2807.84997390532 0
0.02407 -2793.4114151509 0
0.02408 -2778.6058332563 0
0.02409 -2763.79678796644 0
0.0241 -2749.36505887464 0
0.02411 -2734.93570039167 0
0.02412 -2720.5034751107 0
0.02413 -2705.70802800566 0
0.02414 -2690.91390843453 0
0.02415 -2676.48734790245 0
0.02416 -2662.06789732896 0
0.02417 -2647.27381579701 0
0.02418 -2632.85746941164 0
0.02419 -2618.44325254965 0
0.0242 -2603.28111936527 0
0.02421 -2588.86887467674 0
0.02422 -2574.45350011841 0
0.02423 -2560.03912928609 0
0.02424 -2545.63149275478 0
0.02425 -2530.47844690404 0
0.02426 -2516.06691442782 0
0.02427 -2501.66181247341 0
0.02428 -2486.8785654462 0
0.02429 -2472.46973065212 0
0.0243 -2458.06659043209 0
0.02431 -2443.28973674608 0
0.02432 -2428.50772517735 0
0.02433 -2414.10062011838 0
0.02434 -2399.69878509975 0
0.02435 -2385.29242452619 0
0.02436 -2370.51564103061 0
0.02437 -2355.73328201612 0
0.02438 -2341.3264555254 0
0.02439 -2326.54820656537 0
0.0244 -2312.14049535923 0
0.02441 -2297.73299762225 0
0.02442 -2282.95261370942 0
0.02443 -2268.54363838854 0
0.02444 -2253.75684236957 0
0.02445 -2239.35069959565 0
0.02446 -2224.9395637639 0
0.02447 -2210.14914787972 0
0.02448 -2195.7355377128 0
0.02449 -2180.94707849217 0
0.0245 -2166.53054636639 0
0.02451 -2152.11323250088 0
0.02452 -2137.31953683607 0
0.02453 -2122.51927100899 0
0.02454 -2108.09152834259 0
0.02455 -2093.67175588324 0
0.02456 -2078.86956254365 0
0.02457 -2064.43621890605 0
0.02458 -2049.62483378858 0
0.02459 -2035.19571570287 0
0.0246 -2020.76031179829 0
0.02461 -2005.93623907176 0
0.02462 -1991.49980239733 0
0.02463 -1976.67892602659 0
0.02464 -1962.22748830853 0
0.02465 -1947.77823283255 0
0.02466 -1932.94740943566 0
0.02467 -1918.48699157056 0
0.02468 -1903.64477604785 0
0.02469 -1888.80267035781 0
0.0247 -1874.33583008163 0
0.02471 -1859.86547100489 0
0.02472 -1845.00297985935 0
0.02473 -1830.52446221149 0
0.02474 -1816.04692907855 0
0.02475 -1800.7906860864 0
0.02476 -1786.29905740478 0
0.02477 -1772.18479976458 0
0.02478 -1757.29963408953 0
0.02479 -1742.41318363119 0
0.0248 -1727.89916987049 0
0.02481 -1713.38468505861 0
0.02482 -1698.48279075224 0
0.02483 -1683.5662258308 0
0.02484 -1669.03552567297 0
0.02485 -1654.49951312903 0
0.02486 -1639.56596979565 0
0.02487 -1624.62998819462 0
0.02488 -1610.46875739342 0
0.02489 -1595.90986392017 0
0.0249 -1580.56229536229 0
0.02491 -1565.98960955727 0
0.02492 -1551.40703609975 0
0.02493 -1536.43185062571 0
0.02494 -1521.84377535498 0
0.02495 -1507.24068024591 0
0.02496 -1492.24008946093 0
0.02497 -1477.23961536702 0
0.02498 -1462.61851379982 0
0.02499 -1447.59447078465 0
0.025 -1432.95366316833 0
0.02501 -1418.30994615495 0
0.02502 -1402.08823061749 0
0.02503 -1378.00028382276 0
0.02504 -1338.943310798 0
0.02505 -1284.47362568313 0
0.02506 -1213.37138423907 0
0.02507 -1127.54521165917 0
0.02508 -1036.81488412049 0
0.02509 -949.055073590746 0
0.0251 -866.639837405301 0
0.02511 -789.593249982523 0
0.02512 -717.13544497809 0
0.02513 -647.297108311001 0
0.02514 -577.711739961241 0
0.02515 -507.986535770279 0
0.02516 -438.116149316175 0
0.02517 -368.099218648567 0
0.02518 -297.930430348457 0
0.02519 -227.214769022436 0
0.0252 -156.749040304428 0
0.02521 -86.5261979707269 0
0.02522 -15.7559071237128 0
0.02523 55.1692520552836 0
0.02524 126.653798760003 0
0.02525 197.897791362369 0
0.02526 268.900391127471 0
0.02527 340.459179223161 0
0.02528 412.580478895221 0
0.02529 484.469578737056 0
0.0253 556.12174227901 0
0.02531 628.738736296792 0
0.02532 701.528752930082 0
0.02533 773.680566856246 0
0.02534 846.40818461846 0
0.02535 919.308751231837 0
0.02536 992.378592490647 0
0.02537 1066.03174722239 0
0.02538 1139.05466266709 0
0.02539 1212.65872284481 0
0.0254 1286.43950463499 0
0.02541 1360.4047827527 0
0.02542 1434.95889818382 0
0.02543 1508.88321587713 0
0.02544 1583.4018806843 0
0.02545 1658.10881485344 0
0.02546 1733.00041304104 0
0.02547 1808.49419763475 0
0.02548 1883.36629812016 0
0.02549 1958.83855293863 0
0.0255 2034.91504723364 0
0.02551 2110.78091617353 0
0.02552 2186.84172347671 0
0.02553 2263.10657626223 0
0.02554 2339.5770722165 0
0.02555 2416.24363124828 0
0.02556 2493.11537289251 0
0.02557 2570.19765384326 0
0.02558 2647.4920975647 0
0.02559 2724.99291050723 0
0.0256 2802.70176714983 0
0.02561 2880.62775533642 0
0.02562 2958.77252319503 0
0.02563 3037.12663509852 0
0.02564 3115.70288450862 0
0.02565 3194.4992476315 0
0.02566 3273.5174136288 0
0.02567 3352.75907703506 0
0.02568 3432.22593766855 0
0.02569 3511.92337703848 0
0.0257 3592.25756143478 0
0.02571 3672.41142507825 0
0.02572 3752.38030025569 0
0.02573 3833.41548206977 0
0.02574 3914.27068339222 0
0.02575 3995.36234283711 0
0.02576 4076.69742304463 0
0.02577 4157.85054557071 0
0.02578 4240.07893382179 0
0.02579 4322.13777078582 0
0.0258 4404.44543414062 0
0.02581 4486.99797510722 0
0.02582 4569.79921176872 0
0.02583 4652.85251674259 0
0.02584 4736.15804807921 0
0.02585 4819.72283333295 0
0.02586 4903.53974361451 0
0.02587 4988.03808031644 0
0.02588 5071.95206831637 0
0.02589 5156.54941296663 0
0.0259 5241.41492749916 0
0.02591 5326.54148543249 0
0.02592 5412.36048291834 0
0.02593 5497.60357896773 0
0.02594 5583.53740754068 0
0.02595 5669.74113681264 0
0.02596 5756.22576347114 0
0.02597 5843.41391976218 0
0.02598 5930.4505528168 0
0.02599 6017.76707973167 0
0.026 6105.36530346843 0
0.02601 6193.25064636677 0
0.02602 6281.41766808393 0
0.02603 6369.87179773967 0
0.02604 6458.18905427318 0
0.02605 6547.22512095001 0
0.02606 6636.98121494514 0
0.02607 6726.60179288085 0
0.02608 6816.5184909794 0
0.02609 6906.73672646092 0
0.0261 6997.2546740264 0
0.02611 7088.06689287263 0
0.02612 7179.18966149158 0
0.02613 7270.61752398156 0
0.02614 7362.78244323481 0
0.02615 7454.82720364519 0
0.02616 7546.7432161754 0
0.02617 7639.40570400451 0
0.02618 7732.38582563681 0
0.02619 7826.11776485099 0
0.0262 7919.7325707894 0
0.02621 8013.22520787534 0
0.02622 8107.47540514762 0
0.02623 8202.48991088572 0
0.02624 8297.38886590335 0
0.02625 8392.61684614776 0
0.02626 8488.17378835437 0
0.02627 8583.61624135675 0
0.02628 8680.27321930366 0
0.02629 8776.82462791314 0
0.0263 8873.70637126742 0
0.02631 8970.92929682977 0
0.02632 9068.48957970972 0
0.02633 9166.38712323365 0
0.02634 9264.62902060702 0
0.02635 9363.21516329434 0
0.02636 9462.14165731449 0
0.02637 9561.86373845998 0
0.02638 9661.04526910721 0
0.02639 9761.01640921714 0
0.0264 9861.34361675379 0
0.02641 9962.02290638735 0
0.02642 10063.5045526257 0
0.02643 10164.8960937391 0
0.02644 10266.1976396381 0
0.02645 10368.301075104 0
0.02646 10471.2186838319 0
0.02647 10574.0503904215 0
0.02648 10677.2422183817 0
0.02649 10780.3565703394 0
0.0265 10884.2826831107 0
0.02651 10989.0254207895 0
0.02652 11093.6908418156 0
0.02653 11198.72730776 0
0.02654 11304.136210522 0
0.02655 11409.9189229301 0
0.02656 11516.0767981991 0
0.02657 11622.6074329596 0
0.02658 11729.5196118699 0
0.02659 11837.2697496482 0
0.0266 11944.9428974564 0
0.02661 12052.5367911861 0
0.02662 12160.9728927991 0
0.02663 12269.7968011797 0
0.02664 12379.4597801256 0
0.02665 12489.0492376626 0
0.02666 12598.570322923 0
0.02667 12708.9419177374 0
0.02668 12819.6993860364 0
0.02669 12931.307719318 0
0.0267 13042.84534093 0
0.02671 13154.3172920699 0
0.02672 13266.6474065591 0
0.02673 13379.8305025906 0
0.02674 13492.9484409846 0
0.02675 13606.4617246864 0
0.02676 13720.3770955961 0
0.02677 13834.2213422189 0
0.02678 13949.3890113115 0
0.02679 14064.5007092505 0
0.0268 14180.0077161733 0
0.02681 14295.9166378752 0
0.02682 14411.7630832818 0
0.02683 14528.9375133761 0
0.02684 14646.5205777557 0
0.02685 14763.5749642393 0
0.02686 14881.495915177 0
0.02687 15000.2953780111 0
0.02688 15119.0264516944 0
0.02689 15237.6918551883 0
0.0269 15357.2313189244 0
0.02691 15477.6487807903 0
0.02692 15598.0048359418 0
0.02693 15718.7627162218 0
0.02694 15839.4574178622 0
0.02695 15961.0256877835 0
0.02696 16083.4752552295 0
0.02697 16205.8612650315 0
0.02698 16328.649243391 0
0.02699 16451.3673493111 0
0.027 16574.9653653611 0
0.02701 16699.4508681943 0
0.02702 16823.865359886 0
0.02703 16948.6807168502 0
0.02704 17073.9006547499 0
0.02705 17199.5247504588 0
0.02706 17325.5566638176 0
0.02707 17451.9917418789 0
0.02708 17578.8252295055 0
0.02709 17706.0606181309 0
0.0271 17833.7013865618 0
0.02711 17961.7425988581 0
0.02712 18090.1792101763 0
0.02713 18219.4977234266 0
0.02714 18348.7366176048 0
0.02715 18478.3711949547 0
0.02716 18608.398235404 0
0.02717 18738.3333690558 0
0.02718 18869.1508849448 0
0.02719 19000.8468288826 0
0.0272 19132.4443196257 0
0.02721 19263.9468540669 0
0.02722 19396.3240981278 0
0.02723 19529.5717188498 0
0.02724 19662.721355934 0
0.02725 19795.7632172958 0
0.02726 19930.160967908 0
0.02727 20064.9445249319 0
0.02728 20199.1240987897 0
0.02729 20334.1641437268 0
0.0273 20469.5784918529 0
0.02731 20605.3673755204 0
0.02732 20742.0240582734 0
0.02733 20878.0516208167 0
0.02734 21014.9356004788 0
0.02735 21152.1914957559 0
0.02736 21289.800935021 0
0.02737 21428.2593120691 0
0.02738 21566.0841818993 0
0.02739 21704.7549828223 0
0.0274 21843.7702886293 0
0.02741 21983.1343723444 0
0.02742 22123.3402144201 0
0.02743 22262.887816947 0
0.02744 22403.2687015253 0
0.02745 22544.4784241497 0
0.02746 22685.5222682907 0
0.02747 22826.8964477938 0
0.02748 22968.5828552032 0
0.02749 23110.5923292776 0
0.0275 23252.9162552782 0
0.02751 23395.5507669778 0
0.02752 23533.4537894578 0
0.02753 23641.878448704 0
0.02754 23695.4520383328 0
0.02755 23688.8730441842 0
0.02756 23622.4064114301 0
0.02757 23502.3922653121 0
0.02758 23361.0584944239 0
0.02759 23232.8615480792 0
0.0276 23124.4684694341 0
0.02761 23035.4399664644 0
0.02762 22964.8438192403 0
0.02763 22903.582199855 0
0.02764 22843.522072506 0
0.02765 22783.1518569374 0
0.02766 22722.9660236512 0
0.02767 22662.4603148012 0
0.02768 22601.1212037146 0
0.02769 22539.9715120277 0
0.0277 22478.5057075654 0
0.02771 22416.1924958653 0
0.02772 22353.5601873918 0
0.02773 22291.1228261073 0
0.02774 22228.3564724012 0
0.02775 22164.7498306468 0
0.02776 22100.8169300593 0
0.02777 22037.0737850075 0
0.02778 21973.0113114882 0
0.02779 21908.0995004594 0
0.0278 21842.8601008015 0
0.02781 21777.8111628025 0
0.02782 21712.4418620115 0
0.02783 21646.2201119262 0
0.02784 21579.6698227034 0
0.02785 21513.3169748721 0
0.02786 21446.6253306204 0
0.02787 21379.0903571777 0
0.02788 21311.7539541957 0
0.02789 21243.5681711709 0
0.0279 21175.5687811984 0
0.02791 21107.2429188936 0
0.02792 21038.0703464928 0
0.02793 20969.0873058348 0
0.02794 20899.2514458664 0
0.02795 20829.0926320946 0
0.02796 20759.1238743999 0
0.02797 20688.8279363553 0
0.02798 20617.6840471704 0
0.02799 20546.2050707335 0
0.028 20474.3975131722 0
0.02801 20402.7957494772 0
0.02802 20330.8677069743 0
0.02803 20258.6061587531 0
0.02804 20186.0253313744 0
0.02805 20112.5819456594 0
0.02806 20038.8114738525 0
0.02807 19965.2513577023 0
0.02808 19890.8358423475 0
0.02809 19816.0866985504 0
0.0281 19742.0762825952 0
0.02811 19666.6926545242 0
0.02812 19590.9697065502 0
0.02813 19515.4563653848 0
0.02814 19439.0935388446 0
0.02815 19362.4004187574 0
0.02816 19285.9259044894 0
0.02817 19209.1309176368 0
0.02818 19131.4727751888 0
0.02819 19054.0363407559 0
0.0282 18976.2739265802 0
0.02821 18897.6632213936 0
0.02822 18818.7333282434 0
0.02823 18740.0148998034 0
0.02824 18660.9876434973 0
0.02825 18581.6440855552 0
0.02826 18501.4471675927 0
0.02827 18420.9261899885 0
0.02828 18340.638070954 0
0.02829 18259.4967809318 0
0.0283 18178.0344648345 0
0.02831 18096.8079384408 0
0.02832 18015.271351558 0
0.02833 17932.8832353128 0
0.02834 17850.7270365454 0
0.02835 17768.2554396022 0
0.02836 17684.941613885 0
0.02837 17601.3205073102 0
0.02838 17517.9365629697 0
0.02839 17434.2488172972 0
0.0284 17349.7049755259 0
0.02841 17264.8658025117 0
0.02842 17180.2692721398 0
0.02843 17095.3728774834 0
0.02844 17009.6309899388 0
0.02845 16923.5897424613 0
0.02846 16837.7968384087 0
0.02847 16751.7082487455 0
0.02848 16664.7768722211 0
0.02849 16578.0982460298 0
0.0285 16490.5790413766 0
0.02851 16402.7575534015 0
0.02852 16315.202767391 0
0.02853 16226.8177554412 0
0.02854 16138.6843019901 0
0.02855 16050.2552385103 0
0.02856 15960.9984094792 0
0.02857 15872.015646993 0
0.02858 15782.7407975762 0
0.02859 15692.6318156632 0
0.0286 15602.2315124921 0
0.02861 15512.1117673467 0
0.02862 15421.7231951555 0
0.02863 15330.4947521506 0
0.02864 15239.5425747509 0
0.02865 15147.7718558974 0
0.02866 15055.7164893301 0
0.02867 14963.9334285245 0
0.02868 14871.3340100283 0
0.02869 14779.0288702224 0
0.0287 14686.4462185503 0
0.02871 14593.0405647527 0
0.02872 14499.3683527143 0
0.02873 14405.9874210763 0
0.02874 14312.3540418267 0
0.02875 14218.4488724339 0
0.02876 14123.7264191023 0
0.02877 14028.7435274888 0
0.02878 13934.0713985844 0
0.02879 13838.5742001568 0
0.0288 13742.8213938199 0
0.02881 13647.3840288477 0
0.02882 13551.684767691 0
0.02883 13455.1748932857 0
0.02884 13358.975183849 0
0.02885 13262.5281734247 0
0.02886 13165.284555863 0
0.02887 13067.7952717592 0
0.02888 12970.6123131838 0
0.02889 12873.1876848851 0
0.0289 12774.9600350677 0
0.02891 12676.5033651002 0
0.02892 12578.3597164347 0
0.02893 12479.9800564892 0
0.02894 12380.8130776695 0
0.02895 12281.4117923147 0
0.02896 12182.3302104961 0
0.02897 12083.0182835555 0
0.02898 11982.9237331994 0
0.02899 11883.1538749806 0
0.029 11783.1696006712 0
0.02901 11682.3828434485 0
0.02902 11581.371584967 0
0.02903 11480.7271699127 0
0.02904 11379.8386267541 0
0.02905 11278.1636559197 0
0.02906 11176.2819045775 0
0.02907 11074.1706590503 0
0.02908 10972.4232119209 0
0.02909 10870.4623947115 0
0.0291 10767.7084116029 0
0.02911 10665.3234667627 0
0.02912 10562.7167914146 0
0.02913 10459.3449867762 0
0.02914 10356.3349072742 0
0.02915 10253.1069784955 0
0.02916 10149.1173322928 0
0.02917 10044.9112539357 0
0.02918 9941.08621091399 0
0.02919 9836.49055272896 0
0.0292 9731.69472762344 0
0.02921 9627.25946655035 0
0.02922 9522.06916743891 0
0.02923 9417.25513305041 0
0.02924 9312.23453937866 0
0.02925 9206.46882696764 0
0.02926 9101.08143589705 0
0.02927 8995.51002012175 0
0.02928 8889.17527402305 0
0.02929 8782.65254943058 0
0.0293 8676.51830170204 0
0.02931 8570.19825334066 0
0.02932 8463.12004904239 0
0.02933 8355.85874273495 0
0.02934 8248.99184302627 0
0.02935 8141.94388853967 0
0.02936 8034.14144730425 0
0.02937 7926.16059775949 0
0.02938 7818.57846292862 0
0.02939 7710.8212424869 0
0.0294 7602.88809477332 0
0.02941 7494.20817241488 0
0.02942 7385.35347334839 0
0.02943 7276.90337430593 0
0.02944 7167.70701202291 0
0.02945 7058.33955272136 0
0.02946 6949.38299499288 0
0.02947 6840.25987464471 0
0.02948 6730.39064683807 0
0.02949 6620.93610927018 0
0.0295 6511.3179628003 0
0.02951 6400.95584646392 0
0.02952 6290.43099655413 0
0.02953 6180.32566022855 0
0.02954 6070.0589256526 0
0.02955 5959.05236374717 0
0.02956 5847.88818545134 0
0.02957 5737.14502950178 0
0.02958 5625.66283884592 0
0.02959 5514.60790347949 0
0.0296 5403.39710577974 0
0.02961 5291.44794270358 0
0.02962 5179.93013825337 0
0.02963 5068.25777035384 0
0.02964 4955.85106684067 0
0.02965 4843.29180683269 0
0.02966 4731.16310945752 0
0.02967 4618.30249315569 0
0.02968 4505.29182412487 0
0.02969 4392.71390322911 0
0.0297 4279.9897100456 0
0.02971 4166.53355906407 0
0.02972 4053.51264053894 0
0.02973 3939.76087880131 0
0.02974 3826.44859775381 0
0.02975 3712.99169165126 0
0.02976 3598.80219925131 0
0.02977 3485.05372633055 0
0.02978 3370.57516654694 0
0.02979 3256.53848885286 0
0.0298 3141.77414810886 0
0.02981 3026.86425386645 0
0.02982 2912.39855388864 0
0.02983 2797.20345886467 0
0.02984 2682.45319418958 0
0.02985 2567.56328942402 0
0.02986 2451.94089854119 0
0.02987 2336.17841945081 0
0.02988 2220.86270527206 0
0.02989 2105.4050092806 0
0.0299 1989.21953606804 0
0.02991 1873.48202348121 0
0.02992 1757.60456393184 0
0.02993 1640.99734148219 0
0.02994 1524.2477586955 0
0.02995 1407.94738255268 0
0.02996 1291.50888692732 0
0.02997 1174.33816482135 0
0.02998 1057.02832810341 0
0.02999 940.168530391819 0
0.03 823.16553237748 0
0.03001 705.433921901113 0
0.03002 591.700389011449 0
0.03003 501.503641853847 0
0.03004 453.833826027923 0
0.03005 452.901302585394 0
0.03006 499.380021321022 0
0.03007 587.413628657553 0
0.03008 690.975589062337 0
0.03009 783.986441253009 0
0.0301 861.674469993404 0
0.03011 924.015561415732 0
0.03012 972.175673414504 0
0.03013 1012.66707660847 0
0.03014 1051.42302128615 0
0.03015 1090.22366892697 0
0.03016 1129.07226398818 0
0.03017 1167.96721287837 0
0.03018 1207.50226391606 0
0.03019 1246.4906811398 0
0.0302 1285.52340668868 0
0.03021 1325.1990612658 0
0.03022 1364.32691079425 0
0.03023 1403.49955231472 0
0.03024 1443.31535808935 0
0.03025 1482.58310780381 0
0.03026 1521.8951519958 0
0.03027 1561.85151558592 0
0.03028 1601.25859076299 0
0.03029 1640.71038219337 0
0.0303 1680.20686738931 0
0.03031 1719.75123199617 0
0.03032 1759.3434416975 0
0.03033 1799.57915194467 0
0.03034 1839.26122887696 0
0.03035 1878.99056052246 0
0.03036 1919.36605831512 0
0.03037 1959.1865952006 0
0.03038 1999.05471066605 0
0.03039 2039.56906646718 0
0.0304 2079.52804914069 0
0.03041 2119.53395251156 0
0.03042 2160.18708322793 0
0.03043 2200.28344731528 0
0.03044 2240.42537805759 0
0.03045 2280.61440423091 0
0.03046 2320.84883005861 0
0.03047 2361.12695624987 0
0.03048 2402.05275737907 0
0.03049 2442.42193475865 0
0.0305 2482.8356630432 0
0.03051 2523.89793995029 0
0.03052 2564.40210032287 0
0.03053 2604.95257013726 0
0.03054 2646.1498659614 0
0.03055 2686.78684054057 0
0.03056 2727.46929525373 0
0.03057 2768.80260432071 0
0.03058 2809.57240762497 0
0.03059 2850.38613920722 0
0.0306 2891.24690024214 0
0.03061 2932.14967673928 0
0.03062 2973.09431719292 0
0.03063 3014.68988090499 0
0.03064 3055.72172379636 0
0.03065 3096.79611160277 0
0.03066 3138.52372006995 0
0.03067 3179.68430689825 0
0.03068 3220.88738215728 0
0.03069 3262.74174885486 0
0.0307 3304.02994094106 0
0.03071 3345.35960172237 0
0.03072 3387.33949365492 0
0.03073 3428.75310860255 0
0.03074 3470.2096921266 0
0.03075 3511.7057502042 0
0.03076 3553.24106671761 0
0.03077 3594.82036284725 0
0.03078 3637.047879423 0
0.03079 3679.31653763463 0
0.0308 3721.01579069904 0
0.03081 3762.75314982984 0
0.03082 3804.53168512222 0
0.03083 3846.3494933799 0
0.03084 3888.81708064935 0
0.03085 3930.71334778357 0
0.03086 3972.6460035802 0
0.03087 4015.22876607833 0
0.03088 4057.23996059368 0
0.03089 4098.98290765943 0
0.0309 4141.06886464154 0
0.03091 4183.68033438926 0
0.03092 4226.08410650487 0
0.03093 4268.46335631875 0
0.03094 4310.94035391533 0
0.03095 4353.39391202839 0
0.03096 4395.82022664256 0
0.03097 4438.28197001054 0
0.03098 4480.8419054416 0
0.03099 4523.43500771892 0
0.031 4565.99946877731 0
0.03101 4608.66119886736 0
0.03102 4651.35850058381 0
0.03103 4694.08755591272 0
0.03104 4736.78653603528 0
0.03105 4779.58144483049 0
0.03106 4822.40883506245 0
0.03107 4865.20490431963 0
0.03108 4908.09595978379 0
0.03109 4950.95667750481 0
0.0311 4993.90814408822 0
0.03111 5036.89190624996 0
0.03112 5079.8441051078 0
0.03113 5122.88592362121 0
0.03114 5166.01881447217 0
0.03115 5209.05897300979 0
0.03116 5252.12577112189 0
0.03117 5295.28242006943 0
0.03118 5338.46849529808 0
0.03119 5381.68004610629 0
0.0312 5424.85653562745 0
0.03121 5468.12118907545 0
0.03122 5511.41177943597 0
0.03123 5554.72962440908 0
0.03124 5598.00877295493 0
0.03125 5641.37249736549 0
0.03126 5684.76218417131 0
0.03127 5728.11344792927 0
0.03128 5771.54983220989 0
0.03129 5814.94683793872 0
0.0313 5858.42614905301 0
0.03131 5901.92900983282 0
0.03132 5945.45303902835 0
0.03133 5988.93380954208 0
0.03134 6032.49864690983 0
0.03135 6076.08321034328 0
0.03136 6119.6228304861 0
0.03137 6163.24322479348 0
0.03138 6206.88360296064 0
0.03139 6250.47745728614 0
0.0314 6294.08825087901 0
0.03141 6337.84193034565 0
0.03142 6381.54742310883 0
0.03143 6425.20601395175 0
0.03144 6468.94364087477 0
0.03145 6512.69361571624 0
0.03146 6556.45531746209 0
0.03147 6600.23215143944 0
0.03148 6643.96116576608 0
0.03149 6687.70013831507 0
0.0315 6731.51086432993 0
0.03151 6775.33444024225 0
0.03152 6819.10580179964 0
0.03153 6862.94716511875 0
0.03154 6906.79962335045 0
0.03155 6950.59802023148 0
0.03156 6994.46670042531 0
0.03157 7038.34261830088 0
0.03158 7082.22302895405 0
0.03159 7126.04687559401 0
0.0316 7169.87598825753 0
0.03161 7213.83710113541 0
0.03162 7257.73977555867 0
0.03163 7301.58113886045 0
0.03164 7345.48790370441 0
0.03165 7389.39686575709 0
0.03166 7433.24689852523 0
0.03167 7477.15825824822 0
0.03168 7521.06764704334 0
0.03169 7564.9183919605 0
0.0317 7608.82851596296 0
0.03171 7652.73694810517 0
0.03172 7696.58025838987 0
0.03173 7740.48326698841 0
0.03174 7784.3826136097 0
0.03175 7828.21246984376 0
0.03176 7872.10243290664 0
0.03177 7915.98675546895 0
0.03178 7959.79950947017 0
0.03179 8003.67049055689 0
0.0318 8047.53385320996 0
0.03181 8091.3864373204 0
0.03182 8135.23255124396 0
0.03183 8179.00616014214 0
0.03184 8222.82984173122 0
0.03185 8266.64259855754 0
0.03186 8310.38082928522 0
0.03187 8354.1697434235 0
0.03188 8397.88550792401 0
0.03189 8441.65074156917 0
0.0319 8485.39924462229 0
0.03191 8529.06726318026 0
0.03192 8572.78566385812 0
0.03193 8616.49093780667 0
0.03194 8660.1769433779 0
0.03195 8703.77996203373 0
0.03196 8747.43121480975 0
0.03197 8791.06726221534 0
0.03198 8834.61565070696 0
0.03199 8878.20783499638 0
0.032 8921.78643602624 0
0.03201 8965.34188869917 0
0.03202 9008.87367038246 0
0.03203 9052.3213298915 0
0.03204 9095.81398667951 0
0.03205 9139.28507555877 0
0.03206 9182.60466365577 0
0.03207 9225.90544441289 0
0.03208 9269.30680847516 0
0.03209 9312.74893053571 0
0.0321 9356.172234549 0
0.03211 9399.69599237089 0
0.03212 9443.26078850331 0
0.03213 9486.677271242 0
0.03214 9529.81931939277 0
0.03215 9572.5016238526 0
0.03216 9614.84317106948 0
0.03217 9657.03411432317 0
0.03218 9699.58961091622 0
0.03219 9743.32929007391 0
0.0322 9788.38629101547 0
0.03221 9834.62766863934 0
0.03222 9881.67625185005 0
0.03223 9926.94537596445 0
0.03224 9967.84788613026 0
0.03225 10004.0012472763 0
0.03226 10035.344763631 0
0.03227 10063.7174169009 0
0.03228 10098.6713091553 0
0.03229 10149.7989126563 0
0.0323 10219.0043368411 0
0.03231 10306.2364620293 0
0.03232 10404.4310501293 0
0.03233 10478.1565133258 0
0.03234 10491.8203383184 0
0.03235 10438.2751996391 0
0.03236 10317.5963063435 0
0.03237 10156.3047066546 0
0.03238 10087.0985281225 0
0.03239 10242.701132295 0
0.0324 10649.9448436818 0
0.03241 11309.0895155756 0
0.03242 12121.4537739752 0
0.03243 12592.4790631328 0
0.03244 12227.317819098 0
0.03245 10927.0063623318 0
0.03246 8690.813945098 0
0.03247 5671.40496432358 0
0.03248 2640.22155850017 0
0.03249 370.148818539861 0
0.0325 -982.74237200577 0
0.03251 -1416.03587516507 0
0.03252 -1024.44432987703 0
0.03253 -291.434999760242 0
0.03254 298.31051704669 0
0.03255 647.467066947186 0
0.03256 755.56929885055 0
0.03257 647.547127345 0
0.03258 450.730031269742 0
0.03259 292.781660456015 0
0.0326 199.257642953333 0
0.03261 170.344312046311 0
0.03262 199.35957042708 0
0.03263 252.114963514508 0
0.03264 294.498704603718 0
0.03265 319.603190845525 0
0.03266 327.401482362947 0
0.03267 319.686793303882 0
0.03268 305.590209284947 0
0.03269 294.277032786753 0
0.0327 287.567666099967 0
0.03271 285.524984900627 0
0.03272 287.613204050658 0
0.03273 291.432395835108 0
0.03274 294.511431505315 0
0.03275 296.321406025899 0
0.03276 296.904879504726 0
0.03277 296.352855243001 0
0.03278 295.348552362429 0
0.03279 294.570322603772 0
0.0328 294.093701771906 0
0.03281 293.945482834609 0
0.03282 294.12693975541 0
0.03283 294.402970527464 0
0.03284 294.62215283004 0
0.03285 294.758956949764 0
0.03286 294.80047841013 0
0.03287 294.759163377184 0
0.03288 294.691916238248 0
0.03289 294.636746619214 0
0.0329 294.606373944449 0
0.03291 294.594509822866 0
0.03292 294.575423539076 0
0.03293 294.600844904319 0
0.03294 294.613168948549 0
0.03295 294.592953213662 0
0.03296 294.598164375169 0
0.03297 294.596557828425 0
0.03298 294.562383198217 0
0.03299 294.527842166729 0
0.033 294.51863996125 0
0.03301 294.515256780189 0
0.03302 294.492009498531 0
0.03303 294.462058479448 0
0.03304 294.431729945929 0
0.03305 294.426685893198 0
0.03306 294.395437492072 0
0.03307 294.338143978536 0
0.03308 294.331889716461 0
0.03309 294.325069727465 0
0.0331 294.266430977313 0
0.03311 294.233146500782 0
0.03312 294.199436659682 0
0.03313 294.139700961679 0
0.03314 294.130860846434 0
0.03315 294.095836820783 0
0.03316 294.034796146279 0
0.03317 293.99901981865 0
0.03318 293.937234386462 0
0.03319 293.900682666964 0
0.0332 293.863654161706 0
0.03321 293.800626769715 0
0.03322 293.762784592067 0
0.03323 293.698950581373 0
0.03324 293.660268877052 0
0.03325 293.595602346291 0
0.03326 293.53059227272 0
0.03327 293.490684179814 0
0.03328 293.424802104704 0
0.03329 293.358557541016 0
0.0333 293.291944500626 0
0.03331 293.224956841836 0
0.03332 293.157588274356 0
0.03333 293.115216371342 0
0.03334 293.046892348899 0
0.03335 292.952804820776 0
0.03336 292.883844773397 0
0.03337 292.814469988597 0
0.03338 292.744673222074 0
0.03339 292.674447074683 0
0.0334 292.578482585162 0
0.03341 292.507556191503 0
0.03342 292.410902281017 0
0.03343 292.339250161719 0
0.03344 292.26713304179 0
0.03345 292.169303003839 0
0.03346 292.096417318708 0
0.03347 291.997828742692 0
0.03348 291.89894442519 0
0.03349 291.824946713035 0
0.0335 291.725261572309 0
0.03351 291.625260485842 0
0.03352 291.550085760509 0
0.03353 291.449238170673 0
0.03354 291.348052712291 0
0.03355 291.246522538357 0
0.03356 291.144640489546 0
0.03357 291.04239929096 0
0.03358 290.939791448382 0
0.03359 290.811756366122 0
0.0336 290.70859640701 0
0.03361 290.630073255128 0
0.03362 290.500911608033 0
0.03363 290.396561630639 0
0.03364 290.291798068493 0
0.03365 290.161644871385 0
0.03366 290.056239636447 0
0.03367 289.950395683443 0
0.03368 289.819180504489 0
0.03369 289.687738999145 0
0.0337 289.580957878674 0
0.03371 289.44882549954 0
0.03372 289.316445670728 0
0.03373 289.208658598573 0
0.03374 289.075538863361 0
0.03375 288.942148354157 0
0.03376 288.83327989943 0
0.03377 288.699095896324 0
0.03378 288.564615443997 0
0.03379 288.42983048282 0
0.0338 288.269996493635 0
0.03381 288.159534315674 0
0.03382 288.023786680969 0
0.03383 287.863012369724 0
0.03384 287.726818794323 0
0.03385 287.590270328528 0
0.03386 287.453356849586 0
0.03387 287.316067944692 0
0.03388 287.153789300482 0
0.03389 286.99138230535 0
0.0339 286.877980543302 0
0.03391 286.714788570098 0
0.03392 286.551443163591 0
0.03393 286.412455343838 0
0.03394 286.248521650397 0
0.03395 286.108892604166 0
0.03396 285.944330305898 0
0.03397 285.779571498278 0
0.03398 285.639036522541 0
0.03399 285.47358721066 0
0.034 285.283520314511 0
0.03401 285.117888569279 0
0.03402 284.976372457937 0
0.03403 284.809969183402 0
0.03404 284.643301814063 0
0.03405 284.476359861258 0
0.03406 284.309132337052 0
0.03407 284.141607648175 0
0.03408 283.949532310082 0
0.03409 283.78167637001 0
0.0341 283.613491526518 0
0.03411 283.420781020734 0
0.03412 283.252205576727 0
0.03413 283.083265214925 0
0.03414 282.889820948445 0
0.03415 282.696318343803 0
0.03416 282.52683448644 0
0.03417 282.356934329149 0
0.03418 282.162557227596 0
0.03419 281.968079221001 0
0.0342 281.79749345045 0
0.03421 281.602449313739 0
0.03422 281.383309628737 0
0.03423 281.212268620113 0
0.03424 281.040708165827 0
0.03425 280.820812370003 0
0.03426 280.624982482669 0
0.03427 280.428959975108 0
0.03428 280.232731559084 0
0.03429 280.036283218147 0
0.0343 279.839600134365 0
0.03431 279.642666589308 0
0.03432 279.421723220743 0
0.03433 279.224627465239 0
0.03434 279.027238751974 0
0.03435 278.829537842536 0
0.03436 278.607852707831 0
0.03437 278.386247025268 0
0.03438 278.211925189535 0
0.03439 277.989616758936 0
0.0344 277.767345314777 0
0.03441 277.568636220742 0
0.03442 277.322462903903 0
0.03443 277.123729008822 0
0.03444 276.924516557703 0
0.03445 276.677921121309 0
0.03446 276.455178369495 0
0.03447 276.253432378333 0
0.03448 276.039482507513 0
0.03449 275.806562429153 0
0.0345 275.58305753104 0
0.03451 275.35709303452 0
0.03452 275.13335704274 0
0.03453 274.907126391224 0
0.03454 274.676116477908 0
0.03455 274.447377784708 0
0.03456 274.218516254146 0
0.03457 273.984884784597 0
0.03458 273.751204201963 0
0.03459 273.519761041548 0
0.0346 273.285859903874 0
0.03461 273.047239772964 0
0.03462 272.810905743273 0
0.03463 272.574471757716 0
0.03464 272.335618570985 0
0.03465 272.094390620209 0
0.03466 271.853121005115 0
0.03467 271.611783190512 0
0.03468 271.368069413274 0
0.03469 271.122029265152 0
0.0347 270.875989067924 0
0.03471 270.632190453033 0
0.03472 270.385982528712 0
0.03473 270.13515384568 0
0.03474 269.886628106431 0
0.03475 269.635770370294 0
0.03476 269.382641198329 0
0.03477 269.131799541534 0
0.03478 268.878618735072 0
0.03479 268.625399375578 0
0.0348 268.369861913132 0
0.03481 268.112075805246 0
0.03482 267.854344389073 0
0.03483 267.594407785146 0
0.03484 267.336781204495 0
0.03485 267.076858676558 0
0.03486 266.814726250792 0
0.03487 266.554871456898 0
0.03488 266.290500965042 0
0.03489 266.026256718004 0
0.0349 265.762082033001 0
0.03491 265.495744367844 0
0.03492 265.22954076519 0
0.03493 264.963394645747 0
0.03494 264.695082703103 0
0.03495 264.424813198474 0
0.03496 264.154571885303 0
0.03497 263.884907946808 0
0.03498 263.61537609369 0
0.03499 263.346057813995 0
0.035 263.079539855654 0
0.035 262.827622389394 0
