t px py theta vx vy omega ax ay alpha 
0.0001 0.2621631367 -0.03031067139 -1.539555536e-05 -0.009324159723 0.01083647721 -0.3076197027 -105.0013748 122.0386508 -3464.281834
0.0002 0.2621616457 -0.03030893849 -6.458708416e-05 -0.02330687624 0.02708979377 -0.7689769883 -233.0136935 270.8760656 -7688.640267
0.0003 0.2621584528 -0.03030522696 -0.0001699387602 -0.03727893292 0.04333887635 -1.230115616 -13.75380014 16.09740907 -455.6016685
0.0004 0.2621544993 -0.03030063019 -0.0003004045516 -0.04192199218 0.0487495598 -1.383535323 -44.30688209 51.65929344 -1464.468843
0.0005 0.2621500766 -0.03029548637 -0.0004463791989 -0.04655910676 0.05415788135 -1.536833117 -50.7651665 59.2187689 -1678.414979
0.0006 0.2621452015 -0.03028981473 -0.0006073118885 -0.05118970415 0.05956361318 -1.689997269 -110.2961277 128.5426484 -3644.683568
0.0007 0.2621400463 -0.03028381517 -0.0007775246477 -0.05407508034 0.06294266647 -1.785609905 -870.5897962 1013.582196 -28751.40342
0.0008 0.2621261526 -0.03026763556 -0.001236430964 -0.2262720157 0.2636222383 -7.475708343 -1637.731673 1912.056045 -54173.45643
0.0009 0.2620951363 -0.03023146197 -0.002261778042 -0.3933750051 0.4592605282 -13.01210658 -1638.538532 1925.069265 -54397.45124
0.001 0.262047687 -0.03017597734 -0.003832753089 -0.5545919344 0.6495419026 -18.37859063 -1580.020369 1874.704859 -52755.80691
0.0011 0.2619844391 -0.03010174331 -0.005931303666 -0.7092241219 0.8341868314 -23.5608986 -1511.290963 1817.402078 -50859.01965
0.0012 0.2619060825 -0.03000933678 -0.008538361507 -0.8566717742 1.012953762 -28.54684129 -1436.792935 1757.553133 -48841.7847
0.0013 0.2618133615 -0.02989935605 -0.01163376755 -0.9964369268 1.185640127 -33.32636747 -1357.834501 1695.883219 -46735.03928
0.0014 0.2617070651 -0.02977241769 -0.01519646705 -1.128123579 1.35208234 -37.89156764 -1275.419788 1632.770008 -44559.77746
0.0015 0.2615880167 -0.0296291527 -0.01920471972 -1.251435401 1.51215493 -42.23662465 -1190.526794 1568.587666 -42336.51657
0.0016 0.2614570646 -0.02947020278 -0.02363630361 -1.366171383 1.665768926 -46.35771914 -1104.007436 1503.601403 -40082.13629
0.0017 0.2613150727 -0.0292962168 -0.02846871043 -1.472219805 1.812869654 -50.25289836 -1016.868095 1438.321214 -37819.5607
0.0018 0.2611629119 -0.0291078475 -0.03367932242 -1.569550973 1.953434082 -53.92191825 -929.8149476 1372.959061 -35562.50116
0.0019 0.2610014523 -0.02890574844 -0.0392455763 -1.658209098 2.08746786 -57.36606686 -843.5445737 1307.786287 -33325.35729
0.002 0.2608315562 -0.02869057133 -0.04514510646 -1.738303706 2.215002191 -60.58797806 -758.6664476 1243.042488 -31120.64035
0.0021 0.2606540721 -0.02846296362 -0.05135586936 -1.810000915 2.336090648 -63.59144254 -675.6353736 1178.848262 -28956.60336
0.0022 0.2604698294 -0.02822356638 -0.05785625154 -1.873514817 2.450806031 -66.38122171 -595.0256275 1115.555534 -26846.82424
0.0023 0.260279634 -0.02797301262 -0.06462515583 -1.929099236 2.559237349 -68.96287014 -517.1258966 1053.224097 -24795.97958
0.0024 0.2600842649 -0.0277119257 -0.07164207389 -1.977039973 2.661486982 -71.34256905 -442.2192454 991.9741531 -22809.55034
0.0025 0.259884471 -0.02744091822 -0.07888714043 -2.017647684 2.757668059 -73.52697412 -370.4897649 931.8583913 -20890.43625
0.0026 0.2596809806 -0.02716060664 -0.08634075918 -2.050847755 2.847339118 -75.50817189 -292.5787271 859.560089 -18687.95147
0.0027 0.2594745575 -0.02687169367 -0.09398145013 -2.076394557 2.929752747 -77.27069917 -219.0864333 788.9947257 -16577.68513
0.0028 0.2592659401 -0.02657488955 -0.1017879876 -2.094808895 3.005191033 -78.82662659 -149.9330935 720.0577693 -14555.92747
0.0029 0.2590558195 -0.02627088309 -0.1097401678 -2.106531831 3.073827829 -80.18504073 -85.23013044 652.9327934 -12626.34145
0.003 0.2588448429 -0.02596034593 -0.1178186835 -2.111998828 3.135833661 -81.35480297 -24.84336641 587.4953786 -10784.08188
0.0031 0.2586336144 -0.02564393241 -0.1260051116 -2.11164217 3.191383324 -82.3447097 31.28139715 523.7732681 -9027.949869
0.0032 0.2584226951 -0.02532227969 -0.1342818899 -2.105882202 3.24064637 -83.16321547 83.22738547 461.7823509 -7356.17761
0.0033 0.258212605 -0.02499600807 -0.1426322893 -2.095127238 3.28378944 -83.81847344 131.2042909 401.3676455 -5762.437213
0.0034 0.2580038236 -0.02466572121 -0.1510403826 -2.079772694 3.320977059 -84.3183411 175.2554252 342.6497007 -4247.345958
0.0035 0.2577967917 -0.02433200677 -0.1594910043 -2.060197684 3.352367802 -84.67027417 215.6401851 285.4223114 -2803.12744
0.0036 0.2575919131 -0.02399543653 -0.1679697228 -2.036766523 3.378117794 -84.88141153 252.4263253 229.7942301 -1429.983627
0.0037 0.2573895559 -0.02365656717 -0.1764627945 -2.009824748 3.398374831 -84.95842757 285.8568655 175.5937546 -121.0537637
0.0038 0.2571900546 -0.02331594069 -0.1849571281 -1.979702186 3.413283674 -84.90766949 316.0800784 122.8054377 1126.530416
0.0039 0.2569937116 -0.02297408496 -0.1934402462 -1.946710925 3.422982728 -84.73507994 343.2462956 71.41167243 2315.63436
0.004 0.2568007987 -0.02263151424 -0.2019002474 -1.9111459 3.427604744 -84.44622306 367.5918402 21.24001691 3452.865089
0.0041 0.2566115594 -0.02228872992 -0.210325766 -1.873284728 3.427276036 -84.04627514 389.1974707 -27.61257512 4538.064139
0.0042 0.25642621 -0.02194622084 -0.2187059405 -1.833389298 3.422118762 -83.54009152 408.3114088 -75.35555496 5578.513729
0.0043 0.2562449416 -0.02160446407 -0.2270303735 -1.791704929 3.412248675 -82.93216268 425.0106413 -121.8933303 6573.895033
0.0044 0.2560679215 -0.02126392538 -0.2352890996 -1.748460896 3.397775206 -82.22662864 439.4906012 -167.3573067 7529.324819
0.0045 0.2558952947 -0.02092505973 -0.2434725557 -1.703872479 3.378804523 -81.42736511 451.9378534 -211.8764149 8449.710833
0.0046 0.2557271856 -0.02058831195 -0.2515715452 -1.658138824 3.3554344 -80.5378716 462.4195227 -255.3552912 9334.421308
0.0047 0.2555636993 -0.02025411718 -0.2595772113 -1.611446153 3.327759529 -79.5614116 471.1475895 -297.9946512 10189.84644
0.0048 0.2554049229 -0.01992290142 -0.2674810077 -1.563966435 3.295867902 -78.50093731 478.1824864 -339.6991311 11015.15097
0.0049 0.2552509272 -0.01959508209 -0.2752746714 -1.515859697 3.259844576 -77.35919093 483.7219899 -380.6658639 11816.38586
0.005 0.2551017674 -0.01927106849 -0.2829501981 -1.467272098 3.219766657 -76.138596 487.7541471 -420.6552476 12589.11173
0.0051 0.2549574551 -0.01895119604 -0.2905013782 -1.419399132 3.178095844 -74.89760164 465.579182 -403.1789043 12007.02188
0.0052 0.2548178077 -0.01863537336 -0.2979320518 -1.373895436 3.138640667 -73.72513601 444.7377852 -386.0834162 11448.17821
0.0053 0.2546826086 -0.01832341167 -0.3052482296 -1.33041326 3.100867942 -72.60728972 425.1207712 -369.4954774 10913.64195
0.0054 0.2545516616 -0.01801514526 -0.3124552539 -1.288833948 3.064727153 -71.5416906 406.6424836 -353.3828215 10401.62148
0.0055 0.254424782 -0.0177104132 -0.3195582411 -1.249047905 3.030172983 -70.52618657 389.2400872 -337.7513652 9911.318277
0.0056 0.2543017956 -0.01740905901 -0.3265620985 -1.210952608 2.997162195 -69.55876288 372.8279879 -322.5390365 9440.4352
0.0057 0.2541825382 -0.01711093046 -0.3334715386 -1.174452532 2.965654792 -68.63756091 357.3284492 -307.6868462 8986.836698
0.0058 0.2540668549 -0.01681587915 -0.3402910947 -1.13945744 2.935611016 -67.76080098 342.6971013 -293.2074453 8550.117793
0.0059 0.2539545993 -0.01652376049 -0.34702513 -1.105883539 2.906995335 -66.92686811 328.9067355 -279.1492635 8130.754624
0.006 0.2538456334 -0.01623443347 -0.3536778486 -1.073651876 2.879773479 -66.13423735 315.8553858 -265.355677 7724.554308
0.0061 0.2537398266 -0.01594776028 -0.3602533098 -1.04268818 2.853912967 -65.38148063 303.5249538 -251.8785668 7332.183099
0.0062 0.2536370557 -0.01566360633 -0.3667554336 -1.012922485 2.829382974 -64.66725886 291.8984796 -238.7699141 6954.339636
0.0063 0.2535372043 -0.01538184012 -0.3731880085 -0.9842887898 2.806154198 -63.9903147 280.888879 -225.8791403 6587.130536
0.0064 0.2534401623 -0.01510233291 -0.3795547029 -0.9567247199 2.784198737 -63.34946566 270.4861445 -213.2609171 6231.397678
0.0065 0.2533458256 -0.01482495866 -0.3858590711 -0.93017125 2.763489982 -62.74359823 260.6806416 -200.9697478 5887.998642
0.0066 0.2532540961 -0.01454959405 -0.392104557 -0.9045724524 2.744002525 -62.17166263 251.3970739 -188.8599708 5553.273473
0.0067 0.253164881 -0.01427611812 -0.3982945048 -0.8798752417 2.725712055 -61.63266755 242.631139 -176.9881924 5228.188323
0.0068 0.2530780927 -0.01400441239 -0.4044321601 -0.8560289657 2.70859463 -61.12566111 234.3678431 -165.3775697 4912.966272
0.0069 0.2529936484 -0.01373436062 -0.4105206786 -0.8329860355 2.692629234 -60.64978624 226.5729936 -153.9857891 4606.374323
0.007 0.2529114702 -0.01346584873 -0.4165631298 -0.8107004799 2.677793742 -60.20418735 219.2148731 -142.7715932 4307.227725
0.0071 0.2528314845 -0.0131987648 -0.4225625007 -0.7891284384 2.664066849 -59.78805216 212.2837154 -131.7601595 4015.85667
0.0072 0.252753622 -0.01293299889 -0.4285217013 -0.7682285695 2.651429965 -59.40065227 205.7799136 -121.0093666 3733.337077
0.0073 0.2526778177 -0.01266844304 -0.4344435667 -0.7479605571 2.639862586 -59.04123773 199.6477995 -110.3820999 3456.387252
0.0074 0.2526040101 -0.01240499116 -0.4403308627 -0.7282865023 2.629347454 -58.70915124 193.8908413 -99.93751541 3186.143661
0.0075 0.2525321418 -0.01214253899 -0.4461862878 -0.7091693203 2.619865322 -58.40370954 188.4765328 -89.60548991 2920.861899
0.0076 0.2524621448 -0.01188093094 -0.4520136584 -0.6910770844 2.613314678 -58.16691368 171.5783213 -33.80583908 1647.166547
0.0077 0.2523938687 -0.01161967579 -0.4578242196 -0.6746955078 2.61269662 -58.0649168 156.327029 21.28167226 397.6889957
0.0078 0.2523271573 -0.01135820873 -0.4636307776 -0.6597575292 2.617538598 -58.0864065 142.6938348 75.41668781 -823.1558765
0.0079 0.2522618741 -0.01109598802 -0.4694455498 -0.6461058136 2.627755586 -58.22877716 130.5995747 128.7706957 -2019.776857
0.008 0.2521978982 -0.01083248032 -0.4752804987 -0.6335865329 2.643264171 -58.4895162 120.031694 181.2874595 -3191.471163
0.0081 0.2521351239 -0.01056716068 -0.4811473364 -0.6220480399 2.663980214 -58.86614754 110.9839189 232.9074872 -4337.431286
0.0082 0.2520734607 -0.01029951254 -0.4870575314 -0.6113406949 2.689820954 -59.35627461 103.4132064 283.7557174 -5460.893855
0.0083 0.2520128328 -0.0100290276 -0.4930223143 -0.6013155564 2.720702108 -59.95751336 97.32791239 333.7647017 -6560.817579
0.0084 0.2519531796 -0.009755206029 -0.4990526793 -0.5918241978 2.756539404 -60.6675242 92.74071299 382.8645167 -7636.09787
0.0085 0.2518944549 -0.009477556427 -0.5051593881 -0.5827181093 2.797248236 -61.48400316 89.62933395 431.1683841 -8689.65393
0.0086 0.2518366279 -0.009195595995 -0.5113529715 -0.5738478023 2.842741514 -62.40463399 88.02932075 478.5386625 -9718.883146
0.0087 0.2517796823 -0.008908850658 -0.5176437303 -0.5650628893 2.892931857 -63.42713679 87.92906761 525.0821091 -10726.55954
0.0088 0.2517236174 -0.008616855205 -0.5240417367 -0.5562111895 2.947728887 -64.54920922 89.35853108 570.7181438 -11711.35353
0.0089 0.2516684473 -0.008319153473 -0.5305568347 -0.5471388852 3.007041457 -65.76857693 92.34908356 615.3649898 -12671.93281
0.009 0.251614202 -0.00801529868 -0.5371986374 -0.5376897826 3.07077501 -67.08293778 96.90082846 659.1216277 -13610.94387
0.0091 0.251560927 -0.007704853457 -0.543976531 -0.5277054169 3.13883323 -68.49000047 103.050106 701.9025414 -14527.023
0.0092 0.251508684 -0.00738739028 -0.5508996706 -0.5170248602 3.21111788 -69.98748417 110.8330977 743.6217867 -15418.83665
0.0093 0.2514575506 -0.007062491565 -0.5579769831 -0.5054842714 3.287526861 -71.57307966 120.2575396 784.3724563 -16288.99394
0.0094 0.2514076212 -0.006729750026 -0.5652171661 -0.4929171994 3.367956507 -73.24450352 131.3620497 824.0661015 -17136.18665
0.0095 0.2513590069 -0.006388768966 -0.5726286866 -0.4791541491 3.452299098 -74.99944851 144.1835475 862.614677 -17959.1689
0.0096 0.2513118358 -0.00603916258 -0.5802197822 -0.4640228375 3.540444589 -76.83562602 158.7340131 900.107108 -18760.59167
0.0097 0.2512662536 -0.005680556156 -0.587998463 -0.4473481698 3.632280529 -78.75076974 175.0545062 936.42461 -19538.64697
0.0098 0.2512224235 -0.00531258645 -0.5959725118 -0.4289521225 3.727690858 -80.74261503 193.1690837 971.5664208 -20294.1496
0.0099 0.2511805265 -0.004934902007 -0.6041494852 -0.4086538311 3.826555896 -82.80890494 213.1019821 1005.53113 -21027.95988
0.01 0.2511407622 -0.004547163409 -0.612536717 -0.3862698073 3.928753508 -84.94742163 234.9116557 1037.970934 -21733.51079
0.0101 0.2511033595 -0.00414916994 -0.6211385917 -0.3612167714 4.029603769 -87.05759866 267.502493 960.7686431 -20077.54222
0.0102 0.2510686268 -0.003741534235 -0.6299419999 -0.3329357792 4.121849894 -88.98375861 297.7320142 884.4331822 -18453.84205
0.0103 0.2510368694 -0.003325052992 -0.638929983 -0.3017477123 4.2065348 -90.74974533 325.6422623 809.4452597 -16871.82119
0.0104 0.2510083664 -0.002900476012 -0.648086722 -0.2678866578 4.283786785 -92.3595495 351.1826069 735.7997341 -15330.59075
0.0105 0.2509833732 -0.002468539897 -0.6573968005 -0.2315915153 4.353740048 -93.81720568 374.3168761 663.5110409 -13829.5717
0.0106 0.2509621212 -0.002029967717 -0.6668452037 -0.1931041571 4.416531517 -95.12671336 395.0236544 592.5855377 -12367.91749
0.0107 0.2509448174 -0.001585468619 -0.6764173163 -0.1526680179 4.472301681 -96.29204648 413.2929629 523.0773511 -10945.73445
0.0108 0.2509316445 -0.0011357376 -0.6860989176 -0.1105267231 4.521193798 -97.31712947 429.1293385 455.0048788 -9562.300054
0.0109 0.2509227608 -0.000681455307 -0.6958761738 -0.0669228507 4.563351517 -98.2057811 442.548183 388.3798064 -8216.704983
0.011 0.2509183007 -0.0002232879031 -0.7057356299 -0.02209695779 4.598919889 -98.96173272 453.5746356 323.2075178 -6907.876604
0.0111 0.2509183743 0.0002381129551 -0.7156641981 0.02371333895 4.628044754 -99.58861306 462.2422307 259.4876721 -5634.604911
0.0112 0.2509230683 0.0007021101315 -0.7256491458 0.07027413342 4.650870581 -100.0899008 468.5921603 197.2685876 -4396.724968
0.0113 0.2509324464 0.001168080969 -0.7356780834 0.1173558681 4.667541609 -100.4689496 472.6697758 136.432629 -3190.509152
0.0114 0.2509465494 0.001635417165 -0.7457389489 0.1647339024 4.678201395 -100.7289797 474.5268562 77.01953983 -2015.634421
0.0115 0.2509653957 0.002103524641 -0.7558199937 0.2121889188 4.682990822 -100.873037 474.2187606 19.01148065 -870.5646919
0.0116 0.2509889825 0.00257182339 -0.7659097678 0.2595073563 4.682049872 -100.9040346 471.8043398 -37.61287177 246.2776278
0.0117 0.2510172857 0.00303974724 -0.7759971034 0.3064816156 4.675515193 -100.824704 467.3448354 -92.87770898 1336.492628
0.0118 0.2510502606 0.003506743547 -0.7860710975 0.352910349 4.663521406 -100.637627 460.9035995 -146.8099756 2401.694897
0.0119 0.251087843 0.003972273053 -0.7961210988 0.3985986728 4.646200824 -100.345235 452.547782 -199.4134178 3442.948463
0.012 0.2511299493 0.004435809492 -0.8061366889 0.4433581632 4.623681685 -99.94977557 442.3414893 -250.7454544 4462.42281
0.0121 0.2511764775 0.004896839354 -0.8161076682 0.4870070644 4.596089497 -99.45334719 430.3486643 -300.8648565 5462.262131
0.0122 0.2512273078 0.005354861479 -0.8260240384 0.5293703639 4.563546842 -98.85790061 416.6386762 -349.7811817 6443.487682
0.0123 0.251282303 0.005809386757 -0.8358759878 0.5702796626 4.526171692 -98.16520855 401.278711 -397.531091 7407.645387
0.0124 0.2513413097 0.006259937683 -0.845653874 0.6095733363 4.484078787 -97.37690169 384.3360954 -444.1527272 8356.249917
0.0125 0.2514041585 0.006706048093 -0.8553482117 0.6470965682 4.43737948 -96.49447174 365.8962078 -489.5618952 9288.090421
0.0126 0.2514706735 0.00714731783 -0.8649508566 0.6830157372 4.388166774 -95.56252477 353.7530844 -486.6741402 9177.038606
0.0127 0.2515407241 0.00758370625 -0.8744614108 0.7178005421 4.339650558 -94.65036203 341.974893 -483.7348994 9068.732505
0.0128 0.2516141948 0.008015257386 -0.8838812757 0.751419503 4.291419623 -93.74864298 330.442391 -480.9137037 8966.945372
0.0129 0.25169097 0.00844199931 -0.8932114664 0.783896887 4.243464854 -92.8567817 319.1463493 -478.1817142 8870.901023
0.013 0.2517709368 0.008863959207 -0.9024529405 0.8152556948 4.195777549 -91.97421556 308.0698022 -475.5589715 8780.900806
0.0131 0.2518539846 0.009281163399 -0.9116066 0.8455177328 4.148349392 -91.10040374 297.2054244 -473.0174362 8696.202895
0.0132 0.2519400045 0.009693637399 -0.9206732943 0.8747036823 4.101172428 -90.23482583 286.547358 -470.5298428 8616.086847
0.0133 0.2520288901 0.01010140598 -0.9296538224 0.9028332712 4.054239513 -89.37699099 276.0754271 -468.1405895 8541.415078
0.0134 0.2521205365 0.0105044931 -0.9385489325 0.9299249071 4.007542409 -88.52639513 265.790056 -465.7990844 8470.968183
0.0135 0.252214841 0.01090292208 -0.9473593269 0.9559964758 3.961075063 -87.68259271 255.6714728 -463.5496299 8405.623556
0.0136 0.2523117024 0.01129671548 -0.9560856609 0.9810646436 3.914830295 -86.84512287 245.716153 -461.3658027 8344.705614
0.0137 0.252411021 0.01168589526 -0.9647285461 1.005145337 3.868801662 -86.01355013 235.9158552 -459.2450165 8288.069365
0.0138 0.252512699 0.01207048271 -0.9732885513 1.02825368 3.822982973 -85.18745309 226.2751471 -457.1388474 8234.553486
0.0139 0.2526166398 0.01245049856 -0.9817662036 1.050404035 3.777368272 -84.36642361 216.7622526 -455.1372191 8186.081764
0.014 0.2527227483 0.01282596291 -0.9901619903 1.071610048 3.731951828 -83.55006605 207.3821821 -453.1917376 8141.504875
0.0141 0.2528309308 0.01319689532 -0.9984763591 1.091884814 3.686728572 -82.73800677 198.1283686 -451.3004137 8100.708717
0.0142 0.2529410946 0.01356331478 -1.00670972 1.111240383 3.641692273 -81.92985277 189.0012583 -449.4387142 8063.07715
0.0143 0.2530531486 0.0139252398 -1.014862447 1.12968873 3.596838696 -81.1252622 179.9884804 -447.6276755 8029.018069
0.0144 0.2531670025 0.01428268837 -1.022934878 1.147240843 3.552162426 -80.32387277 171.077104 -445.8878429 7998.938002
0.0145 0.2532825672 0.01463567798 -1.030927315 1.163907293 3.507658666 -79.52534176 162.2686402 -444.1950948 7972.238404
0.0146 0.2533997547 0.01498422564 -1.038840029 1.179698127 3.463322775 -78.72933543 153.5580054 -442.5479271 7948.832189
0.0147 0.253518478 0.01532834792 -1.046673255 1.194622896 3.419150258 -77.93552852 144.9480567 -440.9229569 7928.135925
0.0148 0.2536386507 0.01566806093 -1.054427196 1.208690685 3.375136756 -77.14360385 136.4268584 -439.3410387 7910.573936
0.0149 0.2537601878 0.01600338039 -1.062102027 1.221910293 3.331278475 -76.35326183 127.982156 -437.8227248 7896.570507
0.015 0.2538830047 0.01633432156 -1.069697889 1.234289619 3.287570432 -75.56418026 119.6336692 -436.3014834 7884.557371
0.0151 0.2540070235 0.01666091385 -1.077215229 1.246039116 3.244533051 -74.78816152 116.2343603 -422.3667285 7587.717134
0.0152 0.2541322036 0.01698327836 -1.084656599 1.25751132 3.20298399 -74.04408579 113.2813216 -408.6455316 7294.274824
0.0153 0.2542585167 0.01730155607 -1.09202502 1.268707304 3.162792278 -73.32908663 110.7041365 -395.2268553 7006.336999
0.0154 0.2543859372 0.01761588139 -1.099323375 1.279665478 3.123931946 -72.64271655 108.5143929 -382.0379251 6722.145059
0.0155 0.2545144432 0.01792638621 -1.106554508 1.290423276 3.086378699 -71.98457411 106.6998059 -369.0711578 6441.446087
0.0156 0.2546440164 0.0182332 -1.113721221 1.301016369 3.050107735 -71.35425315 105.2307478 -356.361416 6164.985395
0.0157 0.2547746422 0.0185364499 -1.120826278 1.311479976 3.015096676 -70.75141053 104.1048421 -343.8804426 5892.039801
0.0158 0.2549063092 0.01883626069 -1.12787241 1.321847516 2.981322145 -70.17568605 103.3115033 -331.621479 5622.391051
0.0159 0.2550390097 0.01913275499 -1.134862313 1.332152124 2.948763092 -69.62678011 102.8410428 -319.5782859 5355.832792
0.016 0.2551727387 0.01942605325 -1.141798653 1.342425438 2.917397826 -69.10438374 102.6842537 -307.7448663 5092.167921
0.0161 0.2553074948 0.01971627381 -1.148684067 1.352698393 2.887205652 -68.60821707 102.8325948 -296.1155983 4831.208891
0.0162 0.2554432794 0.02000353296 -1.155521165 1.363001099 2.858166423 -68.13801852 103.2781062 -284.6851826 4572.776749
0.0163 0.2555800971 0.02028794503 -1.162312532 1.373363098 2.830260913 -67.69355379 104.0134336 -273.4486646 4316.700667
0.0164 0.255717955 0.0205696224 -1.169060729 1.383812625 2.803469155 -67.27457598 105.0315966 -262.4012809 4062.816536
0.0165 0.2558568635 0.02084867554 -1.175768294 1.394378044 2.777773269 -66.88089331 106.3263273 -251.5386934 3810.967762
0.0166 0.2559968355 0.02112521308 -1.182437747 1.405086306 2.753154177 -66.51229034 107.8916388 -240.8566992 3561.003189
0.0167 0.2561378865 0.02139934186 -1.189071587 1.415964608 2.729594818 -66.16860542 109.7222134 -230.3514976 3312.778007
0.0168 0.256280035 0.02167116694 -1.195672297 1.427039017 2.707077295 -65.84966192 111.8130317 -220.0194402 3066.15205
0.0169 0.2564233018 0.02194079166 -1.202242343 1.43833554 2.685584861 -65.55531644 114.1596087 -209.8571927 2820.990131
0.017 0.2565677104 0.02220831764 -1.208784178 1.449879116 2.6650999 -65.28540973 116.7577315 -199.8615599 2577.160882
0.0171 0.2567132868 0.02247384482 -1.215300239 1.461694926 2.645606292 -65.03982463 119.6037443 -190.0296786 2334.537124
0.0172 0.2568600594 0.02273747156 -1.221792954 1.473807812 2.627088191 -64.81845652 122.6943878 -180.3589099 2092.994984
0.0173 0.2570080592 0.02299929456 -1.228264737 1.486241867 2.609529217 -64.6211936 126.0266932 -170.8467685 1852.413319
0.0174 0.2571573194 0.02325940895 -1.234717996 1.499020901 2.592913231 -64.44793608 129.5980723 -161.4909836 1612.67356
0.0175 0.2573078757 0.0235179083 -1.241155126 1.512169166 2.577225477 -64.29862498 133.395054 -152.309022 1374.144332
0.0176 0.2574597616 0.02377487659 -1.247578319 1.525536944 2.562160677 -64.16592483 133.2660746 -150.1830789 1309.673875
0.0177 0.2576129815 0.02403034527 -1.253988471 1.538859169 2.547247199 -64.03816307 133.1792122 -148.1078946 1246.00038
0.0178 0.2577675333 0.02428433293 -1.260386165 1.552176197 2.532540215 -63.91677305 133.1526135 -146.0684917 1182.621928
0.0179 0.2579234167 0.02453686003 -1.266772036 1.565493561 2.518035395 -63.80170729 133.2094491 -144.0261923 1118.541984
0.018 0.2580806322 0.02478794668 -1.273146717 1.578817692 2.503729984 -63.69295982 133.2900762 -142.0763306 1056.154325
0.0181 0.2582391807 0.02503761259 -1.279510838 1.592154506 2.489620492 -63.59050809 133.4536259 -140.1230792 993.0102582
0.0182 0.2583990637 0.02528587716 -1.285865027 1.605509396 2.475702709 -63.49431288 133.663647 -138.2231494 930.5350677
0.0183 0.2585602834 0.02553275946 -1.29220991 1.618888693 2.461973969 -63.40437645 133.9319349 -136.3572688 868.2175318
0.0184 0.2587228425 0.02577827817 -1.298546111 1.632298216 2.448430878 -63.32068438 134.2582356 -134.5251557 806.0306876
0.0185 0.2588867442 0.02602245168 -1.304874254 1.645743261 2.435069321 -63.24320558 134.6548458 -132.707846 743.4635333
0.0186 0.2590519925 0.02626529803 -1.311194961 1.659230104 2.421886705 -63.17195038 135.0966232 -130.9425234 681.4574701
0.0187 0.2592185918 0.02650683489 -1.317508852 1.672764251 2.408879342 -63.10690273 135.5958879 -129.210219 619.5015913
0.0188 0.2593865472 0.02674707966 -1.323816549 1.686351715 2.396044303 -63.04806866 136.1655799 -127.4923566 557.0845878
0.0189 0.2595558641 0.02698604938 -1.330118672 1.699997987 2.38337794 -62.9954375 136.7798401 -125.8256243 495.1482816
0.019 0.2597265489 0.02722376077 -1.336415843 1.713708815 2.370876994 -62.94901096 137.4515366 -124.1913793 433.181344
0.0191 0.2598986083 0.02746023022 -1.342708682 1.727490218 2.358538582 -62.90880316 138.1807957 -122.5895168 371.1565277
0.0192 0.2600720495 0.02769547379 -1.348997811 1.741347696 2.346359105 -62.87481159 138.9676966 -121.0198915 309.046531
0.0193 0.2602468806 0.02792950723 -1.355283852 1.755287029 2.334335341 -62.84704613 139.8259697 -119.464383 246.3384392
0.0194 0.2604231099 0.02816234597 -1.361567429 1.769314015 2.322464076 -62.82551947 140.7288505 -117.9590477 183.974784
0.0195 0.2606007465 0.02839400508 -1.367849166 1.783434751 2.31074246 -62.81025682 141.6900975 -116.4857618 121.4421777
0.0196 0.2607798001 0.02862449935 -1.37412969 1.79765482 2.299166928 -62.80126678 142.7239047 -115.0266665 58.22602841
0.0197 0.260960281 0.02885384327 -1.38040963 1.811980393 2.287734632 -62.79858028 143.8029877 -113.6174557 -4.730765521
0.0198 0.2611421999 0.02908205094 -1.386689617 1.826416838 2.276441662 -62.80220199 144.9414763 -112.2402081 -67.94318558
0.0199 0.2613255683 0.02930913621 -1.392970284 1.84097098 2.26528587 -62.81218821 146.1400009 -110.8950506 -131.4415581
0.02 0.2615103982 0.02953511255 -1.399252267 1.855647995 2.254262988 -62.82853981 147.4277589 -109.546961 -196.2310791
0.0201 0.2616967102 0.02976000264 -1.405536472 1.870740448 2.2437122 -62.86089656 155.622235 -100.1090208 -489.9352539
0.0202 0.2618845765 0.02998388897 -1.411825507 1.886726855 2.234167693 -62.92468788 164.1492656 -90.81724892 -785.9207633
0.0203 0.2620740846 0.030206867 -1.418122402 1.903580519 2.225543239 -63.01813819 172.9738007 -81.70107094 -1083.336757
0.0204 0.2622653226 0.03042902783 -1.424430131 1.921331075 2.21782091 -63.14138874 182.0996832 -72.76111725 -1382.344228
0.0205 0.2624583818 0.03065046081 -1.430751683 1.940008869 2.210983043 -63.29460694 191.5314029 -63.99833934 -1683.110103
0.0206 0.2626533565 0.03087125352 -1.437090063 1.959645333 2.205012547 -63.47799682 201.2438836 -55.44812472 -1984.827217
0.0207 0.262850344 0.03109149173 -1.443448298 1.980270931 2.199890484 -63.6917311 211.3030511 -47.04362249 -2289.636616
0.0208 0.2630494449 0.03131125949 -1.449829434 2.001918561 2.195599788 -63.93605986 221.68545 -38.82101696 -2596.748004
0.0209 0.263250763 0.03153063892 -1.456236541 2.024620269 2.192121493 -64.21120339 232.3981127 -30.7824278 -2906.358919
0.021 0.2634544053 0.0317497104 -1.462672715 2.048409462 2.18943708 -64.51742192 243.4489116 -22.93036541 -3218.677413
0.0211 0.2636604824 0.03196855236 -1.469141076 2.073320999 2.187528429 -64.85501678 254.8466017 -15.26774355 -3533.923197
0.0212 0.2638691082 0.03218724141 -1.475644777 2.099389081 2.186375445 -65.22426246 266.6004983 -7.797674868 -3852.326792
0.0213 0.2640804002 0.03240585218 -1.482187 2.126650788 2.185959694 -65.62551652 278.7050492 -0.5403251477 -4173.638589
0.0214 0.2642944795 0.03262445739 -1.488770963 2.155142694 2.186260705 -66.05911229 291.1871888 6.517063959 -4498.61114
0.0215 0.2645114711 0.03284312769 -1.495399918 2.184903178 2.187258257 -66.52542958 304.0754695 13.38646935 -4828.016864
0.0216 0.2647315039 0.03306193172 -1.502077158 2.215972223 2.188931997 -67.02488657 317.3671748 20.04657397 -5161.654118
0.0217 0.2649547107 0.03328093606 -1.508806019 2.248390878 2.19126074 -67.55792187 331.0766975 26.49214213 -5499.835559
0.0218 0.2651812286 0.03350020511 -1.515589881 2.282201351 2.194222433 -68.12499635 345.2195631 32.71749802 -5842.894609
0.0219 0.265411199 0.03371980105 -1.522432174 2.317448134 2.197795076 -68.72662536 359.7958029 38.70038644 -6190.68789
0.022 0.2656447678 0.03393978384 -1.52933638 2.354176807 2.201955376 -69.36334121 374.8572133 44.46620483 -6544.597701
0.0221 0.2658820855 0.03416021108 -1.536306036 2.392435519 2.206679976 -70.03573582 390.3896447 49.97566655 -6904.031955
0.0222 0.2661233077 0.03438113796 -1.543344741 2.432273786 2.211944126 -70.74442356 406.4485516 55.25265712 -7270.435311
0.0223 0.2663685948 0.0346026172 -1.550456158 2.47374403 2.21772288 -71.49008457 423.0400003 60.27263621 -7643.78031
0.0224 0.2666181128 0.03482469896 -1.557644019 2.516900728 2.223990084 -72.27343818 440.1889031 65.02632198 -8024.57743
0.0225 0.2668720332 0.03504743072 -1.564912132 2.56180059 2.230718307 -73.09524657 457.8687534 69.45721637 -8411.853385
0.0226 0.2671305096 0.03527083691 -1.572263712 2.607647182 2.237147792 -73.93210398 455.6034626 56.18450584 -8227.942538
0.0227 0.2673935481 0.03549481044 -1.579697751 2.65308313 2.242104678 -74.74566272 453.1126803 42.9890801 -8044.135935
0.0228 0.2676611175 0.03571921395 -1.587212232 2.698264713 2.245749153 -75.54098803 450.512086 29.93344502 -7863.16229
0.0229 0.267933192 0.03594391682 -1.594805344 2.743179305 2.248094068 -76.31831885 447.7796182 17.00422974 -7684.439612
0.023 0.2682097439 0.03616878973 -1.602475298 2.787813127 2.249151869 -77.07786597 444.8737906 4.173349021 -7506.857883
0.0231 0.2684907446 0.0363937046 -1.610220327 2.832152728 2.248935795 -77.81985261 441.8647376 -8.497057066 -7332.391369
0.0232 0.268776164 0.03661853471 -1.618038685 2.876183498 2.247458662 -78.54447266 438.7113159 -21.03547553 -7159.922225
0.0233 0.2690659703 0.0368431546 -1.625928644 2.919890777 2.24473376 -79.25192098 435.4093443 -33.44025871 -6989.354862
0.0234 0.2693601307 0.03706744018 -1.633888498 2.963259872 2.240774832 -79.94239305 431.9546616 -45.70987863 -6820.588581
0.0235 0.2696586103 0.03729126872 -1.641916557 3.006274898 2.235595183 -80.61605307 428.3233183 -57.85734307 -6652.990551
0.0236 0.2699613731 0.03751451883 -1.650011148 3.048919908 2.229208564 -81.2730645 424.549823 -69.85201497 -6487.493887
0.0237 0.2702683812 0.03773707052 -1.658170615 3.091178912 2.221629153 -81.91358972 420.5903876 -81.72152648 -6322.927703
0.0238 0.2705795952 0.03795880521 -1.666393316 3.133034664 2.212870689 -82.5377576 416.4799452 -93.43568552 -6160.219198
0.0239 0.270894974 0.0381796057 -1.674677621 3.174470236 2.202947622 -83.14570509 412.1939486 -105.0076351 -5998.708239
0.024 0.2712144745 0.03839935623 -1.683021914 3.215467402 2.191873963 -83.7375341 407.727238 -116.4359976 -5838.251972
0.0241 0.271538052 0.03861794247 -1.691424588 3.256007809 2.179664146 -84.31334246 403.0744986 -127.7194315 -5678.700495
0.0242 0.27186566 0.03883525155 -1.699884046 3.296072983 2.166333015 -84.87322348 398.2092339 -138.8704268 -5519.355719
0.0243 0.2721972499 0.03905117204 -1.708398698 3.335643046 2.151894997 -85.4172326 393.1460446 -149.8735182 -5360.58505
0.0244 0.2725327712 0.03926559401 -1.71696696 3.374697923 2.13636494 -85.94541882 387.9001681 -160.713677 -5202.758134
0.0245 0.2728721714 0.039478409 -1.72558725 3.413217336 2.119758109 -86.45782396 382.4441209 -171.4032502 -5045.148792
0.0246 0.2732153959 0.03968951009 -1.734257993 3.451179475 2.102089379 -86.95444884 376.7708395 -181.9406087 -4887.558847
0.0247 0.2735623878 0.03989879187 -1.742977609 3.488562677 2.083374327 -87.43529599 370.8508405 -192.3373556 -4729.22564
0.0248 0.2739130881 0.04010615045 -1.751744519 3.525343632 2.063628172 -87.90032434 364.7202098 -202.5650586 -4571.03517
0.0249 0.2742674354 0.0403114835 -1.760557138 3.561498651 2.042866586 -88.34948112 358.3485901 -212.635144 -4412.201481
0.025 0.2746253659 0.0405146903 -1.769413877 3.597003171 2.021105443 -88.78268953 351.6353022 -222.5970372 -4250.214524
0.0251 0.274986777 0.04071565174 -1.778312245 3.630518515 1.997642487 -89.16763848 313.1185918 -249.4464446 -3315.519287
0.0252 0.2753513273 0.04091412475 -1.787243984 3.659821893 1.971388052 -89.45130601 272.6847189 -275.4808505 -2354.724283
0.0253 0.2757186029 0.04110984364 -1.796199247 3.684992547 1.942574569 -89.63771741 230.3982615 -300.6509566 -1368.779499
0.0254 0.2760881811 0.04130255691 -1.805168181 3.705842848 1.91129071 -89.72429615 186.2442189 -324.8942382 -357.2419319
0.0255 0.2764596202 0.0414920221 -1.814140668 3.722177939 1.877628373 -89.70828007 140.0886379 -348.2112413 683.2680744
0.0256 0.2768324585 0.04167800601 -1.823106297 3.733792264 1.841680942 -89.58663385 91.84314872 -370.577326 1755.046714
0.0257 0.2772062134 0.04186028495 -1.832054347 3.740473376 1.803545208 -89.35613745 41.41952637 -391.9685098 2860.427425
0.0258 0.2775803805 0.04203864498 -1.84097376 3.741998026 1.763319373 -89.01328832 -11.29567377 -412.3731259 4002.377564
0.0259 0.2779544326 0.04221288213 -1.849853117 3.738135694 1.721104659 -88.5543821 -66.36460066 -431.756669 5182.682375
0.026 0.2783278193 0.04238280267 -1.858680617 3.728646796 1.677004224 -87.97546554 -123.8460062 -450.0864466 6403.097869
0.0261 0.2786999654 0.04254822327 -1.867444051 3.713283986 1.631123485 -87.272363 -183.8457877 -467.3550242 7666.543124
0.0262 0.2790702709 0.0427089712 -1.876130782 3.691790517 1.583568989 -86.44063327 -246.4399241 -483.545261 8975.27193
0.0263 0.2794381095 0.04286488452 -1.884727716 3.663903948 1.534449541 -85.4756519 -311.7237562 -498.6542832 10332.04302
0.0264 0.2798028287 0.04301581223 -1.893221288 3.629354881 1.483874947 -84.37257588 -379.7309842 -512.660216 11738.22624
0.0265 0.2801637484 0.04316161433 -1.901597439 3.587868492 1.431955835 -83.12637394 -450.4826013 -525.5462483 13194.96285
0.0266 0.2805201609 0.04330216191 -1.909841598 3.53916526 1.378802947 -81.73183749 -524.0395116 -537.3230693 14704.38384
0.0267 0.2808713306 0.04343733714 -1.917938665 3.482964739 1.324527396 -80.18366153 -600.4182973 -547.9969334 16267.6582
0.0268 0.2812164936 0.04356703326 -1.925873006 3.418984167 1.269238647 -78.47640547 -679.6152479 -557.5817133 17885.5542
0.0269 0.2815548578 0.04369115435 -1.933628439 3.346942322 1.213044343 -76.60457528 -761.6594057 -566.121103 19559.66065
0.027 0.2818856032 0.04380961513 -1.941188232 3.266563896 1.156049934 -74.56271612 -846.3801992 -573.6070834 21287.07179
0.0271 0.2822078827 0.04392234069 -1.948535111 3.177579151 1.098356294 -72.34539647 -933.7449876 -580.1061901 23068.12418
0.0272 0.2825208225 0.04402926593 -1.955651263 3.079729056 1.040059081 -69.94731778 -1023.627584 -585.677585 24901.09484
0.0273 0.2828235239 0.04413033505 -1.962518358 2.972770421 0.9812476883 -67.36342288 -1115.919741 -590.4153954 26784.74891
0.0274 0.2831150645 0.04422550073 -1.969117573 2.856479107 0.922003238 -64.58896021 -1210.289199 -594.37118 28712.8559
0.0275 0.2833945009 0.0443147233 -1.975429629 2.730652981 0.8623962542 -61.61954262 -1306.228021 -597.5780539 30675.32373
0.0276 0.2836610106 0.04439801288 -1.981437987 2.600188232 0.8040440172 -58.56541911 -1282.241329 -563.3437535 29941.21624
0.0277 0.2839146639 0.04447565643 -1.987146149 2.473326108 0.749373998 -55.61078366 -1254.627964 -530.2999158 29146.30931
0.0278 0.2841557732 0.0445479959 -1.992562882 2.349355114 0.6979415721 -52.73761628 -1224.322928 -498.5534967 28309.48232
0.0279 0.2843846418 0.04461534887 -1.997696562 2.228557106 0.6496235977 -49.95045791 -1191.19719 -468.0098727 27426.57443
0.028 0.2846016007 0.04467802076 -2.002556015 2.111207766 0.6043008965 -47.25383377 -1155.349159 -438.6372515 26498.59312
0.0281 0.2848070082 0.04473630533 -2.007150518 1.997574842 0.5618583742 -44.65220868 -1116.85745 -410.3914716 25526.1506
0.0282 0.2850012493 0.04479048507 -2.011489795 1.887919616 0.5221860276 -42.15001496 -1075.810645 -383.2257808 24510.13407
0.0283 0.2851847341 0.04484083163 -2.015584002 1.78249147 0.4851779399 -39.75152568 -1032.339248 -357.0997211 23452.41542
0.0284 0.2853578976 0.0448876064 -2.01944372 1.681531501 0.4507337512 -37.46093044 -986.4846383 -331.9444828 22352.93045
0.0285 0.2855211981 0.04493106095 -2.023079942 1.585269226 0.4187581158 -35.28225669 -938.3915322 -307.7163059 21213.97188
0.0286 0.2856751164 0.04497143759 -2.026504056 1.493922643 0.3891610052 -33.21936595 -888.2105145 -284.3701385 20038.01178
0.0287 0.2858201545 0.04500896989 -2.029727822 1.40769779 0.3618577816 -31.27593885 -835.963937 -261.8262044 18824.72274
0.0288 0.2859568342 0.04504388324 -2.032763366 1.326788498 0.3367692065 -29.45546437 -781.9067153 -240.0647884 17578.99967
0.0289 0.2860856965 0.04507639536 -2.035623148 1.251376289 0.3138213972 -27.76123244 -726.0624844 -219.0072452 16300.6502
0.029 0.2862072995 0.04510671686 -2.038319948 1.181629796 0.2929455538 -26.19631573 -668.5856089 -198.6103033 14992.43905
0.0291 0.2863222177 0.04513505171 -2.040866844 1.117707696 0.2740784588 -24.76362947 -609.6274561 -178.8324846 13657.11593
0.0292 0.2864310411 0.0451615978 -2.043277194 1.059754449 0.2571610849 -23.4658316 -549.1996974 -159.6017103 12294.38778
0.0293 0.2865343732 0.04518654738 -2.045564615 1.007905586 0.2421394746 -22.30543478 -487.5433073 -140.9068348 10909.0949
0.0294 0.286632831 0.0452100875 -2.047742964 0.962285772 0.2289637393 -21.28475801 -424.6544525 -122.6827535 9500.709114
0.0295 0.286727043 0.0452324004 -2.049826322 0.9230103803 0.2175878324 -20.40595618 -360.6549438 -104.90137 8071.537844
0.0296 0.2868176493 0.04525366391 -2.051828977 0.8901865293 0.2079691098 -19.67103771 -295.6559989 -87.53903618 6623.706044
0.0297 0.2869052999 0.04527405173 -2.053765413 0.8639142548 0.2000678437 -19.08188514 -229.6536138 -70.55309024 5156.845399
0.0298 0.2869906547 0.04529373373 -2.055650296 0.844287118 0.1938465329 -18.6402632 -162.733026 -53.93050955 3672.613465
0.0299 0.287074383 0.04531287613 -2.057498467 0.8313963778 0.1892699677 -18.34790569 -94.96510063 -37.66405511 2172.402561
0.03 0.2871571626 0.04533164165 -2.059324932 0.825327677 0.1863035098 -18.20643698 -26.50982539 -21.77608111 659.6220082
0.0301 0.2872395738 0.04535016588 -2.061142524 0.8223325864 0.1840572364 -18.13295653 -48.90262708 -26.60388183 1151.928067
0.0302 0.2873215237 0.04536843046 -2.062949207 0.8162857017 0.1811557757 -17.99237252 -72.00469552 -31.39005064 1658.953527
0.0303 0.2874027534 0.04538638123 -2.064739296 0.8079223746 0.177782846 -17.80098683 -95.27971702 -36.04445415 2169.030102
0.0304 0.2874830297 0.0454039716 -2.066507686 0.7972156953 0.1739493685 -17.55828108 -118.8991164 -40.60748857 2685.962571
0.0305 0.2875621171 0.04542115603 -2.068249216 0.7841385208 0.1696659051 -17.26372883 -142.7165331 -45.05083734 3206.558618
0.0306 0.2876397771 0.04543789003 -2.069958677 0.7686637003 0.164942571 -16.91680005 -166.7939876 -49.39332548 3732.221896
0.0307 0.2877157687 0.04545413014 -2.071630806 0.7507664395 0.1597893994 -16.51701259 -191.1917437 -53.65444315 4264.320681
0.0308 0.2877898485 0.04546983381 -2.073260293 0.7304217268 0.1542156344 -16.063875 -215.7546914 -57.8092303 4799.489547
0.0309 0.2878617704 0.04548495946 -2.07484178 0.7076075847 0.1482302638 -15.55695758 -240.562515 -61.88453536 5339.534865
0.031 0.2879312865 0.04549946633 -2.076369869 0.6823021469 0.1418412352 -14.99582747 -265.5750802 -65.8832726 5883.631797
0.0311 0.2879981468 0.04551331442 -2.077839118 0.6544867214 0.1350559349 -14.38011557 -290.7598027 -69.81179917 6431.127383
0.0312 0.2880620993 0.04552646444 -2.079244053 0.6241445207 0.1278807438 -13.70948806 -316.1062071 -73.68279595 6981.859683
0.0313 0.2881228906 0.04553887768 -2.080579167 0.5912614618 0.1203210298 -12.98366345 -341.5756629 -77.50490321 7535.053304
0.0314 0.2881802661 0.04555051589 -2.081838929 0.5558264745 0.1123810307 -12.20241887 -367.1408158 -81.29088578 8090.185786
0.0315 0.2882339702 0.04556134123 -2.083017789 0.5178315199 0.1040636804 -11.36558991 -392.7640247 -85.05319991 8646.513891
0.0316 0.2882837465 0.04557131603 -2.084110183 0.4772724772 0.09537060863 -10.47308963 -418.4190565 -88.80837561 9203.549908
0.0317 0.2883293388 0.04558040275 -2.085110542 0.4341486507 0.08630186685 -9.524897205 -444.0513155 -92.56898467 9760.188702
0.0318 0.2883704905 0.04558856376 -2.0860133 0.3884638654 0.07685597505 -8.52108146 -469.632293 -96.3545147 10315.90272
0.0319 0.288406946 0.04559576119 -2.086812901 0.3402261727 0.06702969717 -7.461793899 -495.1016006 -100.1797338 10869.47009
0.032 0.2884384507 0.04560195677 -2.087503809 0.2894484144 0.05681799508 -6.347280575 -520.4253268 -104.0661845 11420.25482
0.0321 0.2884647513 0.04560711164 -2.088080519 0.2361484052 0.04621391662 -5.17788557 -545.5671804 -108.0363216 11967.57372
0.0322 0.2884855968 0.04561118612 -2.088537565 0.1803492395 0.03520851988 -3.954057213 -570.8069079 -112.1755606 12517.67763
0.0323 0.2885007395 0.04561413975 -2.088869552 0.1220792817 0.02379074861 -2.676347343 -600.6354416 -117.3906657 13169.14266
0.0324 0.2885099474 0.04561593321 -2.089071412 0.06137264608 0.01194741147 -1.345421254 -698.428826 -136.0488233 15311.42413
0.0325 0.288513566 0.0456166375 -2.089150739 0.02929239544 0.005699938187 -0.6421428025 64.51526163 12.53435057 -1414.212116
0.0326 0.2885164516 0.0456171989 -2.089213996 0.0281238723 0.005470711664 -0.6165190538 -6.20905883 -1.225793479 136.1861705
0.0327 0.2885192066 0.04561773472 -2.089274389 0.02695494779 0.005241640654 -0.5908874684 -11.29779477 -2.213491043 247.7302315
0.0328 0.2885218437 0.04561824745 -2.089332198 0.02578565246 0.005012713306 -0.5652486428 -11.66654662 -2.283094853 255.8050934
0.0329 0.2885243638 0.04561873729 -2.089387441 0.02461600324 0.004783923062 -0.5396029067 -11.69601042 -2.286810489 256.442693
0.033 0.2885267669 0.04561920424 -2.089440118 0.02344601612 0.004555263719 -0.5139505721 -11.70150752 -2.285959531 256.5553014
0.0331 0.288529053 0.04561964834 -2.089490231 0.02227570706 0.004326729093 -0.4882919502 -11.70464718 -2.284743303 256.6166182
0.0332 0.288531222 0.04562006959 -2.089537777 0.02110509201 0.004098312994 -0.4626273524 -11.70762706 -2.283589011 256.6748177
0.0333 0.288533274 0.04562046801 -2.089582756 0.01993418698 0.003870009224 -0.4369570907 -11.71044696 -2.282496725 256.7298956
0.0334 0.2885352089 0.0456208436 -2.089625168 0.01876300796 0.00364181158 -0.4112814775 -11.71310671 -2.281466508 256.7818479
0.0335 0.2885370266 0.04562119638 -2.089665012 0.01759157098 0.003413713852 -0.3856008254 -11.71560614 -2.280498422 256.8306708
0.0336 0.2885387272 0.04562152635 -2.089702288 0.01641989208 0.003185709823 -0.3599154478 -11.71794507 -2.279592524 256.8763606
0.0337 0.2885403106 0.04562183352 -2.089736995 0.01524798732 0.002957793272 -0.3342256579 -11.72012336 -2.278748867 256.9189141
0.0338 0.2885417768 0.04562211791 -2.089769133 0.01407587277 0.002729957973 -0.3085317696 -11.72214086 -2.277967503 256.958328
0.0339 0.2885431257 0.04562237951 -2.089798701 0.01290356451 0.002502197694 -0.282834097 -11.72399745 -2.277248476 256.9945995
0.034 0.2885443575 0.04562261835 -2.0898257 0.01173107865 0.002274506198 -0.2571329545 -11.725693 -2.276591831 257.0277259
0.0341 0.2885454719 0.04562283442 -2.089850128 0.01055843129 0.002046877247 -0.2314286567 -11.7272274 -2.275997605 257.0577048
0.0342 0.2885464692 0.04562302773 -2.089871985 0.009385638545 0.001819304595 -0.2057215185 -11.72860055 -2.275465835 257.084534
0.0343 0.2885473491 0.04562319828 -2.089891272 0.008212716554 0.001591781997 -0.180011855 -11.72981237 -2.274996551 257.1082115
0.0344 0.2885481117 0.04562334608 -2.089907988 0.007039681451 0.001364303201 -0.1542999814 -11.73086277 -2.274589782 257.1287354
0.0345 0.288548757 0.04562347114 -2.089922132 0.005866549382 0.001136861956 -0.1285862131 -11.73175169 -2.274245552 257.1461045
0.0346 0.288549285 0.04562357346 -2.089933705 0.004693336497 0.0009094520055 -0.1028708657 -11.73247907 -2.273963882 257.1603172
0.0347 0.2885496957 0.04562365303 -2.089942706 0.003520058955 0.0006820670936 -0.07715425488 -11.73304485 -2.273744787 257.1713727
0.0348 0.288549989 0.04562370987 -2.089949136 0.002346732915 0.0004547009618 -0.05143669643 -11.73344901 -2.273588282 257.17927
0.0349 0.288550165 0.04562374397 -2.089952993 0.001173374541 0.0002273473506 -0.02571850617 -11.73369152 -2.273494375 257.1840086
