0 0 0
1e-05 0.00166285 8.31425e-09
2e-05 0.00331812 3.32191e-08
3e-05 0.00496588 7.46391e-08
4e-05 0.00660621 1.325e-07
5e-05 0.00823919 2.06727e-07
6e-05 0.00986489 2.97247e-07
7e-05 0.0114834 4.03988e-07
8e-05 0.0130948 5.26879e-07
9e-05 0.0146991 6.65849e-07
0.0001 0.0162965 8.20827e-07
0.00011 0.0178869 9.91744e-07
0.00012 0.0194706 1.17853e-06
0.00013 0.0210475 1.38112e-06
0.00014 0.0226178 1.59945e-06
0.00015 0.0241814 1.83344e-06
0.00016 0.0257386 2.08304e-06
0.00017 0.0272893 2.34818e-06
0.00018 0.0288337 2.6288e-06
0.00019 0.0303718 2.92483e-06
0.0002 0.0319036 3.2362e-06
0.00021 0.0334294 3.56287e-06
0.00022 0.0349491 3.90476e-06
0.00023 0.0364628 4.26182e-06
0.00024 0.0379706 4.63399e-06
0.00025 0.0394726 5.0212e-06
0.00026 0.0409689 5.42341e-06
0.00027 0.0424595 5.84055e-06
0.00028 0.0439445 6.27257e-06
0.00029 0.045424 6.71942e-06
0.0003 0.0468981 7.18103e-06
0.00031 0.0483667 7.65735e-06
0.00032 0.0498302 8.14834e-06
0.00033 0.0512884 8.65393e-06
0.00034 0.0527414 9.17408e-06
0.00035 0.0541894 9.70873e-06
0.00036 0.0556325 1.02578e-05
0.00037 0.0570706 1.08214e-05
0.00038 0.0585039 1.13992e-05
0.00039 0.0599325 1.19914e-05
0.0004 0.0613563 1.25979e-05
0.00041 0.0627756 1.32185e-05
0.00042 0.0641904 1.38533e-05
0.00043 0.0656007 1.45023e-05
0.00044 0.0670067 1.51653e-05
0.00045 0.0684084 1.58424e-05
0.00046 0.0698058 1.65335e-05
0.00047 0.0711992 1.72385e-05
0.00048 0.0725884 1.79574e-05
0.00049 0.0739737 1.86903e-05
0.0005 0.0753551 1.94369e-05
0.00051 0.0767326 2.01973e-05
0.00052 0.0781064 2.09715e-05
0.00053 0.0794765 2.17594e-05
0.00054 0.0808431 2.2561e-05
0.00055 0.0822061 2.33763e-05
0.00056 0.0835656 2.42052e-05
0.00057 0.0849218 2.50476e-05
0.00058 0.0862747 2.59036e-05
0.00059 0.0876243 2.67731e-05
0.0006 0.0889709 2.7656e-05
0.00061 0.0903143 2.85525e-05
0.00062 0.0916548 2.94623e-05
0.00063 0.0929924 3.03856e-05
0.00064 0.0943271 3.13221e-05
0.00065 0.0956591 3.22721e-05
0.00066 0.0969884 3.32353e-05
0.00067 0.0983151 3.42118e-05
0.00068 0.0996392 3.52016e-05
0.00069 0.100961 3.62046e-05
0.0007 0.10228 3.72208e-05
0.00071 0.103597 3.82502e-05
0.00072 0.104912 3.92927e-05
0.00073 0.106225 4.03484e-05
0.00074 0.107535 4.14172e-05
0.00075 0.108844 4.24991e-05
0.00076 0.110151 4.35941e-05
0.00077 0.111456 4.47021e-05
0.00078 0.112759 4.58232e-05
0.00079 0.11406 4.69573e-05
0.0008 0.11536 4.81044e-05
0.00081 0.116658 4.92645e-05
0.00082 0.117955 5.04376e-05
0.00083 0.11925 5.16236e-05
0.00084 0.120545 5.28226e-05
0.00085 0.121838 5.40345e-05
0.00086 0.123129 5.52593e-05
0.00087 0.12442 5.64971e-05
0.00088 0.12571 5.77477e-05
0.00089 0.126998 5.90112e-05
0.0009 0.128286 6.02877e-05
0.00091 0.129574 6.1577e-05
0.00092 0.13086 6.28791e-05
0.00093 0.132146 6.41942e-05
0.00094 0.133431 6.55221e-05
0.00095 0.134716 6.68628e-05
0.00096 0.136001 6.82164e-05
0.00097 0.137285 6.95828e-05
0.00098 0.138569 7.09621e-05
0.00099 0.139853 7.23542e-05
0.001 0.141136 7.37591e-05
0.00101 0.14242 7.51769e-05
0.00102 0.143704 7.66075e-05
0.00103 0.144988 7.8051e-05
0.00104 0.146272 7.95073e-05
0.00105 0.147556 8.09764e-05
0.00106 0.148841 8.24584e-05
0.00107 0.150127 8.39532e-05
0.00108 0.151413 8.54609e-05
0.00109 0.152699 8.69815e-05
0.0011 0.153986 8.85149e-05
0.00111 0.155274 9.00612e-05
0.00112 0.156563 9.16204e-05
0.00113 0.157853 9.31925e-05
0.00114 0.159143 9.47775e-05
0.00115 0.160435 9.63754e-05
0.00116 0.161728 9.79862e-05
0.00117 0.163022 9.96099e-05
0.00118 0.164318 0.000101247
0.00119 0.165614 0.000102896
0.0012 0.166913 0.000104559
0.00121 0.168212 0.000106235
0.00122 0.169514 0.000107923
0.00123 0.170817 0.000109625
0.00124 0.172122 0.00011134
0.00125 0.173429 0.000113067
0.00126 0.174737 0.000114808
0.00127 0.176048 0.000116562
0.00128 0.17736 0.000118329
0.00129 0.178675 0.000120109
0.0013 0.179992 0.000121903
0.00131 0.181312 0.000123709
0.00132 0.182633 0.000125529
0.00133 0.183957 0.000127362
0.00134 0.185284 0.000129208
0.00135 0.186613 0.000131067
0.00136 0.187945 0.00013294
0.00137 0.18928 0.000134826
0.00138 0.190618 0.000136726
0.00139 0.191958 0.000138639
0.0014 0.193302 0.000140565
0.00141 0.194648 0.000142505
0.00142 0.195998 0.000144458
0.00143 0.197351 0.000146425
0.00144 0.198707 0.000148405
0.00145 0.200067 0.000150399
0.00146 0.201429 0.000152406
0.00147 0.202796 0.000154428
0.00148 0.204166 0.000156462
0.00149 0.20554 0.000158511
0.0015 0.206917 0.000160573
0.00151 0.208299 0.000162649
0.00152 0.209684 0.000164739
0.00153 0.211073 0.000166843
0.00154 0.212467 0.000168961
0.00155 0.213864 0.000171092
0.00156 0.215266 0.000173238
0.00157 0.216672 0.000175398
0.00158 0.218082 0.000177571
0.00159 0.219497 0.000179759
0.0016 0.220916 0.000181961
0.00161 0.22234 0.000184178
0.00162 0.223769 0.000186408
0.00163 0.225202 0.000188653
0.00164 0.22664 0.000190912
0.00165 0.228083 0.000193186
0.00166 0.229531 0.000195474
0.00167 0.230984 0.000197777
0.00168 0.232442 0.000200094
0.00169 0.233906 0.000202425
0.0017 0.235375 0.000204772
0.00171 0.236849 0.000207133
0.00172 0.238328 0.000209509
0.00173 0.239813 0.0002119
0.00174 0.241304 0.000214305
0.00175 0.2428 0.000216726
0.00176 0.244302 0.000219161
0.00177 0.24581 0.000221612
0.00178 0.247323 0.000224077
0.00179 0.248843 0.000226558
0.0018 0.250369 0.000229054
0.00181 0.251901 0.000231566
0.00182 0.253439 0.000234092
0.00183 0.254983 0.000236634
0.00184 0.256534 0.000239192
0.00185 0.258091 0.000241765
0.00186 0.259655 0.000244354
0.00187 0.261225 0.000246958
0.00188 0.262802 0.000249578
0.00189 0.264386 0.000252214
0.0019 0.265976 0.000254866
0.00191 0.267573 0.000257534
0.00192 0.269178 0.000260218
0.00193 0.270789 0.000262917
0.00194 0.272408 0.000265633
0.00195 0.274033 0.000268366
0.00196 0.275666 0.000271114
0.00197 0.277307 0.000273879
0.00198 0.278954 0.00027666
0.00199 0.28061 0.000279458
0.002 0.282273 0.000282273
0.00201 0.283943 0.000285104
0.00202 0.285621 0.000287951
0.00203 0.287307 0.000290816
0.00204 0.289001 0.000293698
0.00205 0.290703 0.000296596
0.00206 0.292413 0.000299512
0.00207 0.294131 0.000302444
0.00208 0.295858 0.000305394
0.00209 0.297592 0.000308362
0.0021 0.299335 0.000311346
0.00211 0.301086 0.000314348
0.00212 0.302846 0.000317368
0.00213 0.304614 0.000320405
0.00214 0.306392 0.00032346
0.00215 0.308177 0.000326533
0.00216 0.309972 0.000329624
0.00217 0.311775 0.000332733
0.00218 0.313588 0.00033586
0.00219 0.315409 0.000339005
0.0022 0.31724 0.000342168
0.00221 0.31908 0.000345349
0.00222 0.320929 0.000348549
0.00223 0.322787 0.000351768
0.00224 0.324655 0.000355005
0.00225 0.326532 0.000358261
0.00226 0.328419 0.000361536
0.00227 0.330316 0.00036483
0.00228 0.332222 0.000368142
0.00229 0.334138 0.000371474
0.0023 0.336064 0.000374825
0.00231 0.338 0.000378195
0.00232 0.339946 0.000381585
0.00233 0.341902 0.000384994
0.00234 0.343868 0.000388423
0.00235 0.345844 0.000391872
0.00236 0.347831 0.00039534
0.00237 0.349828 0.000398828
0.00238 0.351836 0.000402337
0.00239 0.353855 0.000405865
0.0024 0.355883 0.000409414
0.00241 0.357923 0.000412983
0.00242 0.359974 0.000416572
0.00243 0.362035 0.000420182
0.00244 0.364107 0.000423813
0.00245 0.366191 0.000427465
0.00246 0.368285 0.000431137
0.00247 0.370391 0.00043483
0.00248 0.372508 0.000438545
0.00249 0.374636 0.000442281
0.0025 0.376775 0.000446038
0.00251 0.378927 0.000449816
0.00252 0.381089 0.000453616
0.00253 0.383264 0.000457438
0.00254 0.38545 0.000461282
0.00255 0.387647 0.000465147
0.00256 0.389857 0.000469035
0.00257 0.392079 0.000472944
0.00258 0.394313 0.000476876
0.00259 0.396558 0.000480831
0.0026 0.398816 0.000484807
0.00261 0.401086 0.000488807
0.00262 0.403369 0.000492829
0.00263 0.405664 0.000496874
0.00264 0.407971 0.000500943
0.00265 0.410291 0.000505034
0.00266 0.412624 0.000509148
0.00267 0.414969 0.000513286
0.00268 0.417328 0.000517448
0.00269 0.419699 0.000521633
0.0027 0.422083 0.000525842
0.00271 0.42448 0.000530075
0.00272 0.42689 0.000534332
0.00273 0.429313 0.000538613
0.00274 0.431749 0.000542918
0.00275 0.434199 0.000547248
0.00276 0.436662 0.000551602
0.00277 0.439139 0.000555981
0.00278 0.441629 0.000560385
0.00279 0.444133 0.000564814
0.0028 0.446651 0.000569268
0.00281 0.449182 0.000573747
0.00282 0.451727 0.000578251
0.00283 0.454287 0.000582781
0.00284 0.45686 0.000587337
0.00285 0.459447 0.000591919
0.00286 0.462049 0.000596526
0.00287 0.464664 0.00060116
0.00288 0.467294 0.000605819
0.00289 0.469939 0.000610506
0.0029 0.472598 0.000615218
0.00291 0.475271 0.000619958
0.00292 0.477959 0.000624724
0.00293 0.480662 0.000629517
0.00294 0.48338 0.000634337
0.00295 0.486112 0.000639185
0.00296 0.48886 0.000644059
0.00297 0.491622 0.000648962
0.00298 0.494399 0.000653892
0.00299 0.497192 0.00065885
0.003 0.5 0.000663836
0.00301 0.502798 0.00066885
0.00302 0.50556 0.000673892
0.00303 0.508287 0.000678961
0.00304 0.51098 0.000684057
0.00305 0.513639 0.00068918
0.00306 0.516265 0.00069433
0.00307 0.518859 0.000699506
0.00308 0.52142 0.000704707
0.00309 0.52395 0.000709934
0.0031 0.526448 0.000715186
0.00311 0.528916 0.000720463
0.00312 0.531355 0.000725764
0.00313 0.533763 0.000731089
0.00314 0.536143 0.000736439
0.00315 0.538495 0.000741812
0.00316 0.540819 0.000747209
0.00317 0.543116 0.000752628
0.00318 0.545386 0.000758071
0.00319 0.54763 0.000763536
0.0032 0.549849 0.000769023
0.00321 0.552042 0.000774533
0.00322 0.554211 0.000780064
0.00323 0.556357 0.000785617
0.00324 0.558479 0.000791191
0.00325 0.560578 0.000796786
0.00326 0.562655 0.000802403
0.00327 0.56471 0.000808039
0.00328 0.566744 0.000813697
0.00329 0.568758 0.000819374
0.0033 0.570751 0.000825072
0.00331 0.572725 0.000830789
0.00332 0.574681 0.000836526
0.00333 0.576617 0.000842283
0.00334 0.578536 0.000848058
0.00335 0.580438 0.000853853
0.00336 0.582323 0.000859667
0.00337 0.584191 0.0008655
0.00338 0.586044 0.000871351
0.00339 0.587882 0.000877221
0.0034 0.589706 0.000883108
0.00341 0.591515 0.000889015
0.00342 0.593312 0.000894939
0.00343 0.595095 0.000900881
0.00344 0.596866 0.000906841
0.00345 0.598625 0.000912818
0.00346 0.600372 0.000918813
0.00347 0.60211 0.000924825
0.00348 0.603837 0.000930855
0.00349 0.605554 0.000936902
0.0035 0.607262 0.000942966
0.00351 0.608962 0.000949047
0.00352 0.610654 0.000955145
0.00353 0.612339 0.00096126
0.00354 0.614017 0.000967392
0.00355 0.615688 0.000973541
0.00356 0.617354 0.000979706
0.00357 0.619014 0.000985888
0.00358 0.62067 0.000992086
0.00359 0.622322 0.000998301
0.0036 0.62397 0.00100453
0.00361 0.625616 0.00101078
0.00362 0.627259 0.00101704
0.00363 0.6289 0.00102333
0.00364 0.630539 0.00102962
0.00365 0.632178 0.00103594
0.00366 0.633817 0.00104227
0.00367 0.635456 0.00104861
0.00368 0.637095 0.00105498
0.00369 0.638737 0.00106135
0.0037 0.64038 0.00106775
0.00371 0.642025 0.00107416
0.00372 0.643674 0.00108059
0.00373 0.645327 0.00108704
0.00374 0.646983 0.0010935
0.00375 0.648644 0.00109998
0.00376 0.650311 0.00110647
0.00377 0.651983 0.00111298
0.00378 0.653662 0.00111951
0.00379 0.655347 0.00112605
0.0038 0.65704 0.00113262
0.00381 0.658742 0.0011392
0.00382 0.660451 0.00114579
0.00383 0.66217 0.0011524
0.00384 0.663898 0.00115904
0.00385 0.665637 0.00116568
0.00386 0.667386 0.00117235
0.00387 0.669147 0.00117903
0.00388 0.670919 0.00118573
0.00389 0.672704 0.00119245
0.0039 0.674502 0.00119919
0.00391 0.676314 0.00120594
0.00392 0.678139 0.00121271
0.00393 0.679979 0.0012195
0.00394 0.681834 0.00122631
0.00395 0.683705 0.00123314
0.00396 0.685593 0.00123999
0.00397 0.687497 0.00124685
0.00398 0.689418 0.00125374
0.00399 0.691357 0.00126064
0.004 0.693315 0.00126756
0.00401 0.695292 0.00127451
0.00402 0.697288 0.00128147
0.00403 0.699304 0.00128845
0.00404 0.701342 0.00129545
0.00405 0.7034 0.00130248
0.00406 0.70548 0.00130952
0.00407 0.707582 0.00131659
0.00408 0.709707 0.00132367
0.00409 0.711856 0.00133078
0.0041 0.714029 0.00133791
0.00411 0.716226 0.00134506
0.00412 0.718448 0.00135224
0.00413 0.720695 0.00135943
0.00414 0.722969 0.00136665
0.00415 0.72527 0.00137389
0.00416 0.727598 0.00138116
0.00417 0.729953 0.00138844
0.00418 0.732337 0.00139576
0.00419 0.73475 0.00140309
0.0042 0.737193 0.00141045
0.00421 0.739665 0.00141783
0.00422 0.742168 0.00142524
0.00423 0.744702 0.00143268
0.00424 0.747268 0.00144014
0.00425 0.749865 0.00144762
0.00426 0.752496 0.00145514
0.00427 0.75516 0.00146267
0.00428 0.757858 0.00147024
0.00429 0.76059 0.00147783
0.0043 0.763357 0.00148545
0.00431 0.76616 0.0014931
0.00432 0.768998 0.00150077
0.00433 0.771874 0.00150848
0.00434 0.774786 0.00151621
0.00435 0.777736 0.00152397
0.00436 0.780725 0.00153177
0.00437 0.783752 0.00153959
0.00438 0.786818 0.00154744
0.00439 0.789925 0.00155533
0.0044 0.793072 0.00156324
0.00441 0.79626 0.00157119
0.00442 0.799489 0.00157917
0.00443 0.802761 0.00158718
0.00444 0.806075 0.00159522
0.00445 0.809432 0.0016033
0.00446 0.812833 0.00161141
0.00447 0.816279 0.00161956
0.00448 0.819769 0.00162774
0.00449 0.823305 0.00163595
0.0045 0.826887 0.0016442
0.00451 0.830515 0.00165249
0.00452 0.83419 0.00166081
0.00453 0.837913 0.00166917
0.00454 0.841684 0.00167757
0.00455 0.845503 0.00168601
0.00456 0.849372 0.00169448
0.00457 0.853291 0.001703
0.00458 0.85726 0.00171155
0.00459 0.86128 0.00172014
0.0046 0.865351 0.00172877
0.00461 0.869475 0.00173745
0.00462 0.873651 0.00174616
0.00463 0.87788 0.00175492
0.00464 0.882162 0.00176372
0.00465 0.886499 0.00177256
0.00466 0.890891 0.00178145
0.00467 0.895338 0.00179038
0.00468 0.89984 0.00179936
0.00469 0.9044 0.00180838
0.0047 0.909016 0.00181745
0.00471 0.913689 0.00182656
0.00472 0.918421 0.00183572
0.00473 0.923211 0.00184493
0.00474 0.928061 0.00185419
0.00475 0.93297 0.00186349
0.00476 0.937939 0.00187285
0.00477 0.942969 0.00188225
0.00478 0.948061 0.0018917
0.00479 0.953214 0.00190121
0.0048 0.95843 0.00191077
0.00481 0.963708 0.00192038
0.00482 0.969051 0.00193004
0.00483 0.974457 0.00193976
0.00484 0.979928 0.00194953
0.00485 0.985465 0.00195936
0.00486 0.991067 0.00196924
0.00487 0.996735 0.00197918
0.00488 1.00247 0.00198918
0.00489 1.00827 0.00199923
0.0049 1.01414 0.00200934
0.00491 1.02008 0.00201952
0.00492 1.02609 0.00202975
0.00493 1.03217 0.00204004
0.00494 1.03832 0.00205039
0.00495 1.04453 0.0020608
0.00496 1.05082 0.00207128
0.00497 1.05718 0.00208182
0.00498 1.06362 0.00209242
0.00499 1.07013 0.00210309
0.005 1.07671 0.00211383
0.00501 1.08336 0.00212463
0.00502 1.09009 0.0021355
0.00503 1.09689 0.00214643
0.00504 1.10377 0.00215743
0.00505 1.11073 0.00216851
0.00506 1.11776 0.00217965
0.00507 1.12487 0.00219086
0.00508 1.13206 0.00220215
0.00509 1.13932 0.0022135
0.0051 1.14667 0.00222493
0.00511 1.15409 0.00223644
0.00512 1.1616 0.00224802
0.00513 1.16918 0.00225967
0.00514 1.17685 0.0022714
0.00515 1.18459 0.00228321
0.00516 1.19242 0.00229509
0.00517 1.20034 0.00230706
0.00518 1.20833 0.0023191
0.00519 1.21641 0.00233122
0.0052 1.22458 0.00234343
0.00521 1.23283 0.00235571
0.00522 1.24116 0.00236808
0.00523 1.24958 0.00238054
0.00524 1.25809 0.00239308
0.00525 1.26669 0.0024057
0.00526 1.27537 0.00241841
0.00527 1.28414 0.00243121
0.00528 1.293 0.00244409
0.00529 1.30195 0.00245707
0.0053 1.31099 0.00247013
0.00531 1.32012 0.00248329
0.00532 1.32934 0.00249654
0.00533 1.33865 0.00250988
0.00534 1.34805 0.00252331
0.00535 1.35755 0.00253684
0.00536 1.36714 0.00255046
0.00537 1.37682 0.00256418
0.00538 1.3866 0.002578
0.00539 1.39648 0.00259191
0.0054 1.40644 0.00260593
0.00541 1.41651 0.00262004
0.00542 1.42667 0.00263426
0.00543 1.43693 0.00264858
0.00544 1.44728 0.002663
0.00545 1.45774 0.00267752
0.00546 1.46829 0.00269215
0.00547 1.47894 0.00270689
0.00548 1.4897 0.00272173
0.00549 1.50055 0.00273668
0.0055 1.5115 0.00275174
0.00551 1.52256 0.00276691
0.00552 1.53371 0.0027822
0.00553 1.54497 0.00279759
0.00554 1.55633 0.0028131
0.00555 1.5678 0.00282872
0.00556 1.57937 0.00284445
0.00557 1.59105 0.0028603
0.00558 1.60283 0.00287627
0.00559 1.61471 0.00289236
0.0056 1.6267 0.00290857
0.00561 1.6388 0.0029249
0.00562 1.65101 0.00294134
0.00563 1.66333 0.00295792
0.00564 1.67575 0.00297461
0.00565 1.68828 0.00299143
0.00566 1.70093 0.00300838
0.00567 1.71368 0.00302545
0.00568 1.72654 0.00304265
0.00569 1.73952 0.00305998
0.0057 1.75261 0.00307744
0.00571 1.76581 0.00309504
0.00572 1.77912 0.00311276
0.00573 1.79255 0.00313062
0.00574 1.80609 0.00314861
0.00575 1.81974 0.00316674
0.00576 1.83351 0.00318501
0.00577 1.8474 0.00320341
0.00578 1.8614 0.00322196
0.00579 1.87552 0.00324064
0.0058 1.88976 0.00325947
0.00581 1.90411 0.00327844
0.00582 1.91859 0.00329755
0.00583 1.93318 0.00331681
0.00584 1.94789 0.00333621
0.00585 1.96272 0.00335577
0.00586 1.97767 0.00337547
0.00587 1.99275 0.00339532
0.00588 2.00795 0.00341532
0.00589 2.02326 0.00343548
0.0059 2.0387 0.00345579
0.00591 2.05427 0.00347625
0.00592 2.06996 0.00349688
0.00593 2.08577 0.00351765
0.00594 2.10171 0.00353859
0.00595 2.11777 0.00355969
0.00596 2.13397 0.00358095
0.00597 2.15028 0.00360237
0.00598 2.16673 0.00362395
0.00599 2.1833 0.0036457
0.006 2.2 0.00366762
0.006 2.2 0.00366762
0.00601 2.21726 0.00368971
0.00602 2.23552 0.00371197
0.00603 2.25474 0.00373442
0.00604 2.27491 0.00375707
0.00605 2.29602 0.00377993
0.00606 2.31804 0.003803
0.00607 2.34097 0.00382629
0.00608 2.36478 0.00384982
0.00609 2.38945 0.00387359
0.0061 2.41497 0.00389761
0.00611 2.44133 0.00392189
0.00612 2.46849 0.00394644
0.00613 2.49645 0.00397127
0.00614 2.52519 0.00399638
0.00615 2.55469 0.00402178
0.00616 2.58493 0.00404747
0.00617 2.6159 0.00407348
0.00618 2.64758 0.0040998
0.00619 2.67995 0.00412643
0.0062 2.71299 0.0041534
0.00621 2.7467 0.0041807
0.00622 2.78103 0.00420833
0.00623 2.816 0.00423632
0.00624 2.85156 0.00426466
0.00625 2.88771 0.00429335
0.00626 2.92444 0.00432241
0.00627 2.96171 0.00435185
0.00628 2.99952 0.00438165
0.00629 3.03785 0.00441184
0.0063 3.07667 0.00444241
0.00631 3.11598 0.00447337
0.00632 3.15576 0.00450473
0.00633 3.19598 0.00453649
0.00634 3.23663 0.00456865
0.00635 3.2777 0.00460123
0.00636 3.31916 0.00463421
0.00637 3.361 0.00466761
0.00638 3.4032 0.00470143
0.00639 3.44575 0.00473568
0.0064 3.48862 0.00477035
0.00641 3.5318 0.00480545
0.00642 3.57527 0.00484099
0.00643 3.61901 0.00487696
0.00644 3.66302 0.00491337
0.00645 3.70726 0.00495022
0.00646 3.75172 0.00498751
0.00647 3.79639 0.00502525
0.00648 3.84124 0.00506344
0.00649 3.88626 0.00510208
0.0065 3.93144 0.00514117
0.00651 3.97675 0.00518071
0.00652 4.02218 0.0052207
0.00653 4.06771 0.00526115
0.00654 4.11332 0.00530206
0.00655 4.15899 0.00534342
0.00656 4.20472 0.00538524
0.00657 4.25047 0.00542752
0.00658 4.29624 0.00547025
0.00659 4.342 0.00551344
0.0066 4.38775 0.00555709
0.00661 4.43345 0.00560119
0.00662 4.4791 0.00564576
0.00663 4.52467 0.00569078
0.00664 4.57015 0.00573625
0.00665 4.61552 0.00578218
0.00666 4.66077 0.00582856
0.00667 4.70587 0.00587539
0.00668 4.75081 0.00592268
0.00669 4.79558 0.00597041
0.0067 4.84015 0.00601859
0.00671 4.8845 0.00606721
0.00672 4.92863 0.00611628
0.00673 4.9725 0.00616578
0.00674 5.01612 0.00621573
0.00675 5.05945 0.0062661
0.00676 5.10248 0.00631691
0.00677 5.14519 0.00636815
0.00678 5.18757 0.00641981
0.00679 5.22959 0.0064719
0.0068 5.27125 0.0065244
0.00681 5.31252 0.00657732
0.00682 5.35338 0.00663065
0.00683 5.39383 0.00668439
0.00684 5.43383 0.00673853
0.00685 5.47338 0.00679306
0.00686 5.51245 0.00684799
0.00687 5.55104 0.00690331
0.00688 5.58911 0.00695901
0.00689 5.62666 0.00701509
0.0069 5.66366 0.00707154
0.00691 5.70011 0.00712836
0.00692 5.73597 0.00718554
0.00693 5.77124 0.00724308
0.00694 5.8059 0.00730096
0.00695 5.83993 0.00735919
0.00696 5.87331 0.00741776
0.00697 5.90602 0.00747665
0.00698 5.93805 0.00753587
0.00699 5.96939 0.00759541
0.007 6 0.00765526
0.007 6 0.00765526
0.00701 6.03021 0.00771541
0.00702 6.06034 0.00777586
0.00703 6.09038 0.00783662
0.00704 6.12034 0.00789767
0.00705 6.15023 0.00795902
0.00706 6.18003 0.00802067
0.00707 6.20974 0.00808262
0.00708 6.23938 0.00814487
0.00709 6.26894 0.00820741
0.0071 6.29841 0.00827025
0.00711 6.3278 0.00833338
0.00712 6.35711 0.0083968
0.00713 6.38634 0.00846052
0.00714 6.41549 0.00852453
0.00715 6.44456 0.00858883
0.00716 6.47355 0.00865342
0.00717 6.50245 0.0087183
0.00718 6.53128 0.00878347
0.00719 6.56002 0.00884892
0.0072 6.58869 0.00891467
0.00721 6.61727 0.0089807
0.00722 6.64577 0.00904701
0.00723 6.67419 0.00911361
0.00724 6.70254 0.0091805
0.00725 6.7308 0.00924766
0.00726 6.75898 0.00931511
0.00727 6.78708 0.00938284
0.00728 6.8151 0.00945085
0.00729 6.84304 0.00951914
0.0073 6.8709 0.00958771
0.00731 6.89868 0.00965656
0.00732 6.92638 0.00972569
0.00733 6.954 0.00979509
0.00734 6.98154 0.00986477
0.00735 7.009 0.00993472
0.00736 7.03638 0.0100049
0.00737 7.06368 0.0100754
0.00738 7.09091 0.0101462
0.00739 7.11805 0.0102173
0.0074 7.14511 0.0102886
0.00741 7.1721 0.0103602
0.00742 7.199 0.010432
0.00743 7.22583 0.0105041
0.00744 7.25257 0.0105765
0.00745 7.27924 0.0106492
0.00746 7.30583 0.0107221
0.00747 7.33234 0.0107953
0.00748 7.35877 0.0108688
0.00749 7.38512 0.0109425
0.0075 7.41139 0.0110165
0.00751 7.43759 0.0110907
0.00752 7.4637 0.0111652
0.00753 7.48974 0.01124
0.00754 7.5157 0.011315
0.00755 7.54158 0.0113903
0.00756 7.56739 0.0114658
0.00757 7.59311 0.0115417
0.00758 7.61876 0.0116177
0.00759 7.64432 0.011694
0.0076 7.66981 0.0117706
0.00761 7.69523 0.0118474
0.00762 7.72056 0.0119245
0.00763 7.74582 0.0120018
0.00764 7.771 0.0120794
0.00765 7.7961 0.0121573
0.00766 7.82112 0.0122353
0.00767 7.84607 0.0123137
0.00768 7.87093 0.0123923
0.00769 7.89572 0.0124711
0.0077 7.92044 0.0125502
0.00771 7.94507 0.0126295
0.00772 7.96963 0.0127091
0.00773 7.99412 0.0127889
0.00774 8.01852 0.012869
0.00775 8.04285 0.0129493
0.00776 8.0671 0.0130298
0.00777 8.09127 0.0131106
0.00778 8.11537 0.0131916
0.00779 8.13939 0.0132729
0.0078 8.16334 0.0133544
0.00781 8.1872 0.0134362
0.00782 8.21099 0.0135182
0.00783 8.23471 0.0136004
0.00784 8.25835 0.0136829
0.00785 8.28191 0.0137656
0.00786 8.30539 0.0138485
0.00787 8.3288 0.0139317
0.00788 8.35213 0.0140151
0.00789 8.37539 0.0140987
0.0079 8.39857 0.0141826
0.00791 8.42168 0.0142667
0.00792 8.44471 0.014351
0.00793 8.46766 0.0144356
0.00794 8.49054 0.0145204
0.00795 8.51334 0.0146054
0.00796 8.53607 0.0146906
0.00797 8.55872 0.0147761
0.00798 8.58129 0.0148618
0.00799 8.60379 0.0149477
0.008 8.62622 0.0150339
0.00801 8.64857 0.0151203
0.00802 8.67084 0.0152069
0.00803 8.69304 0.0152937
0.00804 8.71517 0.0153807
0.00805 8.73721 0.015468
0.00806 8.75919 0.0155555
0.00807 8.78109 0.0156432
0.00808 8.80291 0.0157311
0.00809 8.82466 0.0158192
0.0081 8.84634 0.0159076
0.00811 8.86794 0.0159961
0.00812 8.88947 0.0160849
0.00813 8.91092 0.0161739
0.00814 8.9323 0.0162632
0.00815 8.9536 0.0163526
0.00816 8.97483 0.0164422
0.00817 8.99598 0.0165321
0.00818 9.01706 0.0166221
0.00819 9.03807 0.0167124
0.0082 9.059 0.0168029
0.00821 9.07986 0.0168936
0.00822 9.10065 0.0169845
0.00823 9.12136 0.0170756
0.00824 9.142 0.0171669
0.00825 9.16256 0.0172584
0.00826 9.18305 0.0173502
0.00827 9.20347 0.0174421
0.00828 9.22381 0.0175342
0.00829 9.24408 0.0176266
0.0083 9.26428 0.0177191
0.00831 9.2844 0.0178119
0.00832 9.30445 0.0179048
0.00833 9.32443 0.017998
0.00834 9.34433 0.0180913
0.00835 9.36417 0.0181848
0.00836 9.38392 0.0182786
0.00837 9.40361 0.0183725
0.00838 9.42322 0.0184667
0.00839 9.44276 0.018561
0.0084 9.46223 0.0186555
0.00841 9.48163 0.0187502
0.00842 9.50095 0.0188451
0.00843 9.5202 0.0189403
0.00844 9.53938 0.0190355
0.00845 9.55848 0.019131
0.00846 9.57752 0.0192267
0.00847 9.59648 0.0193226
0.00848 9.61537 0.0194186
0.00849 9.63419 0.0195149
0.0085 9.65293 0.0196113
0.00851 9.67161 0.019708
0.00852 9.69021 0.0198048
0.00853 9.70874 0.0199018
0.00854 9.7272 0.0199989
0.00855 9.74558 0.0200963
0.00856 9.7639 0.0201938
0.00857 9.78214 0.0202916
0.00858 9.80032 0.0203895
0.00859 9.81842 0.0204876
0.0086 9.83645 0.0205859
0.00861 9.85441 0.0206843
0.00862 9.87229 0.0207829
0.00863 9.89011 0.0208818
0.00864 9.90786 0.0209807
0.00865 9.92553 0.0210799
0.00866 9.94313 0.0211793
0.00867 9.96067 0.0212788
0.00868 9.97813 0.0213785
0.00869 9.99552 0.0214783
0.0087 10.0128 0.0215784
0.00871 10.0301 0.0216786
0.00872 10.0473 0.021779
0.00873 10.0644 0.0218795
0.00874 10.0814 0.0219803
0.00875 10.0984 0.0220812
0.00876 10.1153 0.0221822
0.00877 10.1321 0.0222835
0.00878 10.1489 0.0223849
0.00879 10.1656 0.0224865
0.0088 10.1822 0.0225882
0.00881 10.1987 0.0226901
0.00882 10.2152 0.0227922
0.00883 10.2316 0.0228944
0.00884 10.248 0.0229968
0.00885 10.2642 0.0230994
0.00886 10.2804 0.0232021
0.00887 10.2966 0.023305
0.00888 10.3126 0.023408
0.00889 10.3286 0.0235112
0.0089 10.3446 0.0236146
0.00891 10.3604 0.0237181
0.00892 10.3762 0.0238218
0.00893 10.3919 0.0239256
0.00894 10.4076 0.0240296
0.00895 10.4231 0.0241338
0.00896 10.4386 0.0242381
0.00897 10.4541 0.0243426
0.00898 10.4695 0.0244472
0.00899 10.4848 0.0245519
0.009 10.5 0.0246569
0.009 10.5 0.0246569
0.00901 10.5152 0.0247619
0.00902 10.5303 0.0248672
0.00903 10.5454 0.0249726
0.00904 10.5604 0.0250781
0.00905 10.5753 0.0251838
0.00906 10.5902 0.0252896
0.00907 10.6051 0.0253956
0.00908 10.6199 0.0255017
0.00909 10.6347 0.025608
0.0091 10.6494 0.0257144
0.00911 10.664 0.0258209
0.00912 10.6786 0.0259277
0.00913 10.6931 0.0260345
0.00914 10.7076 0.0261415
0.00915 10.7221 0.0262487
0.00916 10.7364 0.026356
0.00917 10.7508 0.0264634
0.00918 10.765 0.026571
0.00919 10.7793 0.0266787
0.0092 10.7934 0.0267866
0.00921 10.8076 0.0268946
0.00922 10.8216 0.0270027
0.00923 10.8356 0.027111
0.00924 10.8496 0.0272194
0.00925 10.8635 0.027328
0.00926 10.8774 0.0274367
0.00927 10.8912 0.0275455
0.00928 10.9049 0.0276545
0.00929 10.9186 0.0277636
0.0093 10.9323 0.0278729
0.00931 10.9459 0.0279823
0.00932 10.9594 0.0280918
0.00933 10.9729 0.0282015
0.00934 10.9864 0.0283113
0.00935 10.9998 0.0284212
0.00936 11.0131 0.0285313
0.00937 11.0264 0.0286415
0.00938 11.0397 0.0287518
0.00939 11.0529 0.0288623
0.0094 11.066 0.0289729
0.00941 11.0791 0.0290836
0.00942 11.0921 0.0291944
0.00943 11.1051 0.0293054
0.00944 11.118 0.0294165
0.00945 11.1309 0.0295278
0.00946 11.1438 0.0296392
0.00947 11.1566 0.0297507
0.00948 11.1693 0.0298623
0.00949 11.182 0.029974
0.0095 11.1946 0.0300859
0.00951 11.2072 0.0301979
0.00952 11.2197 0.0303101
0.00953 11.2322 0.0304223
0.00954 11.2446 0.0305347
0.00955 11.257 0.0306472
0.00956 11.2693 0.0307598
0.00957 11.2816 0.0308726
0.00958 11.2938 0.0309855
0.00959 11.306 0.0310985
0.0096 11.3182 0.0312116
0.00961 11.3302 0.0313248
0.00962 11.3423 0.0314382
0.00963 11.3542 0.0315517
0.00964 11.3662 0.0316653
0.00965 11.3781 0.031779
0.00966 11.3899 0.0318929
0.00967 11.4017 0.0320068
0.00968 11.4134 0.0321209
0.00969 11.4251 0.0322351
0.0097 11.4367 0.0323494
0.00971 11.4483 0.0324638
0.00972 11.4598 0.0325784
0.00973 11.4713 0.032693
0.00974 11.4828 0.0328078
0.00975 11.4942 0.0329227
0.00976 11.5055 0.0330377
0.00977 11.5168 0.0331528
0.00978 11.528 0.033268
0.00979 11.5392 0.0333833
0.0098 11.5504 0.0334988
0.00981 11.5615 0.0336143
0.00982 11.5725 0.03373
0.00983 11.5835 0.0338458
0.00984 11.5945 0.0339617
0.00985 11.6054 0.0340777
0.00986 11.6162 0.0341938
0.00987 11.627 0.03431
0.00988 11.6378 0.0344263
0.00989 11.6485 0.0345428
0.0099 11.6591 0.0346593
0.00991 11.6697 0.0347759
0.00992 11.6803 0.0348927
0.00993 11.6908 0.0350095
0.00994 11.7013 0.0351265
0.00995 11.7117 0.0352436
0.00996 11.7221 0.0353607
0.00997 11.7324 0.035478
0.00998 11.7427 0.0355954
0.00999 11.7529 0.0357129
0.01 11.7631 0.0358304
0.01001 11.7732 0.0359481
0.01002 11.7833 0.0360659
0.01003 11.7934 0.0361838
0.01004 11.8033 0.0363018
0.01005 11.8133 0.0364199
0.01006 11.8232 0.036538
0.01007 11.833 0.0366563
0.01008 11.8428 0.0367747
0.01009 11.8526 0.0368932
0.0101 11.8623 0.0370118
0.01011 11.872 0.0371304
0.01012 11.8816 0.0372492
0.01013 11.8911 0.0373681
0.01014 11.9007 0.037487
0.01015 11.9101 0.0376061
0.01016 11.9196 0.0377252
0.01017 11.9289 0.0378445
0.01018 11.9383 0.0379638
0.01019 11.9476 0.0380832
0.0102 11.9568 0.0382027
0.01021 11.966 0.0383224
0.01022 11.9751 0.0384421
0.01023 11.9842 0.0385619
0.01024 11.9933 0.0386818
0.01025 12.0023 0.0388017
0.01026 12.0113 0.0389218
0.01027 12.0202 0.039042
0.01028 12.0291 0.0391622
0.01029 12.0379 0.0392825
0.0103 12.0467 0.039403
0.01031 12.0554 0.0395235
0.01032 12.0641 0.0396441
0.01033 12.0727 0.0397648
0.01034 12.0813 0.0398855
0.01035 12.0899 0.0400064
0.01036 12.0984 0.0401273
0.01037 12.1068 0.0402483
0.01038 12.1153 0.0403695
0.01039 12.1236 0.0404907
0.0104 12.132 0.0406119
0.01041 12.1402 0.0407333
0.01042 12.1485 0.0408547
0.01043 12.1567 0.0409763
0.01044 12.1648 0.0410979
0.01045 12.1729 0.0412196
0.01046 12.181 0.0413413
0.01047 12.189 0.0414632
0.01048 12.1969 0.0415851
0.01049 12.2048 0.0417071
0.0105 12.2127 0.0418292
0.01051 12.2205 0.0419514
0.01052 12.2283 0.0420736
0.01053 12.2361 0.0421959
0.01054 12.2438 0.0423183
0.01055 12.2514 0.0424408
0.01056 12.259 0.0425634
0.01057 12.2666 0.042686
0.01058 12.2741 0.0428087
0.01059 12.2816 0.0429315
0.0106 12.289 0.0430543
0.01061 12.2964 0.0431773
0.01062 12.3037 0.0433003
0.01063 12.311 0.0434233
0.01064 12.3183 0.0435465
0.01065 12.3255 0.0436697
0.01066 12.3327 0.043793
0.01067 12.3398 0.0439163
0.01068 12.3469 0.0440398
0.01069 12.3539 0.0441633
0.0107 12.3609 0.0442869
0.01071 12.3679 0.0444105
0.01072 12.3748 0.0445342
0.01073 12.3816 0.044658
0.01074 12.3884 0.0447818
0.01075 12.3952 0.0449058
0.01076 12.4019 0.0450297
0.01077 12.4086 0.0451538
0.01078 12.4153 0.0452779
0.01079 12.4219 0.0454021
0.0108 12.4284 0.0455264
0.01081 12.435 0.0456507
0.01082 12.4414 0.0457751
0.01083 12.4479 0.0458995
0.01084 12.4543 0.046024
0.01085 12.4606 0.0461486
0.01086 12.4669 0.0462732
0.01087 12.4732 0.0463979
0.01088 12.4794 0.0465227
0.01089 12.4856 0.0466475
0.0109 12.4917 0.0467724
0.01091 12.4978 0.0468973
0.01092 12.5038 0.0470224
0.01093 12.5098 0.0471474
0.01094 12.5158 0.0472726
0.01095 12.5217 0.0473977
0.01096 12.5276 0.047523
0.01097 12.5334 0.0476483
0.01098 12.5392 0.0477737
0.01099 12.545 0.0478991
0.011 12.5507 0.0480246
0.01101 12.5564 0.0481501
0.01102 12.562 0.0482757
0.01103 12.5676 0.0484013
0.01104 12.5731 0.048527
0.01105 12.5786 0.0486528
0.01106 12.5841 0.0487786
0.01107 12.5895 0.0489045
0.01108 12.5949 0.0490304
0.01109 12.6002 0.0491564
0.0111 12.6055 0.0492824
0.01111 12.6108 0.0494085
0.01112 12.616 0.0495346
0.01113 12.6212 0.0496608
0.01114 12.6263 0.049787
0.01115 12.6314 0.0499133
0.01116 12.6365 0.0500397
0.01117 12.6415 0.0501661
0.01118 12.6464 0.0502925
0.01119 12.6514 0.050419
0.0112 12.6563 0.0505455
0.01121 12.6611 0.0506721
0.01122 12.6659 0.0507987
0.01123 12.6707 0.0509254
0.01124 12.6754 0.0510522
0.01125 12.6801 0.0511789
0.01126 12.6847 0.0513058
0.01127 12.6893 0.0514326
0.01128 12.6939 0.0515595
0.01129 12.6984 0.0516865
0.0113 12.7029 0.0518135
0.01131 12.7074 0.0519406
0.01132 12.7118 0.0520677
0.01133 12.7161 0.0521948
0.01134 12.7205 0.052322
0.01135 12.7247 0.0524492
0.01136 12.729 0.0525765
0.01137 12.7332 0.0527038
0.01138 12.7374 0.0528311
0.01139 12.7415 0.0529585
0.0114 12.7456 0.053086
0.01141 12.7496 0.0532135
0.01142 12.7536 0.053341
0.01143 12.7576 0.0534685
0.01144 12.7615 0.0535961
0.01145 12.7654 0.0537238
0.01146 12.7693 0.0538514
0.01147 12.7731 0.0539791
0.01148 12.7769 0.0541069
0.01149 12.7806 0.0542347
0.0115 12.7843 0.0543625
0.01151 12.7879 0.0544904
0.01152 12.7916 0.0546183
0.01153 12.7951 0.0547462
0.01154 12.7987 0.0548742
0.01155 12.8022 0.0550022
0.01156 12.8056 0.0551302
0.01157 12.8091 0.0552583
0.01158 12.8125 0.0553864
0.01159 12.8158 0.0555145
0.0116 12.8191 0.0556427
0.01161 12.8224 0.0557709
0.01162 12.8256 0.0558992
0.01163 12.8288 0.0560274
0.01164 12.832 0.0561557
0.01165 12.8351 0.0562841
0.01166 12.8382 0.0564124
0.01167 12.8412 0.0565408
0.01168 12.8442 0.0566693
0.01169 12.8472 0.0567977
0.0117 12.8501 0.0569262
0.01171 12.853 0.0570547
0.01172 12.8559 0.0571833
0.01173 12.8587 0.0573118
0.01174 12.8615 0.0574404
0.01175 12.8642 0.0575691
0.01176 12.8669 0.0576977
0.01177 12.8696 0.0578264
0.01178 12.8722 0.0579551
0.01179 12.8748 0.0580838
0.0118 12.8773 0.0582126
0.01181 12.8799 0.0583414
0.01182 12.8823 0.0584702
0.01183 12.8848 0.058599
0.01184 12.8872 0.0587279
0.01185 12.8896 0.0588568
0.01186 12.8919 0.0589857
0.01187 12.8942 0.0591146
0.01188 12.8964 0.0592436
0.01189 12.8987 0.0593725
0.0119 12.9008 0.0595015
0.01191 12.903 0.0596306
0.01192 12.9051 0.0597596
0.01193 12.9072 0.0598887
0.01194 12.9092 0.0600177
0.01195 12.9112 0.0601468
0.01196 12.9132 0.060276
0.01197 12.9151 0.0604051
0.01198 12.917 0.0605343
0.01199 12.9189 0.0606634
0.012 12.9207 0.0607926
0.01201 12.9225 0.0609219
0.01202 12.9242 0.0610511
0.01203 12.926 0.0611803
0.01204 12.9276 0.0613096
0.01205 12.9293 0.0614389
0.01206 12.9309 0.0615682
0.01207 12.9325 0.0616975
0.01208 12.934 0.0618268
0.01208 12.934 0.0618268
0.01209 12.9355 0.0619562
0.0121 12.9369 0.0620856
0.01211 12.9381 0.0622149
0.01212 12.9393 0.0623443
0.01213 12.9404 0.0624737
0.01214 12.9415 0.0626031
0.01215 12.9424 0.0627325
0.01216 12.9432 0.062862
0.01217 12.944 0.0629914
0.01218 12.9446 0.0631209
0.01219 12.9452 0.0632503
0.0122 12.9457 0.0633798
0.01221 12.9461 0.0635092
0.01222 12.9464 0.0636387
0.01223 12.9466 0.0637681
0.01224 12.9468 0.0638976
0.01225 12.9468 0.0640271
0.01226 12.9468 0.0641565
0.01227 12.9466 0.064286
0.01228 12.9464 0.0644155
0.01229 12.9462 0.0645449
0.0123 12.9458 0.0646744
0.01231 12.9453 0.0648039
0.01232 12.9448 0.0649333
0.01233 12.9442 0.0650628
0.01234 12.9435 0.0651922
0.01235 12.9427 0.0653216
0.01236 12.9418 0.065451
0.01237 12.9408 0.0655805
0.01238 12.9398 0.0657099
0.01239 12.9387 0.0658393
0.0124 12.9375 0.0659686
0.01241 12.9362 0.066098
0.01242 12.9349 0.0662274
0.01243 12.9335 0.0663567
0.01244 12.932 0.066486
0.01245 12.9304 0.0666153
0.01246 12.9287 0.0667446
0.01247 12.927 0.0668739
0.01248 12.9252 0.0670032
0.01249 12.9233 0.0671324
0.0125 12.9213 0.0672616
0.01251 12.9193 0.0673908
0.01252 12.9172 0.06752
0.01253 12.915 0.0676492
0.01254 12.9127 0.0677783
0.01255 12.9104 0.0679074
0.01256 12.9079 0.0680365
0.01257 12.9055 0.0681656
0.01258 12.9029 0.0682946
0.01259 12.9003 0.0684237
0.0126 12.8976 0.0685526
0.01261 12.8948 0.0686816
0.01262 12.8919 0.0688105
0.01263 12.889 0.0689394
0.01264 12.886 0.0690683
0.01265 12.883 0.0691972
0.01266 12.8799 0.069326
0.01267 12.8767 0.0694548
0.01268 12.8734 0.0695835
0.01269 12.8701 0.0697122
0.0127 12.8667 0.0698409
0.01271 12.8632 0.0699696
0.01272 12.8597 0.0700982
0.01273 12.8561 0.0702268
0.01274 12.8524 0.0703553
0.01275 12.8487 0.0704838
0.01276 12.8449 0.0706123
0.01277 12.841 0.0707407
0.01278 12.8371 0.0708691
0.01279 12.8331 0.0709974
0.0128 12.8291 0.0711258
0.01281 12.825 0.071254
0.01282 12.8208 0.0713823
0.01283 12.8165 0.0715104
0.01284 12.8122 0.0716386
0.01285 12.8079 0.0717667
0.01286 12.8034 0.0718947
0.01287 12.799 0.0720228
0.01288 12.7944 0.0721507
0.01289 12.7898 0.0722786
0.0129 12.7851 0.0724065
0.01291 12.7804 0.0725343
0.01292 12.7756 0.0726621
0.01293 12.7708 0.0727899
0.01294 12.7659 0.0729175
0.01295 12.7609 0.0730452
0.01296 12.7559 0.0731728
0.01297 12.7508 0.0733003
0.01298 12.7457 0.0734278
0.01299 12.7405 0.0735552
0.013 12.7353 0.0736826
0.01301 12.73 0.0738099
0.01302 12.7246 0.0739372
0.01303 12.7192 0.0740644
0.01304 12.7138 0.0741916
0.01305 12.7083 0.0743187
0.01306 12.7027 0.0744457
0.01307 12.6971 0.0745727
0.01308 12.6914 0.0746997
0.01309 12.6857 0.0748266
0.0131 12.6799 0.0749534
0.01311 12.6741 0.0750802
0.01312 12.6682 0.0752069
0.01313 12.6623 0.0753335
0.01314 12.6563 0.0754601
0.01315 12.6503 0.0755866
0.01316 12.6442 0.0757131
0.01317 12.6381 0.0758395
0.01318 12.6319 0.0759659
0.01319 12.6257 0.0760922
0.0132 12.6194 0.0762184
0.01321 12.6131 0.0763446
0.01322 12.6067 0.0764707
0.01323 12.6003 0.0765967
0.01324 12.5939 0.0767227
0.01325 12.5874 0.0768486
0.01326 12.5808 0.0769744
0.01327 12.5743 0.0771002
0.01328 12.5676 0.0772259
0.01329 12.5609 0.0773515
0.0133 12.5542 0.0774771
0.01331 12.5475 0.0776026
0.01332 12.5407 0.0777281
0.01333 12.5338 0.0778534
0.01334 12.5269 0.0779787
0.01335 12.52 0.078104
0.01336 12.513 0.0782291
0.01337 12.506 0.0783542
0.01338 12.4989 0.0784793
0.01339 12.4919 0.0786042
0.0134 12.4847 0.0787291
0.01341 12.4776 0.0788539
0.01342 12.4703 0.0789786
0.01343 12.4631 0.0791033
0.01344 12.4558 0.0792279
0.01345 12.4485 0.0793524
0.01346 12.4411 0.0794769
0.01347 12.4337 0.0796013
0.01348 12.4263 0.0797256
0.01349 12.4188 0.0798498
0.0135 12.4113 0.0799739
0.01351 12.4038 0.080098
0.01352 12.3962 0.080222
0.01353 12.3886 0.0803459
0.01354 12.381 0.0804698
0.01355 12.3733 0.0805935
0.01356 12.3656 0.0807172
0.01357 12.3578 0.0808409
0.01358 12.3501 0.0809644
0.01359 12.3423 0.0810879
0.0136 12.3344 0.0812112
0.01361 12.3266 0.0813345
0.01362 12.3187 0.0814578
0.01363 12.3107 0.0815809
0.01364 12.3028 0.081704
0.01365 12.2948 0.081827
0.01366 12.2868 0.0819499
0.01367 12.2787 0.0820727
0.01368 12.2707 0.0821955
0.01369 12.2626 0.0823181
0.0137 12.2544 0.0824407
0.01371 12.2463 0.0825632
0.01372 12.2381 0.0826856
0.01373 12.2299 0.082808
0.01374 12.2217 0.0829302
0.01375 12.2134 0.0830524
0.01376 12.2051 0.0831745
0.01377 12.1968 0.0832965
0.01378 12.1885 0.0834184
0.01379 12.1802 0.0835403
0.0138 12.1718 0.083662
0.01381 12.1634 0.0837837
0.01382 12.155 0.0839053
0.01383 12.1465 0.0840268
0.01384 12.138 0.0841482
0.01385 12.1296 0.0842696
0.01386 12.1211 0.0843908
0.01387 12.1125 0.084512
0.01388 12.104 0.0846331
0.01389 12.0954 0.0847541
0.0139 12.0868 0.084875
0.01391 12.0782 0.0849958
0.01392 12.0696 0.0851166
0.01393 12.061 0.0852372
0.01394 12.0523 0.0853578
0.01395 12.0436 0.0854783
0.01396 12.0349 0.0855986
0.01397 12.0262 0.085719
0.01398 12.0175 0.0858392
0.01399 12.0088 0.0859593
0.014 12 0.0860793
0.014 12 0.0860793
0.01401 11.9911 0.0861993
0.01402 11.9821 0.0863192
0.01403 11.9729 0.0864389
0.01404 11.9635 0.0865586
0.01405 11.954 0.0866782
0.01406 11.9442 0.0867977
0.01407 11.9343 0.0869171
0.01408 11.9243 0.0870364
0.01409 11.9141 0.0871556
0.0141 11.9037 0.0872747
0.01411 11.8932 0.0873937
0.01412 11.8825 0.0875125
0.01413 11.8717 0.0876313
0.01414 11.8608 0.08775
0.01415 11.8497 0.0878685
0.01416 11.8384 0.087987
0.01417 11.8271 0.0881053
0.01418 11.8156 0.0882235
0.01419 11.804 0.0883416
0.0142 11.7923 0.0884596
0.01421 11.7804 0.0885774
0.01422 11.7684 0.0886952
0.01423 11.7564 0.0888128
0.01424 11.7442 0.0889303
0.01425 11.7319 0.0890477
0.01426 11.7195 0.089165
0.01427 11.707 0.0892821
0.01428 11.6944 0.0893991
0.01429 11.6817 0.089516
0.0143 11.6689 0.0896327
0.01431 11.656 0.0897493
0.01432 11.6431 0.0898658
0.01433 11.63 0.0899822
0.01434 11.6169 0.0900984
0.01435 11.6037 0.0902145
0.01436 11.5905 0.0903305
0.01437 11.5772 0.0904464
0.01438 11.5638 0.0905621
0.01439 11.5503 0.0906776
0.0144 11.5368 0.0907931
0.01441 11.5233 0.0909084
0.01442 11.5097 0.0910235
0.01443 11.496 0.0911386
0.01444 11.4823 0.0912535
0.01445 11.4686 0.0913682
0.01446 11.4548 0.0914828
0.01447 11.441 0.0915973
0.01448 11.4271 0.0917116
0.01449 11.4133 0.0918258
0.0145 11.3994 0.0919399
0.01451 11.3854 0.0920538
0.01452 11.3715 0.0921676
0.01453 11.3575 0.0922813
0.01454 11.3436 0.0923948
0.01455 11.3296 0.0925081
0.01456 11.3156 0.0926214
0.01457 11.3016 0.0927344
0.01458 11.2876 0.0928474
0.01459 11.2737 0.0929602
0.0146 11.2597 0.0930729
0.01461 11.2457 0.0931854
0.01462 11.2318 0.0932978
0.01463 11.2178 0.09341
0.01464 11.2039 0.0935221
0.01465 11.19 0.0936341
0.01466 11.1762 0.0937459
0.01467 11.1624 0.0938576
0.01468 11.1486 0.0939692
0.01469 11.1348 0.0940806
0.0147 11.1211 0.0941919
0.01471 11.1074 0.094303
0.01472 11.0938 0.094414
0.01473 11.0802 0.0945249
0.01474 11.0666 0.0946356
0.01475 11.0532 0.0947462
0.01476 11.0397 0.0948567
0.01477 11.0264 0.094967
0.01478 11.0131 0.0950772
0.01479 10.9999 0.0951873
0.0148 10.9867 0.0952972
0.01481 10.9737 0.095407
0.01482 10.9607 0.0955167
0.01483 10.9478 0.0956262
0.01484 10.9349 0.0957357
0.01485 10.9222 0.0958449
0.01486 10.9095 0.0959541
0.01487 10.897 0.0960631
0.01488 10.8845 0.096172
0.01489 10.8722 0.0962808
0.0149 10.8599 0.0963895
0.01491 10.8478 0.096498
0.01491 10.8478 0.096498
0.01492 10.8357 0.0966064
0.01493 10.8237 0.0967147
0.01494 10.8117 0.0968229
0.01495 10.7997 0.096931
0.01496 10.7877 0.0970389
0.01497 10.7758 0.0971467
0.01498 10.7639 0.0972544
0.01499 10.752 0.097362
0.015 10.7401 0.0974695
0.01501 10.7283 0.0975768
0.01502 10.7164 0.097684
0.01503 10.7046 0.0977911
0.01504 10.6929 0.0978981
0.01505 10.6811 0.098005
0.01506 10.6694 0.0981117
0.01507 10.6577 0.0982184
0.01508 10.646 0.0983249
0.01509 10.6343 0.0984313
0.0151 10.6227 0.0985376
0.01511 10.6111 0.0986438
0.01512 10.5995 0.0987498
0.01513 10.5879 0.0988557
0.01514 10.5763 0.0989616
0.01515 10.5648 0.0990673
0.01516 10.5532 0.0991729
0.01517 10.5417 0.0992783
0.01518 10.5302 0.0993837
0.01519 10.5188 0.0994889
0.0152 10.5073 0.0995941
0.01521 10.4959 0.0996991
0.01522 10.4844 0.099804
0.01523 10.473 0.0999088
0.01524 10.4616 0.100013
0.01525 10.4502 0.100118
0.01526 10.4389 0.100222
0.01527 10.4275 0.100327
0.01528 10.4162 0.100431
0.01529 10.4049 0.100535
0.0153 10.3935 0.100639
0.01531 10.3822 0.100743
0.01532 10.3709 0.100847
0.01533 10.3597 0.10095
0.01534 10.3484 0.101054
0.01535 10.3371 0.101157
0.01536 10.3259 0.101261
0.01537 10.3147 0.101364
0.01538 10.3034 0.101467
0.01539 10.2922 0.10157
0.0154 10.281 0.101673
0.01541 10.2698 0.101776
0.01542 10.2586 0.101878
0.01543 10.2474 0.101981
0.01544 10.2362 0.102083
0.01545 10.2251 0.102185
0.01546 10.2139 0.102288
0.01547 10.2027 0.10239
0.01548 10.1916 0.102492
0.01549 10.1804 0.102594
0.0155 10.1693 0.102695
0.01551 10.1581 0.102797
0.01552 10.147 0.102898
0.01553 10.1359 0.103
0.01554 10.1247 0.103101
0.01555 10.1136 0.103202
0.01556 10.1025 0.103303
0.01557 10.0914 0.103404
0.01558 10.0802 0.103505
0.01559 10.0691 0.103606
0.0156 10.058 0.103707
0.01561 10.0469 0.103807
0.01562 10.0358 0.103908
0.01563 10.0246 0.104008
0.01564 10.0135 0.104108
0.01565 10.0024 0.104208
0.01566 9.99128 0.104308
0.01567 9.98016 0.104408
0.01568 9.96903 0.104508
0.01569 9.9579 0.104607
0.0157 9.94677 0.104707
0.01571 9.93563 0.104806
0.01572 9.92449 0.104906
0.01573 9.91335 0.105005
0.01574 9.9022 0.105104
0.01575 9.89105 0.105203
0.01576 9.87989 0.105302
0.01577 9.86872 0.1054
0.01578 9.85755 0.105499
0.01579 9.84637 0.105598
0.0158 9.83519 0.105696
0.01581 9.824 0.105794
0.01582 9.8128 0.105893
0.01583 9.80159 0.105991
0.01584 9.79037 0.106089
0.01585 9.77915 0.106186
0.01586 9.76791 0.106284
0.01587 9.75667 0.106382
0.01588 9.74541 0.106479
0.01589 9.73414 0.106577
0.0159 9.72287 0.106674
0.01591 9.71158 0.106771
0.01592 9.70028 0.106868
0.01593 9.68897 0.106965
0.01594 9.67764 0.107062
0.01595 9.66631 0.107159
0.01596 9.65496 0.107255
0.01597 9.64359 0.107352
0.01598 9.63221 0.107448
0.01599 9.62082 0.107544
0.016 9.60941 0.107641
0.01601 9.59799 0.107737
0.01602 9.58655 0.107833
0.01603 9.5751 0.107928
0.01604 9.56363 0.108024
0.01605 9.55214 0.10812
0.01606 9.54063 0.108215
0.01607 9.52911 0.10831
0.01608 9.51757 0.108406
0.01609 9.50601 0.108501
0.0161 9.49443 0.108596
0.01611 9.48284 0.108691
0.01612 9.47122 0.108785
0.01613 9.45958 0.10888
0.01614 9.44793 0.108975
0.01615 9.43625 0.109069
0.01616 9.42455 0.109163
0.01617 9.41283 0.109258
0.01618 9.40109 0.109352
0.01619 9.38932 0.109446
0.0162 9.37753 0.109539
0.01621 9.36572 0.109633
0.01622 9.35389 0.109727
0.01623 9.34203 0.10982
0.01624 9.33015 0.109914
0.01625 9.31824 0.110007
0.01626 9.30631 0.1101
0.01627 9.29435 0.110193
0.01628 9.28237 0.110286
0.01629 9.27036 0.110379
0.0163 9.25832 0.110471
0.01631 9.24626 0.110564
0.01632 9.23417 0.110656
0.01633 9.22205 0.110748
0.01634 9.2099 0.110841
0.01635 9.19772 0.110933
0.01636 9.18552 0.111025
0.01637 9.17329 0.111116
0.01638 9.16102 0.111208
0.01639 9.14873 0.1113
0.0164 9.1364 0.111391
0.01641 9.12405 0.111482
0.01642 9.11166 0.111573
0.01643 9.09924 0.111664
0.01644 9.08679 0.111755
0.01644 9.08679 0.111755
0.01645 9.0743 0.111846
0.01646 9.06176 0.111937
0.01647 9.04918 0.112027
0.01648 9.03656 0.112118
0.01649 9.02389 0.112208
0.0165 9.01118 0.112298
0.01651 8.99843 0.112388
0.01652 8.98563 0.112478
0.01653 8.97279 0.112568
0.01654 8.95991 0.112658
0.01655 8.947 0.112747
0.01656 8.93404 0.112837
0.01657 8.92104 0.112926
0.01658 8.908 0.113015
0.01659 8.89492 0.113104
0.0166 8.8818 0.113193
0.01661 8.86865 0.113282
0.01662 8.85546 0.11337
0.01663 8.84223 0.113459
0.01664 8.82897 0.113547
0.01665 8.81567 0.113635
0.01666 8.80233 0.113724
0.01667 8.78897 0.113812
0.01668 8.77556 0.113899
0.01669 8.76212 0.113987
0.0167 8.74865 0.114075
0.01671 8.73515 0.114162
0.01672 8.72162 0.114249
0.01673 8.70805 0.114336
0.01674 8.69445 0.114423
0.01675 8.68082 0.11451
0.01676 8.66716 0.114597
0.01677 8.65347 0.114684
0.01678 8.63975 0.11477
0.01679 8.62601 0.114856
0.0168 8.61223 0.114943
0.01681 8.59843 0.115029
0.01682 8.5846 0.115115
0.01683 8.57074 0.1152
0.01684 8.55686 0.115286
0.01685 8.54295 0.115372
0.01686 8.52902 0.115457
0.01687 8.51506 0.115542
0.01688 8.50107 0.115627
0.01689 8.48707 0.115712
0.0169 8.47304 0.115797
0.01691 8.45898 0.115882
0.01692 8.44491 0.115966
0.01693 8.43081 0.116051
0.01694 8.41669 0.116135
0.01695 8.40256 0.116219
0.01696 8.3884 0.116303
0.01697 8.37422 0.116387
0.01698 8.36002 0.11647
0.01699 8.3458 0.116554
0.017 8.33157 0.116637
0.01701 8.31732 0.11672
0.01702 8.30305 0.116804
0.01703 8.28876 0.116887
0.01704 8.27446 0.116969
0.01705 8.26014 0.117052
0.01706 8.2458 0.117135
0.01707 8.23145 0.117217
0.01708 8.21709 0.117299
0.01709 8.20272 0.117381
0.0171 8.18833 0.117463
0.01711 8.17392 0.117545
0.01712 8.15951 0.117627
0.01713 8.14508 0.117708
0.01714 8.13064 0.11779
0.01715 8.11619 0.117871
0.01716 8.10174 0.117952
0.01717 8.08727 0.118033
0.01718 8.07279 0.118114
0.01719 8.0583 0.118194
0.0172 8.04381 0.118275
0.01721 8.0293 0.118355
0.01722 8.0148 0.118435
0.01723 8.00028 0.118515
0.01724 7.98576 0.118595
0.01725 7.97123 0.118675
0.01726 7.95669 0.118755
0.01727 7.94215 0.118834
0.01728 7.92761 0.118914
0.01729 7.91306 0.118993
0.0173 7.89851 0.119072
0.01731 7.88396 0.119151
0.01732 7.86941 0.11923
0.01733 7.85485 0.119308
0.01734 7.84029 0.119387
0.01735 7.82573 0.119465
0.01736 7.81117 0.119543
0.01737 7.79662 0.119621
0.01738 7.78206 0.119699
0.01739 7.7675 0.119777
0.0174 7.75295 0.119855
0.01741 7.73839 0.119932
0.01742 7.72384 0.120009
0.01743 7.7093 0.120086
0.01744 7.69475 0.120163
0.01745 7.68021 0.12024
0.01746 7.66568 0.120317
0.01747 7.65115 0.120394
0.01748 7.63663 0.12047
0.01749 7.62211 0.120546
0.0175 7.6076 0.120623
0.01751 7.5931 0.120699
0.01752 7.5786 0.120774
0.01753 7.56411 0.12085
0.01754 7.54964 0.120926
0.01755 7.53517 0.121001
0.01756 7.52071 0.121076
0.01757 7.50626 0.121152
0.01758 7.49182 0.121227
0.01759 7.47739 0.121301
0.0176 7.46298 0.121376
0.01761 7.44857 0.121451
0.01762 7.43418 0.121525
0.01763 7.4198 0.121599
0.01764 7.40544 0.121673
0.01765 7.39109 0.121747
0.01766 7.37676 0.121821
0.01767 7.36244 0.121895
0.01768 7.34813 0.121969
0.01769 7.33385 0.122042
0.0177 7.31958 0.122115
0.01771 7.30532 0.122188
0.01772 7.29109 0.122261
0.01773 7.27687 0.122334
0.01774 7.26267 0.122407
0.01775 7.24849 0.122479
0.01776 7.23433 0.122552
0.01777 7.22019 0.122624
0.01778 7.20607 0.122696
0.01779 7.19197 0.122768
0.0178 7.1779 0.12284
0.01781 7.16384 0.122912
0.01782 7.14981 0.122983
0.01783 7.1358 0.123055
0.01784 7.12182 0.123126
0.01785 7.10786 0.123197
0.01786 7.09392 0.123268
0.01787 7.08001 0.123339
0.01788 7.06613 0.12341
0.01789 7.05227 0.12348
0.0179 7.03844 0.123551
0.01791 7.02463 0.123621
0.01792 7.01086 0.123691
0.01793 6.99711 0.123761
0.01794 6.98339 0.123831
0.01795 6.9697 0.123901
0.01796 6.95604 0.123971
0.01797 6.94241 0.12404
0.01798 6.9288 0.12411
0.01799 6.91524 0.124179
0.018 6.9017 0.124248
0.01801 6.88819 0.124317
0.01802 6.87472 0.124386
0.01803 6.86128 0.124454
0.01804 6.84788 0.124523
0.01805 6.83451 0.124591
0.01806 6.82117 0.124659
0.01807 6.80787 0.124728
0.01808 6.7946 0.124796
0.01809 6.78137 0.124864
0.0181 6.76818 0.124931
0.01811 6.75502 0.124999
0.01812 6.74191 0.125066
0.01813 6.72883 0.125134
0.01814 6.71579 0.125201
0.01815 6.70278 0.125268
0.01816 6.68982 0.125335
0.01817 6.6769 0.125402
0.01818 6.66402 0.125469
0.01819 6.65118 0.125535
0.0182 6.63838 0.125602
0.01821 6.62562 0.125668
0.01822 6.61291 0.125734
0.01823 6.60024 0.1258
0.01824 6.58761 0.125866
0.01825 6.57503 0.125932
0.01826 6.56249 0.125998
0.01827 6.55 0.126063
0.01828 6.53755 0.126129
0.01829 6.52515 0.126194
0.0183 6.5128 0.126259
0.01831 6.50049 0.126324
0.01832 6.48823 0.126389
0.01833 6.47602 0.126454
0.01834 6.46386 0.126519
0.01835 6.45175 0.126583
0.01836 6.43968 0.126648
0.01837 6.42767 0.126712
0.01838 6.41571 0.126776
0.01839 6.4038 0.12684
0.0184 6.39194 0.126904
0.01841 6.38013 0.126968
0.01842 6.36837 0.127032
0.01843 6.35667 0.127096
0.01844 6.34502 0.127159
0.01845 6.33343 0.127222
0.01846 6.32189 0.127286
0.01847 6.31041 0.127349
0.01848 6.29898 0.127412
0.01849 6.28761 0.127475
0.0185 6.27629 0.127538
0.01851 6.26503 0.1276
0.01852 6.25383 0.127663
0.01853 6.24269 0.127725
0.01854 6.23161 0.127788
0.01855 6.22058 0.12785
0.01856 6.20962 0.127912
0.01857 6.19871 0.127974
0.01858 6.18787 0.128036
0.01859 6.17708 0.128098
0.0186 6.16636 0.12816
0.01861 6.1557 0.128221
0.01862 6.14511 0.128283
0.01863 6.13457 0.128344
0.01864 6.1241 0.128406
0.01865 6.1137 0.128467
0.01866 6.10336 0.128528
0.01867 6.09308 0.128589
0.01867 6.09308 0.128589
0.01868 6.08285 0.12865
0.01869 6.07264 0.12871
0.0187 6.06246 0.128771
0.01871 6.05231 0.128832
0.01872 6.04218 0.128892
0.01873 6.03207 0.128953
0.01874 6.02199 0.129013
0.01875 6.01193 0.129073
0.01876 6.0019 0.129133
0.01877 5.99189 0.129193
0.01878 5.98191 0.129253
0.01879 5.97195 0.129313
0.0188 5.96201 0.129372
0.01881 5.9521 0.129432
0.01882 5.94221 0.129491
0.01883 5.93235 0.129551
0.01884 5.92251 0.12961
0.01885 5.9127 0.129669
0.01886 5.9029 0.129728
0.01887 5.89314 0.129787
0.01888 5.88339 0.129846
0.01889 5.87367 0.129905
0.0189 5.86398 0.129964
0.01891 5.8543 0.130022
0.01892 5.84465 0.130081
0.01893 5.83503 0.130139
0.01894 5.82542 0.130197
0.01895 5.81584 0.130256
0.01896 5.80628 0.130314
0.01897 5.79675 0.130372
0.01898 5.78724 0.13043
0.01899 5.77775 0.130487
0.019 5.76829 0.130545
0.01901 5.75884 0.130603
0.01902 5.74942 0.13066
0.01903 5.74003 0.130718
0.01904 5.73065 0.130775
0.01905 5.7213 0.130832
0.01906 5.71197 0.13089
0.01907 5.70266 0.130947
0.01908 5.69338 0.131004
0.01909 5.68411 0.131061
0.0191 5.67487 0.131117
0.01911 5.66565 0.131174
0.01912 5.65646 0.131231
0.01913 5.64728 0.131287
0.01914 5.63813 0.131344
0.01915 5.629 0.1314
0.01916 5.61989 0.131456
0.01917 5.6108 0.131512
0.01918 5.60174 0.131568
0.01919 5.59269 0.131624
0.0192 5.58367 0.13168
0.01921 5.57467 0.131736
0.01922 5.56569 0.131792
0.01923 5.55673 0.131847
0.01924 5.54779 0.131903
0.01925 5.53887 0.131958
0.01926 5.52998 0.132014
0.01927 5.5211 0.132069
0.01928 5.51225 0.132124
0.01929 5.50342 0.132179
0.0193 5.4946 0.132234
0.01931 5.48581 0.132289
0.01932 5.47704 0.132344
0.01933 5.46829 0.132399
0.01934 5.45956 0.132453
0.01935 5.45085 0.132508
0.01936 5.44216 0.132562
0.01937 5.43349 0.132617
0.01938 5.42484 0.132671
0.01939 5.41622 0.132725
0.0194 5.40761 0.132779
0.01941 5.39902 0.132833
0.01942 5.39045 0.132887
0.01943 5.3819 0.132941
0.01944 5.37337 0.132995
0.01945 5.36487 0.133049
0.01946 5.35638 0.133102
0.01947 5.34791 0.133156
0.01948 5.33946 0.133209
0.01949 5.33103 0.133262
0.0195 5.32261 0.133316
0.01951 5.31422 0.133369
0.01952 5.30585 0.133422
0.01953 5.2975 0.133475
0.01954 5.28916 0.133528
0.01955 5.28085 0.133581
0.01956 5.27255 0.133634
0.01957 5.26427 0.133686
0.01958 5.25601 0.133739
0.01959 5.24777 0.133791
0.0196 5.23955 0.133844
0.01961 5.23135 0.133896
0.01962 5.22317 0.133948
0.01963 5.215 0.134001
0.01964 5.20685 0.134053
0.01965 5.19872 0.134105
0.01966 5.19061 0.134157
0.01967 5.18252 0.134209
0.01968 5.17445 0.13426
0.01969 5.16639 0.134312
0.0197 5.15835 0.134364
0.01971 5.15033 0.134415
0.01972 5.14233 0.134467
0.01973 5.13435 0.134518
0.01974 5.12638 0.134569
0.01975 5.11843 0.134621
0.01976 5.1105 0.134672
0.01977 5.10258 0.134723
0.01978 5.09469 0.134774
0.01979 5.08681 0.134825
0.0198 5.07895 0.134876
0.01981 5.0711 0.134926
0.01982 5.06327 0.134977
0.01983 5.05546 0.135028
0.01984 5.04767 0.135078
0.01985 5.0399 0.135129
0.01986 5.03214 0.135179
0.01987 5.02439 0.135229
0.01988 5.01667 0.135279
0.01989 5.00896 0.13533
0.0199 5.00127 0.13538
0.01991 4.99359 0.13543
0.01992 4.98593 0.135479
0.01993 4.97829 0.135529
0.01994 4.97066 0.135579
0.01995 4.96305 0.135629
0.01996 4.95546 0.135678
0.01997 4.94788 0.135728
0.01998 4.94032 0.135777
0.01999 4.93277 0.135827
0.02 4.92524 0.135876
0.02001 4.91773 0.135925
0.02002 4.91023 0.135974
0.02003 4.90275 0.136023
0.02004 4.89528 0.136072
0.02005 4.88783 0.136121
0.02006 4.88039 0.13617
0.02007 4.87297 0.136219
0.02008 4.86557 0.136268
0.02009 4.85818 0.136316
0.0201 4.8508 0.136365
0.02011 4.84344 0.136413
0.02012 4.8361 0.136462
0.02013 4.82877 0.13651
0.02014 4.82146 0.136558
0.02015 4.81416 0.136606
0.02016 4.80687 0.136654
0.02017 4.7996 0.136702
0.02018 4.79235 0.13675
0.02019 4.78511 0.136798
0.0202 4.77788 0.136846
0.02021 4.77067 0.136894
0.02022 4.76347 0.136942
0.02023 4.75629 0.136989
0.02024 4.74912 0.137037
0.02025 4.74197 0.137084
0.02026 4.73483 0.137131
0.02027 4.7277 0.137179
0.02028 4.72059 0.137226
0.02029 4.71349 0.137273
0.0203 4.70641 0.13732
0.02031 4.69934 0.137367
0.02032 4.69228 0.137414
0.02033 4.68524 0.137461
0.02034 4.67821 0.137508
0.02035 4.67119 0.137555
0.02036 4.66419 0.137601
0.02037 4.6572 0.137648
0.02038 4.65023 0.137695
0.02039 4.64326 0.137741
0.0204 4.63631 0.137787
0.02041 4.62938 0.137834
0.02042 4.62246 0.13788
0.02043 4.61555 0.137926
0.02044 4.60865 0.137972
0.02045 4.60176 0.138018
0.02046 4.59489 0.138064
0.02047 4.58803 0.13811
0.02048 4.58119 0.138156
0.02049 4.57435 0.138202
0.0205 4.56753 0.138248
0.02051 4.56072 0.138293
0.02052 4.55393 0.138339
0.02053 4.54714 0.138384
0.02054 4.54037 0.13843
0.02055 4.53361 0.138475
0.02056 4.52686 0.13852
0.02057 4.52013 0.138566
0.02058 4.5134 0.138611
0.02059 4.50669 0.138656
0.0206 4.49999 0.138701
0.02061 4.4933 0.138746
0.02062 4.48662 0.138791
0.02063 4.47996 0.138836
0.02064 4.47331 0.13888
0.02065 4.46666 0.138925
0.02066 4.46003 0.13897
0.02067 4.45341 0.139014
0.02068 4.4468 0.139059
0.02069 4.44021 0.139103
0.0207 4.43362 0.139148
0.02071 4.42705 0.139192
0.02072 4.42048 0.139236
0.02073 4.41393 0.13928
0.02074 4.40739 0.139324
0.02075 4.40085 0.139369
0.02076 4.39433 0.139412
0.02077 4.38782 0.139456
0.02078 4.38132 0.1395
0.02079 4.37483 0.139544
0.0208 4.36835 0.139588
0.02081 4.36189 0.139631
0.02082 4.35543 0.139675
0.02083 4.34898 0.139718
0.02084 4.34254 0.139762
0.02085 4.33611 0.139805
0.02086 4.32969 0.139849
0.02087 4.32329 0.139892
0.02088 4.31689 0.139935
0.02089 4.3105 0.139978
0.0209 4.30412 0.140021
0.02091 4.29775 0.140064
0.02092 4.29139 0.140107
0.02093 4.28504 0.14015
0.02094 4.2787 0.140193
0.02095 4.27237 0.140236
0.02096 4.26605 0.140278
0.02097 4.25974 0.140321
0.02098 4.25343 0.140364
0.02099 4.24714 0.140406
0.021 4.24085 0.140449
0.02101 4.23458 0.140491
0.02102 4.22831 0.140533
0.02103 4.22205 0.140576
0.02104 4.2158 0.140618
0.02105 4.20956 0.14066
0.02106 4.20333 0.140702
0.02107 4.1971 0.140744
0.02108 4.19089 0.140786
0.02109 4.18468 0.140828
0.0211 4.17848 0.14087
0.02111 4.17229 0.140911
0.02112 4.16611 0.140953
0.02113 4.15993 0.140995
0.02114 4.15377 0.141036
0.02115 4.14761 0.141078
0.02116 4.14146 0.141119
0.02117 4.13532 0.141161
0.02118 4.12918 0.141202
0.02119 4.12306 0.141243
0.0212 4.11694 0.141284
0.02121 4.11082 0.141325
0.02122 4.10472 0.141367
0.02123 4.09862 0.141408
0.02124 4.09253 0.141449
0.02125 4.08645 0.141489
0.02126 4.08038 0.14153
0.02127 4.07431 0.141571
0.02128 4.06825 0.141612
0.02129 4.0622 0.141652
0.0213 4.05615 0.141693
0.02131 4.05011 0.141733
0.02132 4.04408 0.141774
0.02133 4.03805 0.141814
0.02134 4.03203 0.141855
0.02135 4.02602 0.141895
0.02136 4.02001 0.141935
0.02137 4.01401 0.141975
0.02138 4.00802 0.142016
0.02139 4.00203 0.142056
0.0214 3.99605 0.142096
0.02141 3.99008 0.142135
0.02142 3.98411 0.142175
0.02143 3.97814 0.142215
0.02144 3.97219 0.142255
0.02145 3.96624 0.142295
0.02146 3.96029 0.142334
0.02147 3.95435 0.142374
0.02148 3.94842 0.142413
0.02149 3.94249 0.142453
0.0215 3.93657 0.142492
0.02151 3.93066 0.142532
0.02152 3.92474 0.142571
0.02153 3.91884 0.14261
0.02154 3.91294 0.142649
0.02155 3.90704 0.142688
0.02156 3.90115 0.142727
0.02157 3.89527 0.142766
0.02158 3.88939 0.142805
0.02159 3.88351 0.142844
0.0216 3.87764 0.142883
0.02161 3.87178 0.142922
0.02162 3.86592 0.14296
0.02163 3.86006 0.142999
0.02164 3.85421 0.143038
0.02165 3.84836 0.143076
0.02166 3.84252 0.143115
0.02167 3.83668 0.143153
0.02168 3.83085 0.143191
0.02169 3.82502 0.14323
0.0217 3.8192 0.143268
0.02171 3.81337 0.143306
0.02172 3.80756 0.143344
0.02173 3.80175 0.143382
0.02174 3.79594 0.14342
0.02175 3.79013 0.143458
0.02176 3.78433 0.143496
0.02177 3.77853 0.143534
0.02178 3.77274 0.143571
0.02179 3.76695 0.143609
0.0218 3.76116 0.143647
0.02181 3.75538 0.143684
0.02182 3.7496 0.143722
0.02183 3.74382 0.143759
0.02184 3.73805 0.143797
0.02185 3.73228 0.143834
0.02186 3.72651 0.143871
0.02187 3.72075 0.143909
0.02188 3.71498 0.143946
0.02189 3.70923 0.143983
0.0219 3.70347 0.14402
0.02191 3.69772 0.144057
0.02192 3.69197 0.144094
0.02193 3.68622 0.144131
0.02194 3.68047 0.144168
0.02195 3.67473 0.144204
0.02196 3.66899 0.144241
0.02197 3.66325 0.144278
0.02198 3.65752 0.144314
0.02199 3.65178 0.144351
0.022 3.64605 0.144387
0.02201 3.64032 0.144424
0.02202 3.6346 0.14446
0.02203 3.62887 0.144497
0.02204 3.62315 0.144533
0.02205 3.61742 0.144569
0.02206 3.6117 0.144605
0.02207 3.60599 0.144641
0.02208 3.60027 0.144677
0.02209 3.59455 0.144713
0.0221 3.58884 0.144749
0.02211 3.58313 0.144785
0.02212 3.57742 0.144821
0.02213 3.57171 0.144857
0.02214 3.566 0.144892
0.02215 3.56029 0.144928
0.02216 3.55458 0.144964
0.02217 3.54888 0.144999
0.02218 3.54317 0.145034
0.02219 3.53747 0.14507
0.0222 3.53176 0.145105
0.02221 3.52606 0.145141
0.02222 3.52036 0.145176
0.02223 3.51466 0.145211
0.02224 3.50896 0.145246
0.02225 3.50326 0.145281
0.02226 3.49755 0.145316
0.02227 3.49185 0.145351
0.02228 3.48615 0.145386
0.02229 3.48045 0.145421
0.0223 3.47475 0.145456
0.02231 3.46906 0.14549
0.02232 3.46336 0.145525
0.02233 3.45765 0.14556
0.02234 3.45195 0.145594
0.02235 3.44625 0.145629
0.02236 3.44055 0.145663
0.02237 3.43485 0.145697
0.02238 3.42915 0.145732
0.02239 3.42345 0.145766
0.0224 3.41774 0.1458
0.02241 3.41204 0.145834
0.02242 3.40634 0.145868
0.02243 3.40063 0.145902
0.02244 3.39492 0.145936
0.02245 3.38922 0.14597
0.02246 3.38351 0.146004
0.02247 3.3778 0.146038
0.02248 3.37209 0.146072
0.02249 3.36637 0.146105
0.0225 3.36066 0.146139
0.02251 3.35495 0.146173
0.02252 3.34923 0.146206
0.02253 3.34351 0.14624
0.02254 3.33779 0.146273
0.02255 3.33207 0.146306
0.02256 3.32635 0.14634
0.02257 3.32062 0.146373
0.02258 3.3149 0.146406
0.02259 3.30917 0.146439
0.0226 3.30344 0.146472
0.02261 3.29771 0.146505
0.02262 3.29197 0.146538
0.02263 3.28623 0.146571
0.02264 3.2805 0.146604
0.02265 3.27475 0.146637
0.02266 3.26901 0.146669
0.02267 3.26326 0.146702
0.02268 3.25751 0.146735
0.02269 3.25176 0.146767
0.0227 3.24601 0.1468
0.02271 3.24025 0.146832
0.02271 3.24025 0.146832
0.02272 3.2345 0.146865
0.02273 3.22875 0.146897
0.02274 3.22301 0.146929
0.02275 3.21728 0.146961
0.02276 3.21156 0.146994
0.02277 3.20585 0.147026
0.02278 3.20015 0.147058
0.02279 3.19445 0.14709
0.0228 3.18876 0.147122
0.02281 3.18309 0.147153
0.02282 3.17742 0.147185
0.02283 3.17175 0.147217
0.02284 3.1661 0.147249
0.02285 3.16046 0.14728
0.02286 3.15482 0.147312
0.02287 3.14919 0.147343
0.02288 3.14357 0.147375
0.02289 3.13796 0.147406
0.0229 3.13235 0.147438
0.02291 3.12676 0.147469
0.02292 3.12117 0.1475
0.02293 3.11559 0.147531
0.02294 3.11002 0.147562
0.02295 3.10446 0.147593
0.02296 3.0989 0.147624
0.02297 3.09336 0.147655
0.02298 3.08782 0.147686
0.02299 3.08229 0.147717
0.023 3.07677 0.147748
0.02301 3.07125 0.147779
0.02302 3.06575 0.147809
0.02303 3.06025 0.14784
0.02304 3.05476 0.147871
0.02305 3.04928 0.147901
0.02306 3.0438 0.147932
0.02307 3.03834 0.147962
0.02308 3.03288 0.147992
0.02309 3.02743 0.148023
0.0231 3.02199 0.148053
0.02311 3.01655 0.148083
0.02312 3.01113 0.148113
0.02313 3.00571 0.148143
0.02314 3.0003 0.148173
0.02315 2.99489 0.148203
0.02316 2.9895 0.148233
0.02317 2.98411 0.148263
0.02318 2.97873 0.148293
0.02319 2.97336 0.148323
0.0232 2.968 0.148352
0.02321 2.96264 0.148382
0.02322 2.95729 0.148412
0.02323 2.95195 0.148441
0.02324 2.94662 0.148471
0.02325 2.94129 0.1485
0.02326 2.93597 0.14853
0.02327 2.93066 0.148559
0.02328 2.92536 0.148588
0.02329 2.92007 0.148617
0.0233 2.91478 0.148647
0.02331 2.9095 0.148676
0.02332 2.90423 0.148705
0.02333 2.89896 0.148734
0.02334 2.89371 0.148763
0.02335 2.88846 0.148792
0.02336 2.88321 0.148821
0.02337 2.87798 0.148849
0.02338 2.87275 0.148878
0.02339 2.86753 0.148907
0.0234 2.86232 0.148935
0.02341 2.85712 0.148964
0.02342 2.85192 0.148993
0.02343 2.84673 0.149021
0.02344 2.84155 0.149049
0.02345 2.83637 0.149078
0.02346 2.8312 0.149106
0.02347 2.82604 0.149135
0.02348 2.82089 0.149163
0.02349 2.81574 0.149191
0.0235 2.81061 0.149219
0.02351 2.80548 0.149247
0.02352 2.80035 0.149275
0.02353 2.79523 0.149303
0.02354 2.79012 0.149331
0.02355 2.78502 0.149359
0.02356 2.77993 0.149387
0.02357 2.77484 0.149415
0.02358 2.76976 0.149442
0.02359 2.76468 0.14947
0.0236 2.75962 0.149498
0.02361 2.75456 0.149525
0.02362 2.74951 0.149553
0.02363 2.74446 0.14958
0.02364 2.73942 0.149608
0.02365 2.73439 0.149635
0.02366 2.72937 0.149662
0.02367 2.72435 0.149689
0.02368 2.71934 0.149717
0.02369 2.71434 0.149744
0.0237 2.70934 0.149771
0.02371 2.70435 0.149798
0.02372 2.69937 0.149825
0.02373 2.69439 0.149852
0.02374 2.68942 0.149879
0.02375 2.68446 0.149906
0.02376 2.67951 0.149933
0.02377 2.67456 0.149959
0.02378 2.66962 0.149986
0.02379 2.66468 0.150013
0.0238 2.65976 0.150039
0.02381 2.65484 0.150066
0.02382 2.64992 0.150093
0.02383 2.64501 0.150119
0.02384 2.64011 0.150145
0.02385 2.63522 0.150172
0.02386 2.63033 0.150198
0.02387 2.62545 0.150224
0.02388 2.62058 0.150251
0.02389 2.61571 0.150277
0.0239 2.61085 0.150303
0.02391 2.606 0.150329
0.02392 2.60115 0.150355
0.02393 2.59631 0.150381
0.02394 2.59148 0.150407
0.02395 2.58665 0.150433
0.02396 2.58183 0.150459
0.02397 2.57701 0.150485
0.02398 2.57221 0.15051
0.02399 2.56741 0.150536
0.024 2.56261 0.150562
0.02401 2.55782 0.150587
0.02402 2.55304 0.150613
0.02403 2.54826 0.150638
0.02404 2.5435 0.150664
0.02405 2.53873 0.150689
0.02406 2.53398 0.150715
0.02407 2.52923 0.15074
0.02408 2.52448 0.150765
0.02409 2.51975 0.15079
0.0241 2.51501 0.150816
0.02411 2.51029 0.150841
0.02412 2.50557 0.150866
0.02413 2.50086 0.150891
0.02414 2.49615 0.150916
0.02415 2.49145 0.150941
0.02416 2.48676 0.150966
0.02417 2.48207 0.15099
0.02418 2.47739 0.151015
0.02419 2.47272 0.15104
0.0242 2.46805 0.151065
0.02421 2.46339 0.151089
0.02422 2.45873 0.151114
0.02423 2.45408 0.151139
0.02424 2.44944 0.151163
0.02425 2.4448 0.151187
0.02426 2.44017 0.151212
0.02427 2.43554 0.151236
0.02428 2.43092 0.151261
0.02429 2.42631 0.151285
0.0243 2.4217 0.151309
0.02431 2.4171 0.151333
0.02432 2.4125 0.151357
0.02433 2.40791 0.151382
0.02434 2.40333 0.151406
0.02435 2.39875 0.15143
0.02436 2.39418 0.151454
0.02437 2.38961 0.151478
0.02438 2.38505 0.151501
0.02439 2.3805 0.151525
0.0244 2.37595 0.151549
0.02441 2.37141 0.151573
0.02442 2.36687 0.151596
0.02443 2.36234 0.15162
0.02444 2.35781 0.151644
0.02445 2.35329 0.151667
0.02446 2.34878 0.151691
0.02447 2.34427 0.151714
0.02448 2.33977 0.151738
0.02449 2.33527 0.151761
0.0245 2.33078 0.151784
0.02451 2.3263 0.151808
0.02452 2.32182 0.151831
0.02453 2.31734 0.151854
0.02454 2.31287 0.151877
0.02455 2.30841 0.1519
0.02456 2.30395 0.151923
0.02457 2.2995 0.151946
0.02458 2.29506 0.151969
0.02459 2.29062 0.151992
0.0246 2.28618 0.152015
0.02461 2.28175 0.152038
0.02462 2.27733 0.152061
0.02463 2.27291 0.152084
0.02464 2.26849 0.152106
0.02465 2.26409 0.152129
0.02466 2.25968 0.152152
0.02467 2.25529 0.152174
0.02468 2.2509 0.152197
0.02469 2.24651 0.152219
0.0247 2.24213 0.152242
0.02471 2.23775 0.152264
0.02472 2.23338 0.152286
0.02473 2.22902 0.152309
0.02474 2.22466 0.152331
0.02475 2.22031 0.152353
0.02476 2.21596 0.152375
0.02477 2.21161 0.152397
0.02478 2.20728 0.15242
0.02479 2.20294 0.152442
0.0248 2.19861 0.152464
0.02481 2.19429 0.152486
0.02482 2.18997 0.152508
0.02483 2.18566 0.152529
0.02484 2.18135 0.152551
0.02485 2.17705 0.152573
0.02486 2.17275 0.152595
0.02487 2.16846 0.152616
0.02488 2.16418 0.152638
0.02489 2.15989 0.15266
0.0249 2.15562 0.152681
0.02491 2.15135 0.152703
0.02492 2.14708 0.152724
0.02493 2.14282 0.152746
0.02494 2.13856 0.152767
0.02495 2.13431 0.152789
0.02496 2.13006 0.15281
0.02497 2.12582 0.152831
0.02498 2.12158 0.152852
0.02499 2.11735 0.152874
0.025 2.11312 0.152895
0.02501 2.1089 0.152916
0.02502 2.10468 0.152937
0.02503 2.10047 0.152958
0.02504 2.09626 0.152979
0.02505 2.09206 0.153
0.02506 2.08786 0.153021
0.02507 2.08367 0.153042
0.02508 2.07948 0.153062
0.02509 2.0753 0.153083
0.0251 2.07112 0.153104
0.02511 2.06694 0.153125
0.02512 2.06277 0.153145
0.02513 2.05861 0.153166
0.02514 2.05445 0.153187
0.02515 2.05029 0.153207
0.02516 2.04614 0.153228
0.02517 2.04199 0.153248
0.02518 2.03785 0.153268
0.02519 2.03371 0.153289
0.0252 2.02958 0.153309
0.02521 2.02545 0.153329
0.02522 2.02133 0.15335
0.02523 2.01721 0.15337
0.02524 2.01309 0.15339
0.02525 2.00898 0.15341
0.02526 2.00488 0.15343
0.02527 2.00078 0.15345
0.02528 1.99668 0.15347
0.02529 1.99259 0.15349
0.0253 1.9885 0.15351
0.02531 1.98442 0.15353
0.02532 1.98034 0.15355
0.02533 1.97626 0.153569
0.02534 1.97219 0.153589
0.02535 1.96812 0.153609
0.02536 1.96406 0.153629
0.02537 1.96 0.153648
0.02538 1.95595 0.153668
0.02539 1.9519 0.153687
0.0254 1.94786 0.153707
0.02541 1.94382 0.153726
0.02542 1.93978 0.153746
0.02543 1.93575 0.153765
0.02544 1.93172 0.153784
0.02545 1.9277 0.153804
0.02546 1.92368 0.153823
0.02547 1.91966 0.153842
0.02548 1.91565 0.153861
0.02549 1.91164 0.15388
0.0255 1.90764 0.1539
0.02551 1.90364 0.153919
0.02552 1.89964 0.153938
0.02553 1.89565 0.153957
0.02554 1.89167 0.153976
0.02555 1.88768 0.153994
0.02556 1.8837 0.154013
0.02557 1.87973 0.154032
0.02558 1.87576 0.154051
0.02559 1.87179 0.15407
0.0256 1.86783 0.154088
0.02561 1.86387 0.154107
0.02562 1.85991 0.154126
0.02563 1.85596 0.154144
0.02564 1.85201 0.154163
0.02565 1.84807 0.154181
0.02566 1.84413 0.1542
0.02567 1.84019 0.154218
0.02568 1.83626 0.154236
0.02569 1.83233 0.154255
0.0257 1.82841 0.154273
0.02571 1.82448 0.154291
0.02572 1.82057 0.15431
0.02573 1.81665 0.154328
0.02574 1.81274 0.154346
0.02575 1.80884 0.154364
0.02576 1.80493 0.154382
0.02577 1.80104 0.1544
0.02578 1.79714 0.154418
0.02579 1.79325 0.154436
0.0258 1.78936 0.154454
0.02581 1.78548 0.154472
0.02582 1.78159 0.15449
0.02583 1.77772 0.154507
0.02584 1.77384 0.154525
0.02585 1.76997 0.154543
0.02586 1.76611 0.154561
0.02587 1.76224 0.154578
0.02588 1.75838 0.154596
0.02589 1.75453 0.154613
0.0259 1.75067 0.154631
0.02591 1.74682 0.154648
0.02592 1.74298 0.154666
0.02593 1.73914 0.154683
0.02594 1.7353 0.154701
0.02595 1.73146 0.154718
0.02596 1.72763 0.154735
0.02597 1.7238 0.154753
0.02598 1.71997 0.15477
0.02599 1.71615 0.154787
0.026 1.71233 0.154804
0.02601 1.70851 0.154821
0.02602 1.7047 0.154838
0.02603 1.70089 0.154855
0.02604 1.69709 0.154872
0.02605 1.69328 0.154889
0.02606 1.68948 0.154906
0.02607 1.68569 0.154923
0.02608 1.68189 0.15494
0.02609 1.6781 0.154957
0.0261 1.67431 0.154973
0.02611 1.67053 0.15499
0.02612 1.66675 0.155007
0.02613 1.66297 0.155024
0.02614 1.6592 0.15504
0.02615 1.65542 0.155057
0.02616 1.65165 0.155073
0.02617 1.64789 0.15509
0.02618 1.64413 0.155106
0.02619 1.64037 0.155123
0.0262 1.63661 0.155139
0.02621 1.63286 0.155155
0.02622 1.6291 0.155172
0.02623 1.62536 0.155188
0.02624 1.62161 0.155204
0.02625 1.61787 0.15522
0.02626 1.61413 0.155237
0.02627 1.61039 0.155253
0.02628 1.60666 0.155269
0.02629 1.60293 0.155285
0.0263 1.5992 0.155301
0.02631 1.59547 0.155317
0.02632 1.59175 0.155333
0.02633 1.58803 0.155349
0.02634 1.58431 0.155364
0.02635 1.5806 0.15538
0.02636 1.57689 0.155396
0.02637 1.57318 0.155412
0.02638 1.56947 0.155428
0.02639 1.56577 0.155443
0.0264 1.56207 0.155459
0.02641 1.55837 0.155474
0.02642 1.55468 0.15549
0.02643 1.55098 0.155506
0.02644 1.54729 0.155521
0.02645 1.5436 0.155536
0.02646 1.53992 0.155552
0.02647 1.53624 0.155567
0.02648 1.53256 0.155583
0.02649 1.52888 0.155598
0.0265 1.5252 0.155613
0.02651 1.52153 0.155628
0.02652 1.51786 0.155644
0.02653 1.51419 0.155659
0.02654 1.51053 0.155674
0.02655 1.50686 0.155689
0.02656 1.5032 0.155704
0.02657 1.49954 0.155719
0.02658 1.49589 0.155734
0.02659 1.49223 0.155749
0.0266 1.48858 0.155764
0.02661 1.48493 0.155779
0.02662 1.48129 0.155794
0.02663 1.47764 0.155808
0.02664 1.474 0.155823
0.02665 1.47036 0.155838
0.02666 1.46672 0.155853
0.02667 1.46309 0.155867
0.02668 1.45945 0.155882
0.02669 1.45582 0.155896
0.0267 1.45219 0.155911
0.02671 1.44857 0.155925
0.02672 1.44494 0.15594
0.02673 1.44132 0.155954
0.02674 1.4377 0.155969
0.02675 1.43408 0.155983
0.02676 1.43046 0.155997
0.02677 1.42685 0.156012
0.02678 1.42324 0.156026
0.02679 1.41963 0.15604
0.0268 1.41602 0.156054
0.02681 1.41241 0.156068
0.02682 1.40881 0.156083
0.02682 1.40881 0.156083
0.02683 1.40521 0.156097
0.02684 1.4016 0.156111
0.02685 1.398 0.156125
0.02686 1.39439 0.156139
0.02687 1.39079 0.156153
0.02688 1.38719 0.156166
0.02689 1.38358 0.15618
0.0269 1.37998 0.156194
0.02691 1.37637 0.156208
0.02692 1.37276 0.156222
0.02693 1.36916 0.156235
0.02694 1.36555 0.156249
0.02695 1.36195 0.156263
0.02696 1.35834 0.156276
0.02697 1.35474 0.15629
0.02698 1.35113 0.156303
0.02699 1.34753 0.156317
0.027 1.34392 0.15633
0.02701 1.34032 0.156344
0.02702 1.33671 0.156357
0.02703 1.33311 0.15637
0.02704 1.32951 0.156384
0.02705 1.3259 0.156397
0.02706 1.3223 0.15641
0.02707 1.3187 0.156424
0.02708 1.3151 0.156437
0.02709 1.31149 0.15645
0.0271 1.30789 0.156463
0.02711 1.30429 0.156476
0.02712 1.30069 0.156489
0.02713 1.2971 0.156502
0.02714 1.2935 0.156515
0.02715 1.2899 0.156528
0.02716 1.2863 0.156541
0.02717 1.28271 0.156554
0.02718 1.27911 0.156566
0.02719 1.27552 0.156579
0.0272 1.27192 0.156592
0.02721 1.26833 0.156605
0.02722 1.26474 0.156617
0.02723 1.26115 0.15663
0.02724 1.25756 0.156643
0.02725 1.25397 0.156655
0.02726 1.25039 0.156668
0.02727 1.2468 0.15668
0.02728 1.24322 0.156693
0.02729 1.23963 0.156705
0.0273 1.23605 0.156717
0.02731 1.23247 0.15673
0.02732 1.22889 0.156742
0.02733 1.22531 0.156754
0.02734 1.22173 0.156766
0.02735 1.21816 0.156779
0.02736 1.21458 0.156791
0.02737 1.21101 0.156803
0.02738 1.20744 0.156815
0.02739 1.20387 0.156827
0.0274 1.2003 0.156839
0.02741 1.19674 0.156851
0.02742 1.19317 0.156863
0.02743 1.18961 0.156875
0.02744 1.18605 0.156887
0.02745 1.18249 0.156899
0.02746 1.17893 0.156911
0.02747 1.17538 0.156922
0.02748 1.17183 0.156934
0.02749 1.16827 0.156946
0.0275 1.16473 0.156957
0.02751 1.16118 0.156969
0.02752 1.15763 0.156981
0.02753 1.15409 0.156992
0.02754 1.15055 0.157004
0.02755 1.14701 0.157015
0.02756 1.14347 0.157027
0.02757 1.13994 0.157038
0.02758 1.1364 0.157049
0.02759 1.13287 0.157061
0.0276 1.12935 0.157072
0.02761 1.12582 0.157083
0.02762 1.1223 0.157095
0.02763 1.11878 0.157106
0.02764 1.11526 0.157117
0.02765 1.11174 0.157128
0.02766 1.10823 0.157139
0.02767 1.10472 0.15715
0.02768 1.10121 0.157161
0.02769 1.09771 0.157172
0.0277 1.09421 0.157183
0.02771 1.09071 0.157194
0.02772 1.08721 0.157205
0.02773 1.08371 0.157216
0.02774 1.08022 0.157227
0.02775 1.07673 0.157238
0.02776 1.07325 0.157248
0.02777 1.06977 0.157259
0.02778 1.06629 0.15727
0.02779 1.06281 0.15728
0.0278 1.05934 0.157291
0.02781 1.05587 0.157302
0.02782 1.0524 0.157312
0.02783 1.04893 0.157323
0.02784 1.04547 0.157333
0.02785 1.04202 0.157343
0.02786 1.03856 0.157354
0.02787 1.03511 0.157364
0.02788 1.03166 0.157375
0.02789 1.02822 0.157385
0.0279 1.02478 0.157395
0.02791 1.02134 0.157405
0.02792 1.0179 0.157416
0.02793 1.01447 0.157426
0.02794 1.01104 0.157436
0.02795 1.00762 0.157446
0.02796 1.0042 0.157456
0.02797 1.00078 0.157466
0.02798 0.997371 0.157476
0.02799 0.993962 0.157486
0.028 0.990557 0.157496
0.02801 0.987155 0.157506
0.02802 0.983758 0.157516
0.02803 0.980364 0.157525
0.02804 0.976974 0.157535
0.02805 0.973588 0.157545
0.02806 0.970205 0.157555
0.02807 0.966827 0.157564
0.02808 0.963453 0.157574
0.02809 0.960083 0.157584
0.0281 0.956717 0.157593
0.02811 0.953356 0.157603
0.02812 0.949998 0.157612
0.02813 0.946645 0.157622
0.02814 0.943296 0.157631
0.02815 0.939951 0.157641
0.02816 0.93661 0.15765
0.02817 0.933274 0.157659
0.02818 0.929942 0.157669
0.02819 0.926615 0.157678
0.0282 0.923292 0.157687
0.02821 0.919974 0.157696
0.02822 0.91666 0.157706
0.02823 0.913351 0.157715
0.02824 0.910046 0.157724
0.02825 0.906746 0.157733
0.02826 0.903451 0.157742
0.02827 0.90016 0.157751
0.02828 0.896874 0.15776
0.02829 0.893593 0.157769
0.0283 0.890317 0.157778
0.02831 0.887046 0.157787
0.02832 0.883779 0.157796
0.02833 0.880517 0.157804
0.02834 0.877261 0.157813
0.02835 0.874009 0.157822
0.02836 0.870762 0.157831
0.02837 0.867521 0.157839
0.02838 0.864284 0.157848
0.02839 0.861053 0.157857
0.0284 0.857827 0.157865
0.02841 0.854606 0.157874
0.02842 0.85139 0.157882
0.02843 0.84818 0.157891
0.02844 0.844975 0.157899
0.02845 0.841775 0.157908
0.02846 0.838581 0.157916
0.02847 0.835392 0.157925
0.02848 0.832208 0.157933
0.02849 0.82903 0.157941
0.0285 0.825858 0.15795
0.02851 0.822691 0.157958
0.02852 0.81953 0.157966
0.02853 0.816374 0.157974
0.02854 0.813224 0.157982
0.02855 0.81008 0.15799
0.02856 0.806941 0.157998
0.02857 0.803808 0.158007
0.02858 0.800681 0.158015
0.02859 0.79756 0.158023
0.0286 0.794445 0.158031
0.02861 0.791336 0.158038
0.02862 0.788232 0.158046
0.02863 0.785135 0.158054
0.02864 0.782044 0.158062
0.02865 0.778958 0.15807
0.02866 0.775879 0.158078
0.02867 0.772806 0.158085
0.02868 0.769739 0.158093
0.02869 0.766679 0.158101
0.0287 0.763624 0.158108
0.02871 0.760576 0.158116
0.02872 0.757534 0.158124
0.02873 0.754499 0.158131
0.02874 0.75147 0.158139
0.02875 0.748447 0.158146
0.02876 0.745431 0.158154
0.02877 0.742421 0.158161
0.02878 0.739418 0.158169
0.02879 0.736421 0.158176
0.0288 0.733431 0.158183
0.02881 0.730447 0.158191
0.02882 0.72747 0.158198
0.02883 0.7245 0.158205
0.02884 0.721537 0.158212
0.02885 0.71858 0.15822
0.02886 0.715631 0.158227
0.02887 0.712688 0.158234
0.02888 0.709752 0.158241
0.02889 0.706822 0.158248
0.0289 0.7039 0.158255
0.02891 0.700985 0.158262
0.02892 0.698077 0.158269
0.02893 0.695176 0.158276
0.02894 0.692282 0.158283
0.02895 0.689395 0.15829
0.02896 0.686515 0.158297
0.02897 0.683642 0.158304
0.02898 0.680777 0.158311
0.02899 0.677919 0.158317
0.029 0.675068 0.158324
0.02901 0.672225 0.158331
0.02902 0.669389 0.158338
0.02903 0.66656 0.158344
0.02904 0.663739 0.158351
0.02905 0.660925 0.158357
0.02906 0.658119 0.158364
0.02907 0.65532 0.158371
0.02908 0.652529 0.158377
0.02909 0.649746 0.158384
0.0291 0.64697 0.15839
0.02911 0.644202 0.158397
0.02912 0.641442 0.158403
0.02913 0.638689 0.158409
0.02914 0.635944 0.158416
0.02915 0.633208 0.158422
0.02916 0.630478 0.158428
0.02917 0.627757 0.158435
0.02918 0.625044 0.158441
0.02919 0.622339 0.158447
0.0292 0.619642 0.158453
0.02921 0.616952 0.15846
0.02922 0.614271 0.158466
0.02923 0.611598 0.158472
0.02924 0.608934 0.158478
0.02925 0.606277 0.158484
0.02926 0.603629 0.15849
0.02927 0.600989 0.158496
0.02928 0.598357 0.158502
0.02929 0.595733 0.158508
0.0293 0.593118 0.158514
0.02931 0.590511 0.15852
0.02932 0.587913 0.158526
0.02933 0.585323 0.158532
0.02934 0.582742 0.158538
0.02935 0.580169 0.158543
0.02936 0.577605 0.158549
0.02937 0.57505 0.158555
0.02938 0.572503 0.158561
0.02939 0.569965 0.158566
0.0294 0.567435 0.158572
0.02941 0.564914 0.158578
0.02942 0.562403 0.158583
0.02943 0.559899 0.158589
0.02944 0.557405 0.158595
0.02945 0.55492 0.1586
0.02946 0.552444 0.158606
0.02947 0.549976 0.158611
0.02948 0.547518 0.158617
0.02949 0.545069 0.158622
0.0295 0.542628 0.158628
0.02951 0.540197 0.158633
0.02952 0.537775 0.158638
0.02953 0.535362 0.158644
0.02954 0.532959 0.158649
0.02955 0.530564 0.158654
0.02956 0.528179 0.15866
0.02957 0.525804 0.158665
0.02958 0.523437 0.15867
0.02959 0.52108 0.158676
0.0296 0.518733 0.158681
0.02961 0.516395 0.158686
0.02962 0.514066 0.158691
0.02963 0.511747 0.158696
0.02964 0.509438 0.158701
0.02965 0.507138 0.158706
0.02966 0.504848 0.158711
0.02967 0.502568 0.158716
0.02968 0.500297 0.158721
0.02969 0.498036 0.158726
0.0297 0.495785 0.158731
0.02971 0.493543 0.158736
0.02972 0.491312 0.158741
0.02973 0.48909 0.158746
0.02974 0.486879 0.158751
0.02975 0.484677 0.158756
0.02976 0.482485 0.158761
0.02977 0.480304 0.158766
0.02978 0.478132 0.15877
0.02979 0.47597 0.158775
0.0298 0.473819 0.15878
0.02981 0.471678 0.158785
0.02982 0.469547 0.158789
0.02983 0.467426 0.158794
0.02984 0.465316 0.158799
0.02985 0.463216 0.158803
0.02986 0.461126 0.158808
0.02987 0.459047 0.158813
0.02988 0.456978 0.158817
0.02989 0.45492 0.158822
0.0299 0.452872 0.158826
0.02991 0.450834 0.158831
0.02992 0.448808 0.158835
0.02993 0.446791 0.15884
0.02994 0.444786 0.158844
0.02995 0.442791 0.158849
0.02996 0.440807 0.158853
0.02997 0.438833 0.158857
0.02998 0.436871 0.158862
0.02999 0.434919 0.158866
0.03 0.432978 0.158871
0.03001 0.431048 0.158875
0.03002 0.429129 0.158879
0.03003 0.427221 0.158883
0.03004 0.425323 0.158888
0.03005 0.423437 0.158892
0.03006 0.421562 0.158896
0.03007 0.419698 0.1589
0.03008 0.417845 0.158905
0.03009 0.416004 0.158909
0.0301 0.414173 0.158913
0.03011 0.412354 0.158917
0.03012 0.410546 0.158921
0.03013 0.40875 0.158925
0.03014 0.406965 0.158929
0.03015 0.405191 0.158933
0.03016 0.403428 0.158937
0.03017 0.401677 0.158941
0.03018 0.399938 0.158945
0.03019 0.39821 0.158949
0.0302 0.396494 0.158953
0.03021 0.394789 0.158957
0.03022 0.393096 0.158961
0.03023 0.391414 0.158965
0.03024 0.389744 0.158969
0.03025 0.388087 0.158973
0.03026 0.38644 0.158977
0.03027 0.384806 0.158981
0.03028 0.383183 0.158985
0.03029 0.381573 0.158988
0.0303 0.379974 0.158992
0.03031 0.378387 0.158996
0.03032 0.376812 0.159
0.03033 0.37525 0.159004
0.03034 0.373699 0.159007
0.03035 0.37216 0.159011
0.03036 0.370634 0.159015
0.03037 0.36912 0.159018
0.03038 0.367617 0.159022
0.03039 0.366128 0.159026
0.0304 0.36465 0.159029
0.03041 0.363185 0.159033
0.03042 0.361732 0.159037
0.03043 0.360291 0.15904
0.03044 0.358863 0.159044
0.03045 0.357448 0.159047
0.03046 0.356045 0.159051
0.03047 0.354654 0.159055
0.03048 0.353276 0.159058
0.03049 0.35191 0.159062
0.0305 0.350558 0.159065
0.03051 0.349217 0.159069
0.03052 0.34789 0.159072
0.03053 0.346575 0.159076
0.03054 0.345273 0.159079
0.03055 0.343984 0.159083
0.03056 0.342708 0.159086
0.03057 0.341444 0.159089
0.03058 0.340194 0.159093
0.03059 0.338956 0.159096
0.0306 0.337732 0.1591
0.03061 0.33652 0.159103
0.03062 0.335322 0.159106
0.03063 0.334136 0.15911
0.03064 0.332964 0.159113
0.03065 0.331805 0.159116
0.03066 0.330659 0.15912
0.03067 0.329526 0.159123
0.03068 0.328407 0.159126
0.03069 0.327301 0.159129
0.0307 0.326208 0.159133
0.03071 0.325129 0.159136
0.03072 0.324063 0.159139
0.03073 0.32301 0.159142
0.03074 0.321971 0.159146
0.03075 0.320946 0.159149
0.03076 0.319934 0.159152
0.03077 0.318936 0.159155
0.03078 0.317951 0.159159
0.03079 0.31698 0.159162
0.03079 0.31698 0.159162
0.0308 0.316017 0.159165
0.03081 0.315056 0.159168
0.03082 0.314096 0.159171
0.03083 0.313139 0.159174
0.03084 0.312184 0.159177
0.03085 0.311231 0.159181
0.03086 0.310279 0.159184
0.03087 0.30933 0.159187
0.03088 0.308383 0.15919
0.03089 0.307437 0.159193
0.0309 0.306494 0.159196
0.03091 0.305552 0.159199
0.03092 0.304612 0.159202
0.03093 0.303675 0.159205
0.03094 0.302739 0.159208
0.03095 0.301805 0.159211
0.03096 0.300873 0.159214
0.03097 0.299943 0.159217
0.03098 0.299014 0.15922
0.03099 0.298088 0.159223
0.031 0.297163 0.159226
0.03101 0.296241 0.159229
0.03102 0.29532 0.159232
0.03103 0.294401 0.159235
0.03104 0.293484 0.159238
0.03105 0.292568 0.159241
0.03106 0.291655 0.159244
0.03107 0.290743 0.159247
0.03108 0.289833 0.15925
0.03109 0.288925 0.159253
0.0311 0.288019 0.159255
0.03111 0.287114 0.159258
0.03112 0.286212 0.159261
0.03113 0.285311 0.159264
0.03114 0.284411 0.159267
0.03115 0.283514 0.15927
0.03116 0.282618 0.159273
0.03117 0.281724 0.159275
0.03118 0.280832 0.159278
0.03119 0.279942 0.159281
0.0312 0.279053 0.159284
0.03121 0.278166 0.159287
0.03122 0.27728 0.159289
0.03123 0.276397 0.159292
0.03124 0.275515 0.159295
0.03125 0.274635 0.159298
0.03126 0.273756 0.1593
0.03127 0.272879 0.159303
0.03128 0.272004 0.159306
0.03129 0.27113 0.159309
0.0313 0.270258 0.159311
0.03131 0.269388 0.159314
0.03132 0.268519 0.159317
0.03133 0.267652 0.159319
0.03134 0.266787 0.159322
0.03135 0.265923 0.159325
0.03136 0.265061 0.159327
0.03137 0.2642 0.15933
0.03138 0.263341 0.159333
0.03139 0.262484 0.159335
0.0314 0.261628 0.159338
0.03141 0.260774 0.15934
0.03142 0.259921 0.159343
0.03143 0.25907 0.159346
0.03144 0.25822 0.159348
0.03145 0.257372 0.159351
0.03146 0.256526 0.159353
0.03147 0.255681 0.159356
0.03148 0.254837 0.159358
0.03149 0.253995 0.159361
0.0315 0.253155 0.159364
0.03151 0.252316 0.159366
0.03152 0.251478 0.159369
0.03153 0.250642 0.159371
0.03154 0.249808 0.159374
0.03155 0.248975 0.159376
0.03156 0.248143 0.159379
0.03157 0.247313 0.159381
0.03158 0.246484 0.159384
0.03159 0.245657 0.159386
0.0316 0.244831 0.159388
0.03161 0.244007 0.159391
0.03162 0.243184 0.159393
0.03163 0.242363 0.159396
0.03164 0.241543 0.159398
0.03165 0.240724 0.159401
0.03166 0.239907 0.159403
0.03167 0.239091 0.159405
0.03168 0.238276 0.159408
0.03169 0.237463 0.15941
0.0317 0.236651 0.159413
0.03171 0.235841 0.159415
0.03172 0.235031 0.159417
0.03173 0.234224 0.15942
0.03174 0.233417 0.159422
0.03175 0.232612 0.159424
0.03176 0.231808 0.159427
0.03177 0.231006 0.159429
0.03178 0.230205 0.159431
0.03179 0.229405 0.159434
0.0318 0.228606 0.159436
0.03181 0.227809 0.159438
0.03182 0.227013 0.15944
0.03183 0.226218 0.159443
0.03184 0.225425 0.159445
0.03185 0.224632 0.159447
0.03186 0.223842 0.159449
0.03187 0.223052 0.159452
0.03188 0.222263 0.159454
0.03189 0.221476 0.159456
0.0319 0.22069 0.159458
0.03191 0.219905 0.15946
0.03192 0.219122 0.159463
0.03193 0.218339 0.159465
0.03194 0.217558 0.159467
0.03195 0.216778 0.159469
0.03196 0.215999 0.159471
0.03197 0.215221 0.159474
0.03198 0.214445 0.159476
0.03199 0.213669 0.159478
0.032 0.212895 0.15948
0.03201 0.212122 0.159482
0.03202 0.21135 0.159484
0.03203 0.210579 0.159486
0.03204 0.209809 0.159488
0.03205 0.209041 0.15949
0.03206 0.208273 0.159493
0.03207 0.207507 0.159495
0.03208 0.206742 0.159497
0.03209 0.205977 0.159499
0.0321 0.205214 0.159501
0.03211 0.204452 0.159503
0.03212 0.203691 0.159505
0.03213 0.202931 0.159507
0.03214 0.202172 0.159509
0.03215 0.201415 0.159511
0.03216 0.200658 0.159513
0.03217 0.199902 0.159515
0.03218 0.199147 0.159517
0.03219 0.198393 0.159519
0.0322 0.197641 0.159521
0.03221 0.196889 0.159523
0.03222 0.196138 0.159525
0.03223 0.195388 0.159527
0.03224 0.19464 0.159529
0.03225 0.193892 0.159531
0.03226 0.193145 0.159533
0.03227 0.192399 0.159535
0.03228 0.191654 0.159537
0.03229 0.19091 0.159538
0.0323 0.190167 0.15954
0.03231 0.189425 0.159542
0.03232 0.188683 0.159544
0.03233 0.187943 0.159546
0.03234 0.187204 0.159548
0.03235 0.186465 0.15955
0.03236 0.185728 0.159552
0.03237 0.184991 0.159554
0.03238 0.184255 0.159555
0.03239 0.18352 0.159557
0.0324 0.182786 0.159559
0.03241 0.182053 0.159561
0.03242 0.18132 0.159563
0.03243 0.180589 0.159564
0.03244 0.179858 0.159566
0.03245 0.179128 0.159568
0.03246 0.178399 0.15957
0.03247 0.17767 0.159572
0.03248 0.176943 0.159573
0.03249 0.176216 0.159575
0.0325 0.17549 0.159577
0.03251 0.174765 0.159579
0.03252 0.174041 0.15958
0.03253 0.173317 0.159582
0.03254 0.172595 0.159584
0.03255 0.171872 0.159586
0.03256 0.171151 0.159587
0.03257 0.170431 0.159589
0.03258 0.169711 0.159591
0.03259 0.168992 0.159592
0.0326 0.168273 0.159594
0.03261 0.167556 0.159596
0.03262 0.166839 0.159597
0.03263 0.166122 0.159599
0.03264 0.165407 0.159601
0.03265 0.164692 0.159602
0.03266 0.163978 0.159604
0.03267 0.163264 0.159606
0.03268 0.162551 0.159607
0.03269 0.161839 0.159609
0.0327 0.161128 0.159611
0.03271 0.160417 0.159612
0.03272 0.159706 0.159614
0.03273 0.158997 0.159615
0.03274 0.158288 0.159617
0.03275 0.157579 0.159619
0.03276 0.156871 0.15962
0.03277 0.156164 0.159622
0.03278 0.155458 0.159623
0.03279 0.154751 0.159625
0.0328 0.154046 0.159626
0.03281 0.153341 0.159628
0.03282 0.152637 0.159629
0.03283 0.151933 0.159631
0.03284 0.15123 0.159632
0.03285 0.150527 0.159634
0.03286 0.149825 0.159635
0.03287 0.149123 0.159637
0.03288 0.148422 0.159638
0.03289 0.147721 0.15964
0.0329 0.147021 0.159641
0.03291 0.146322 0.159643
0.03292 0.145623 0.159644
0.03293 0.144924 0.159646
0.03294 0.144226 0.159647
0.03295 0.143528 0.159649
0.03296 0.142831 0.15965
0.03297 0.142134 0.159652
0.03298 0.141438 0.159653
0.03299 0.140742 0.159654
0.033 0.140047 0.159656
0.03301 0.139352 0.159657
0.03302 0.138657 0.159659
0.03303 0.137963 0.15966
0.03304 0.137269 0.159661
0.03305 0.136576 0.159663
0.03306 0.135883 0.159664
0.03307 0.13519 0.159665
0.03308 0.134498 0.159667
0.03309 0.133806 0.159668
0.0331 0.133114 0.159669
0.03311 0.132423 0.159671
0.03312 0.131733 0.159672
0.03313 0.131042 0.159673
0.03314 0.130352 0.159675
0.03315 0.129662 0.159676
0.03316 0.128973 0.159677
0.03317 0.128284 0.159679
0.03318 0.127595 0.15968
0.03319 0.126906 0.159681
0.0332 0.126218 0.159682
0.03321 0.12553 0.159684
0.03322 0.124842 0.159685
0.03323 0.124155 0.159686
0.03324 0.123468 0.159687
0.03325 0.122781 0.159689
0.03326 0.122094 0.15969
0.03327 0.121408 0.159691
0.03328 0.120721 0.159692
0.03329 0.120035 0.159693
0.0333 0.11935 0.159695
0.03331 0.118664 0.159696
0.03332 0.117979 0.159697
0.03333 0.117294 0.159698
0.03334 0.116609 0.159699
0.03335 0.115924 0.159701
0.03336 0.115239 0.159702
0.03337 0.114555 0.159703
0.03338 0.113871 0.159704
0.03339 0.113187 0.159705
0.0334 0.112503 0.159706
0.03341 0.111819 0.159707
0.03342 0.111135 0.159708
0.03343 0.110452 0.15971
0.03344 0.109768 0.159711
0.03345 0.109085 0.159712
0.03346 0.108402 0.159713
0.03347 0.107719 0.159714
0.03348 0.107036 0.159715
0.03349 0.106353 0.159716
0.0335 0.10567 0.159717
0.03351 0.104987 0.159718
0.03352 0.104304 0.159719
0.03353 0.103622 0.15972
0.03354 0.102939 0.159721
0.03355 0.102256 0.159722
0.03356 0.101574 0.159723
0.03357 0.100891 0.159724
0.03358 0.100209 0.159725
0.03359 0.0995262 0.159726
0.0336 0.0988437 0.159727
0.03361 0.0981612 0.159728
0.03362 0.0974787 0.159729
0.03363 0.0967962 0.15973
0.03364 0.0961136 0.159731
0.03365 0.095431 0.159732
0.03366 0.0947484 0.159733
0.03367 0.0940658 0.159734
0.03368 0.093383 0.159735
0.03369 0.0927003 0.159736
0.0337 0.0920174 0.159737
0.03371 0.0913345 0.159738
0.03372 0.0906515 0.159739
0.03373 0.0899684 0.15974
0.03374 0.0892852 0.159741
0.03375 0.088602 0.159741
0.03376 0.0879186 0.159742
0.03377 0.0872351 0.159743
0.03378 0.0865514 0.159744
0.03379 0.0858677 0.159745
0.0338 0.0851838 0.159746
0.03381 0.0844997 0.159747
0.03382 0.0838155 0.159747
0.03383 0.0831312 0.159748
0.03384 0.0824466 0.159749
0.03385 0.0817619 0.15975
0.03386 0.0810771 0.159751
0.03387 0.080392 0.159752
0.03388 0.0797067 0.159752
0.03389 0.0790212 0.159753
0.0339 0.0783356 0.159754
0.03391 0.0776497 0.159755
0.03392 0.0769636 0.159756
0.03393 0.0762772 0.159756
0.03394 0.0755906 0.159757
0.03395 0.0749038 0.159758
0.03396 0.0742167 0.159759
0.03397 0.0735293 0.159759
0.03398 0.0728417 0.15976
0.03399 0.0721538 0.159761
0.034 0.0714657 0.159761
0.03401 0.0707772 0.159762
0.03402 0.0700885 0.159763
0.03403 0.0693994 0.159764
0.03404 0.06871 0.159764
0.03405 0.0680204 0.159765
0.03406 0.0673304 0.159766
0.03407 0.06664 0.159766
0.03408 0.0659493 0.159767
0.03409 0.0652583 0.159768
0.0341 0.0645669 0.159768
0.03411 0.0638752 0.159769
0.03412 0.0631831 0.15977
0.03413 0.0624906 0.15977
0.03414 0.0617978 0.159771
0.03415 0.0611045 0.159771
0.03416 0.0604109 0.159772
0.03417 0.0597168 0.159773
0.03418 0.0590224 0.159773
0.03419 0.0583275 0.159774
0.0342 0.0576322 0.159774
0.03421 0.0569365 0.159775
0.03422 0.0562403 0.159776
0.03423 0.0555437 0.159776
0.03424 0.0548466 0.159777
0.03425 0.0541491 0.159777
0.03426 0.0534511 0.159778
0.03427 0.0527526 0.159778
0.03428 0.0520537 0.159779
0.03429 0.0513542 0.159779
0.0343 0.0506543 0.15978
0.03431 0.0499539 0.15978
0.03432 0.0492529 0.159781
0.03433 0.0485515 0.159781
0.03434 0.0478495 0.159782
0.03435 0.0471469 0.159782
0.03436 0.0464439 0.159783
0.03437 0.0457403 0.159783
0.03438 0.0450361 0.159784
0.03439 0.0443314 0.159784
0.0344 0.0436261 0.159784
0.03441 0.0429202 0.159785
0.03442 0.0422138 0.159785
0.03443 0.0415068 0.159786
0.03444 0.0407991 0.159786
0.03445 0.0400909 0.159787
0.03446 0.0393821 0.159787
0.03447 0.0386726 0.159787
0.03448 0.0379625 0.159788
0.03449 0.0372518 0.159788
0.0345 0.0365405 0.159789
0.03451 0.0358285 0.159789
0.03452 0.0351158 0.159789
0.03453 0.0344025 0.15979
0.03454 0.0336885 0.15979
0.03455 0.0329738 0.15979
0.03456 0.0322585 0.159791
0.03457 0.0315425 0.159791
0.03458 0.0308258 0.159791
0.03459 0.0301083 0.159792
0.0346 0.0293902 0.159792
0.03461 0.0286713 0.159792
0.03462 0.0279518 0.159792
0.03463 0.0272314 0.159793
0.03464 0.0265104 0.159793
0.03465 0.0257886 0.159793
0.03466 0.025066 0.159793
0.03467 0.0243427 0.159794
0.03468 0.0236187 0.159794
0.03469 0.0228938 0.159794
0.0347 0.0221682 0.159794
0.03471 0.0214417 0.159795
0.03472 0.0207145 0.159795
0.03473 0.0199865 0.159795
0.03474 0.0192577 0.159795
0.03475 0.018528 0.159795
0.03476 0.0177975 0.159796
0.03477 0.0170662 0.159796
0.03478 0.0163341 0.159796
0.03479 0.0156011 0.159796
0.0348 0.0148672 0.159796
0.03481 0.0141325 0.159796
0.03482 0.0133969 0.159797
0.03483 0.0126605 0.159797
0.03484 0.0119232 0.159797
0.03485 0.0111849 0.159797
0.03486 0.0104458 0.159797
0.03487 0.00970579 0.159797
0.03488 0.00896485 0.159797
0.03489 0.008223 0.159797
0.0349 0.00748022 0.159797
0.03491 0.00673651 0.159797
0.03492 0.00599186 0.159797
0.03493 0.00524627 0.159798
0.03494 0.00449972 0.159798
0.03495 0.00375221 0.159798
0.03496 0.00300373 0.159798
0.03497 0.00225428 0.159798
0.03498 0.00150385 0.159798
0.03499 0.000752421 0.159798
