0 0 
1e-05 0.000799825 
2e-05 0.00159819 
3e-05 0.0023951 
4e-05 0.00319057 
5e-05 0.0039846 
6e-05 0.00477722 
7e-05 0.00556842 
8e-05 0.00635822 
9e-05 0.00714663 
0.0001 0.00793365 
0.00011 0.0087193 
0.00012 0.00950359 
0.00013 0.0102865 
0.00014 0.0110681 
0.00015 0.0118484 
0.00016 0.0126273 
0.00017 0.0134049 
0.00018 0.0141812 
0.00019 0.0149563 
0.0002 0.01573 
0.00021 0.0165025 
0.00022 0.0172737 
0.00023 0.0180436 
0.00024 0.0188123 
0.00025 0.0195798 
0.00026 0.020346 
0.00027 0.021111 
0.00028 0.0218748 
0.00029 0.0226374 
0.0003 0.0233989 
0.00031 0.0241591 
0.00032 0.0249182 
0.00033 0.0256762 
0.00034 0.026433 
0.00035 0.0271886 
0.00036 0.0279431 
0.00037 0.0286966 
0.00038 0.0294489 
0.00039 0.0302001 
0.0004 0.0309502 
0.00041 0.0316992 
0.00042 0.0324472 
0.00043 0.0331941 
0.00044 0.03394 
0.00045 0.0346848 
0.00046 0.0354286 
0.00047 0.0361714 
0.00048 0.0369132 
0.00049 0.037654 
0.0005 0.0383937 
0.00051 0.0391325 
0.00052 0.0398704 
0.00053 0.0406073 
0.00054 0.0413432 
0.00055 0.0420782 
0.00056 0.0428123 
0.00057 0.0435454 
0.00058 0.0442776 
0.00059 0.045009 
0.0006 0.0457394 
0.00061 0.046469 
0.00062 0.0471977 
0.00063 0.0479255 
0.00064 0.0486525 
0.00065 0.0493786 
0.00066 0.0501039 
0.00067 0.0508284 
0.00068 0.0515521 
0.00069 0.052275 
0.0007 0.0529971 
0.00071 0.0537184 
0.00072 0.0544389 
0.00073 0.0551587 
0.00074 0.0558777 
0.00075 0.056596 
0.00076 0.0573135 
0.00077 0.0580303 
0.00078 0.0587464 
0.00079 0.0594618 
0.0008 0.0601766 
0.00081 0.0608906 
0.00082 0.0616039 
0.00083 0.0623166 
0.00084 0.0630287 
0.00085 0.0637401 
0.00086 0.0644508 
0.00087 0.065161 
0.00088 0.0658705 
0.00089 0.0665794 
0.0009 0.0672877 
0.00091 0.0679955 
0.00092 0.0687026 
0.00093 0.0694092 
0.00094 0.0701153 
0.00095 0.0708208 
0.00096 0.0715257 
0.00097 0.0722302 
0.00098 0.0729341 
0.00099 0.0736375 
0.001 0.0743404 
0.00101 0.0750429 
0.00102 0.0757448 
0.00103 0.0764463 
0.00104 0.0771474 
0.00105 0.077848 
0.00106 0.0785481 
0.00107 0.0792478 
0.00108 0.0799472 
0.00109 0.0806461 
0.0011 0.0813446 
0.00111 0.0820427 
0.00112 0.0827404 
0.00113 0.0834378 
0.00114 0.0841348 
0.00115 0.0848315 
0.00116 0.0855278 
0.00117 0.0862238 
0.00118 0.0869195 
0.00119 0.0876149 
0.0012 0.0883099 
0.00121 0.0890047 
0.00122 0.0896992 
0.00123 0.0903935 
0.00124 0.0910875 
0.00125 0.0917812 
0.00126 0.0924747 
0.00127 0.0931679 
0.00128 0.093861 
0.00129 0.0945538 
0.0013 0.0952464 
0.00131 0.0959389 
0.00132 0.0966311 
0.00133 0.0973232 
0.00134 0.0980152 
0.00135 0.0987069 
0.00136 0.0993986 
0.00137 0.10009 
0.00138 0.100781 
0.00139 0.101473 
0.0014 0.102164 
0.00141 0.102855 
0.00142 0.103546 
0.00143 0.104237 
0.00144 0.104928 
0.00145 0.105619 
0.00146 0.106309 
0.00147 0.107 
0.00148 0.107691 
0.00149 0.108381 
0.0015 0.109072 
0.00151 0.109763 
0.00152 0.110454 
0.00153 0.111144 
0.00154 0.111835 
0.00155 0.112526 
0.00156 0.113217 
0.00157 0.113908 
0.00158 0.114599 
0.00159 0.11529 
0.0016 0.115981 
0.00161 0.116672 
0.00162 0.117364 
0.00163 0.118055 
0.00164 0.118747 
0.00165 0.119439 
0.00166 0.120131 
0.00167 0.120823 
0.00168 0.121515 
0.00169 0.122208 
0.0017 0.122901 
0.00171 0.123594 
0.00172 0.124287 
0.00173 0.12498 
0.00174 0.125674 
0.00175 0.126367 
0.00176 0.127062 
0.00177 0.127756 
0.00178 0.128451 
0.00179 0.129145 
0.0018 0.129841 
0.00181 0.130536 
0.00182 0.131232 
0.00183 0.131928 
0.00184 0.132624 
0.00185 0.133321 
0.00186 0.134018 
0.00187 0.134716 
0.00188 0.135414 
0.00189 0.136112 
0.0019 0.136811 
0.00191 0.13751 
0.00192 0.138209 
0.00193 0.138909 
0.00194 0.13961 
0.00195 0.14031 
0.00196 0.141012 
0.00197 0.141713 
0.00198 0.142415 
0.00199 0.143118 
0.002 0.143821 
0.00201 0.144525 
0.00202 0.145229 
0.00203 0.145933 
0.00204 0.146639 
0.00205 0.147344 
0.00206 0.148051 
0.00207 0.148757 
0.00208 0.149465 
0.00209 0.150173 
0.0021 0.150881 
0.00211 0.15159 
0.00212 0.1523 
0.00213 0.153011 
0.00214 0.153722 
0.00215 0.154433 
0.00216 0.155146 
0.00217 0.155858 
0.00218 0.156572 
0.00219 0.157286 
0.0022 0.158001 
0.00221 0.158717 
0.00222 0.159433 
0.00223 0.160151 
0.00224 0.160868 
0.00225 0.161587 
0.00226 0.162306 
0.00227 0.163026 
0.00228 0.163747 
0.00229 0.164469 
0.0023 0.165191 
0.00231 0.165914 
0.00232 0.166638 
0.00233 0.167363 
0.00234 0.168089 
0.00235 0.168815 
0.00236 0.169543 
0.00237 0.170271 
0.00238 0.171 
0.00239 0.17173 
0.0024 0.17246 
0.00241 0.173192 
0.00242 0.173925 
0.00243 0.174658 
0.00244 0.175393 
0.00245 0.176128 
0.00246 0.176864 
0.00247 0.177602 
0.00248 0.17834 
0.00249 0.179079 
0.0025 0.179819 
0.00251 0.18056 
0.00252 0.181302 
0.00253 0.182046 
0.00254 0.18279 
0.00255 0.183535 
0.00256 0.184281 
0.00257 0.185029 
0.00258 0.185777 
0.00259 0.186527 
0.0026 0.187277 
0.00261 0.188029 
0.00262 0.188781 
0.00263 0.189535 
0.00264 0.19029 
0.00265 0.191046 
0.00266 0.191804 
0.00267 0.192562 
0.00268 0.193321 
0.00269 0.194082 
0.0027 0.194844 
0.00271 0.195607 
0.00272 0.196371 
0.00273 0.197137 
0.00274 0.197904 
0.00275 0.198672 
0.00276 0.199441 
0.00277 0.200211 
0.00278 0.200983 
0.00279 0.201756 
0.0028 0.20253 
0.00281 0.203306 
0.00282 0.204082 
0.00283 0.204861 
0.00284 0.20564 
0.00285 0.206421 
0.00286 0.207203 
0.00287 0.207986 
0.00288 0.208771 
0.00289 0.209557 
0.0029 0.210345 
0.00291 0.211134 
0.00292 0.211924 
0.00293 0.212716 
0.00294 0.213509 
0.00295 0.214304 
0.00296 0.2151 
0.00297 0.215897 
0.00298 0.216696 
0.00299 0.217497 
0.003 0.218298 
0.00301 0.219102 
0.00302 0.219907 
0.00303 0.220713 
0.00304 0.221521 
0.00305 0.22233 
0.00306 0.223141 
0.00307 0.223954 
0.00308 0.224768 
0.00309 0.225583 
0.0031 0.2264 
0.00311 0.227219 
0.00312 0.22804 
0.00313 0.228862 
0.00314 0.229685 
0.00315 0.23051 
0.00316 0.231337 
0.00317 0.232166 
0.00318 0.232996 
0.00319 0.233827 
0.0032 0.234661 
0.00321 0.235496 
0.00322 0.236333 
0.00323 0.237171 
0.00324 0.238012 
0.00325 0.238854 
0.00326 0.239697 
0.00327 0.240543 
0.00328 0.24139 
0.00329 0.242239 
0.0033 0.24309 
0.00331 0.243942 
0.00332 0.244796 
0.00333 0.245652 
0.00334 0.24651 
0.00335 0.24737 
0.00336 0.248232 
0.00337 0.249095 
0.00338 0.24996 
0.00339 0.250827 
0.0034 0.251696 
0.00341 0.252567 
0.00342 0.25344 
0.00343 0.254315 
0.00344 0.255191 
0.00345 0.25607 
0.00346 0.25695 
0.00347 0.257832 
0.00348 0.258717 
0.00349 0.259603 
0.0035 0.260491 
0.00351 0.261381 
0.00352 0.262273 
0.00353 0.263168 
0.00354 0.264064 
0.00355 0.264962 
0.00356 0.265862 
0.00357 0.266765 
0.00358 0.267669 
0.00359 0.268575 
0.0036 0.269484 
0.00361 0.270394 
0.00362 0.271307 
0.00363 0.272221 
0.00364 0.273138 
0.00365 0.274057 
0.00366 0.274978 
0.00367 0.275901 
0.00368 0.276827 
0.00369 0.277754 
0.0037 0.278684 
0.00371 0.279616 
0.00372 0.28055 
0.00373 0.281486 
0.00374 0.282424 
0.00375 0.283365 
0.00376 0.284308 
0.00377 0.285253 
0.00378 0.2862 
0.00379 0.28715 
0.0038 0.288102 
0.00381 0.289056 
0.00382 0.290012 
0.00383 0.290971 
0.00384 0.291932 
0.00385 0.292895 
0.00386 0.293861 
0.00387 0.294829 
0.00388 0.295799 
0.00389 0.296772 
0.0039 0.297747 
0.00391 0.298724 
0.00392 0.299704 
0.00393 0.300686 
0.00394 0.301671 
0.00395 0.302658 
0.00396 0.303647 
0.00397 0.304639 
0.00398 0.305633 
0.00399 0.30663 
0.004 0.307629 
0.00401 0.308631 
0.00402 0.309635 
0.00403 0.310642 
0.00404 0.311651 
0.00405 0.312662 
0.00406 0.313677 
0.00407 0.314693 
0.00408 0.315713 
0.00409 0.316734 
0.0041 0.317759 
0.00411 0.318786 
0.00412 0.319815 
0.00413 0.320847 
0.00414 0.321882 
0.00415 0.322919 
0.00416 0.323959 
0.00417 0.325002 
0.00418 0.326047 
0.00419 0.327095 
0.0042 0.328145 
0.00421 0.329198 
0.00422 0.330254 
0.00423 0.331313 
0.00424 0.332374 
0.00425 0.333438 
0.00426 0.334504 
0.00427 0.335574 
0.00428 0.336646 
0.00429 0.337721 
0.0043 0.338798 
0.00431 0.339879 
0.00432 0.340962 
0.00433 0.342048 
0.00434 0.343137 
0.00435 0.344228 
0.00436 0.345323 
0.00437 0.34642 
0.00438 0.34752 
0.00439 0.348623 
0.0044 0.349728 
0.00441 0.350837 
0.00442 0.351948 
0.00443 0.353063 
0.00444 0.35418 
0.00445 0.3553 
0.00446 0.356423 
0.00447 0.357549 
0.00448 0.358678 
0.00449 0.35981 
0.0045 0.360945 
0.00451 0.362083 
0.00452 0.363223 
0.00453 0.364367 
0.00454 0.365514 
0.00455 0.366664 
0.00456 0.367816 
0.00457 0.368972 
0.00458 0.370131 
0.00459 0.371293 
0.0046 0.372458 
0.00461 0.373626 
0.00462 0.374797 
0.00463 0.375971 
0.00464 0.377148 
0.00465 0.378328 
0.00466 0.379512 
0.00467 0.380698 
0.00468 0.381888 
0.00469 0.383081 
0.0047 0.384277 
0.00471 0.385476 
0.00472 0.386678 
0.00473 0.387884 
0.00474 0.389092 
0.00475 0.390304 
0.00476 0.391519 
0.00477 0.392738 
0.00478 0.393959 
0.00479 0.395184 
0.0048 0.396412 
0.00481 0.397643 
0.00482 0.398878 
0.00483 0.400116 
0.00484 0.401357 
0.00485 0.402601 
0.00486 0.403849 
0.00487 0.4051 
0.00488 0.406354 
0.00489 0.407612 
0.0049 0.408873 
0.00491 0.410137 
0.00492 0.411405 
0.00493 0.412676 
0.00494 0.413951 
0.00495 0.415229 
0.00496 0.41651 
0.00497 0.417795 
0.00498 0.419083 
0.00499 0.420375 
0.005 0.42167 
0.00501 0.422968 
0.00502 0.424271 
0.00503 0.425576 
0.00504 0.426885 
0.00505 0.428197 
0.00506 0.429513 
0.00507 0.430833 
0.00508 0.432156 
0.00509 0.433482 
0.0051 0.434813 
0.00511 0.436146 
0.00512 0.437483 
0.00513 0.438824 
0.00514 0.440169 
0.00515 0.441517 
0.00516 0.442868 
0.00517 0.444223 
0.00518 0.445582 
0.00519 0.446945 
0.0052 0.448311 
0.00521 0.44968 
0.00522 0.451054 
0.00523 0.452431 
0.00524 0.453812 
0.00525 0.455196 
0.00526 0.456584 
0.00527 0.457976 
0.00528 0.459372 
0.00529 0.460771 
0.0053 0.462174 
0.00531 0.463581 
0.00532 0.464992 
0.00533 0.466406 
0.00534 0.467824 
0.00535 0.469246 
0.00536 0.470672 
0.00537 0.472101 
0.00538 0.473535 
0.00539 0.474972 
0.0054 0.476413 
0.00541 0.477858 
0.00542 0.479307 
0.00543 0.480759 
0.00544 0.482216 
0.00545 0.483676 
0.00546 0.48514 
0.00547 0.486609 
0.00548 0.488081 
0.00549 0.489557 
0.0055 0.491037 
0.00551 0.492521 
0.00552 0.494009 
0.00553 0.4955 
0.00554 0.496996 
0.00555 0.498496 
0.00556 0.5 
0.00556 0.5 
0.00557 0.501496 
0.00558 0.502973 
0.00559 0.504432 
0.0056 0.505872 
0.00561 0.507295 
0.00562 0.5087 
0.00563 0.510089 
0.00564 0.51146 
0.00565 0.512816 
0.00566 0.514156 
0.00567 0.515481 
0.00568 0.516791 
0.00569 0.518086 
0.0057 0.519368 
0.00571 0.520635 
0.00572 0.52189 
0.00573 0.523132 
0.00574 0.524361 
0.00575 0.525579 
0.00576 0.526785 
0.00577 0.527979 
0.00578 0.529164 
0.00579 0.530337 
0.0058 0.531501 
0.00581 0.532656 
0.00582 0.533801 
0.00583 0.534938 
0.00584 0.536067 
0.00585 0.537188 
0.00586 0.538301 
0.00587 0.539408 
0.00588 0.540508 
0.00589 0.541601 
0.0059 0.542689 
0.00591 0.543772 
0.00592 0.54485 
0.00593 0.545924 
0.00594 0.546993 
0.00595 0.548059 
0.00596 0.549121 
0.00597 0.550181 
0.00598 0.551238 
0.00599 0.552294 
0.006 0.553347 
0.00601 0.5544 
0.00602 0.555452 
0.00603 0.556503 
0.00604 0.557555 
0.00605 0.558607 
0.00606 0.55966 
0.00607 0.560715 
0.00608 0.561771 
0.00609 0.56283 
0.0061 0.563891 
0.00611 0.564955 
0.00612 0.566022 
0.00613 0.567093 
0.00614 0.568169 
0.00615 0.569249 
0.00616 0.570334 
0.00617 0.571425 
0.00618 0.572522 
0.00619 0.573625 
0.0062 0.574735 
0.00621 0.575852 
0.00622 0.576976 
0.00623 0.578109 
0.00624 0.57925 
0.00625 0.5804 
0.00626 0.581559 
0.00627 0.582728 
0.00628 0.583906 
0.00629 0.585096 
0.0063 0.586296 
0.00631 0.587507 
0.00632 0.58873 
0.00633 0.589966 
0.00634 0.591214 
0.00635 0.592475 
0.00636 0.593749 
0.00637 0.595037 
0.00638 0.59634 
0.00639 0.597657 
0.0064 0.598989 
0.00641 0.600336 
0.00642 0.6017 
0.00643 0.603079 
0.00644 0.604476 
0.00645 0.60589 
0.00646 0.607321 
0.00647 0.60877 
0.00648 0.610237 
0.00649 0.611724 
0.0065 0.613229 
0.00651 0.614755 
0.00652 0.6163 
0.00653 0.617865 
0.00654 0.619452 
0.00655 0.62106 
0.00656 0.62269 
0.00657 0.624341 
0.00658 0.626016 
0.00659 0.627713 
0.0066 0.629433 
0.00661 0.631178 
0.00662 0.632946 
0.00663 0.634739 
0.00664 0.636558 
0.00665 0.638401 
0.00666 0.640271 
0.00667 0.642167 
0.00668 0.644089 
0.00669 0.646039 
0.0067 0.648016 
0.00671 0.650021 
0.00672 0.652055 
0.00673 0.654117 
0.00674 0.656209 
0.00675 0.65833 
0.00676 0.660481 
0.00677 0.662662 
0.00678 0.664875 
0.00679 0.667118 
0.0068 0.669394 
0.00681 0.671701 
0.00682 0.674041 
0.00683 0.676414 
0.00684 0.67882 
0.00685 0.68126 
0.00686 0.683734 
0.00687 0.686243 
0.00688 0.688787 
0.00689 0.691366 
0.0069 0.693981 
0.00691 0.696632 
0.00692 0.69932 
0.00693 0.702045 
0.00694 0.704808 
0.00695 0.707608 
0.00696 0.710447 
0.00697 0.713325 
0.00698 0.716241 
0.00699 0.719198 
0.007 0.722194 
0.00701 0.725231 
0.00702 0.728308 
0.00703 0.731427 
0.00704 0.734587 
0.00705 0.73779 
0.00706 0.741035 
0.00707 0.744323 
0.00708 0.747654 
0.00709 0.751029 
0.0071 0.754448 
0.00711 0.757912 
0.00712 0.76142 
0.00713 0.764974 
0.00714 0.768574 
0.00715 0.77222 
0.00716 0.775913 
0.00717 0.779653 
0.00718 0.78344 
0.00719 0.787276 
0.0072 0.791159 
0.00721 0.795091 
0.00722 0.799073 
0.00723 0.803104 
0.00724 0.807184 
0.00725 0.811316 
0.00726 0.815498 
0.00727 0.819731 
0.00728 0.824016 
0.00729 0.828353 
0.0073 0.832742 
0.00731 0.837185 
0.00732 0.84168 
0.00733 0.84623 
0.00734 0.850833 
0.00735 0.855491 
0.00736 0.860204 
0.00737 0.864972 
0.00738 0.869796 
0.00739 0.874677 
0.0074 0.879614 
0.00741 0.884608 
0.00742 0.889659 
0.00743 0.894768 
0.00744 0.899936 
0.00745 0.905162 
0.00746 0.910448 
0.00747 0.915792 
0.00748 0.921197 
0.00749 0.926662 
0.0075 0.932188 
0.00751 0.937776 
0.00752 0.943424 
0.00753 0.949135 
0.00754 0.954908 
0.00755 0.960745 
0.00756 0.966644 
0.00757 0.972607 
0.00758 0.978634 
0.00759 0.984726 
0.0076 0.990882 
0.00761 0.997104 
0.00762 1.00339 
0.00763 1.00975 
0.00764 1.01617 
0.00765 1.02265 
0.00766 1.02921 
0.00767 1.03583 
0.00768 1.04252 
0.00769 1.04928 
0.0077 1.05611 
0.00771 1.06301 
0.00772 1.06998 
0.00773 1.07702 
0.00774 1.08413 
0.00775 1.09131 
0.00776 1.09856 
0.00777 1.10588 
0.00778 1.11328 
0.00779 1.12075 
0.0078 1.12829 
0.00781 1.13591 
0.00782 1.1436 
0.00783 1.15136 
0.00784 1.1592 
0.00785 1.16712 
0.00786 1.17511 
0.00787 1.18317 
0.00788 1.19132 
0.00789 1.19954 
0.0079 1.20783 
0.00791 1.21621 
0.00792 1.22466 
0.00793 1.2332 
0.00794 1.24181 
0.00795 1.2505 
0.00796 1.25927 
0.00797 1.26812 
0.00798 1.27705 
0.00799 1.28607 
0.008 1.29516 
0.00801 1.30434 
0.00802 1.3136 
0.00803 1.32294 
0.00804 1.33236 
0.00805 1.34187 
0.00806 1.35146 
0.00807 1.36114 
0.00808 1.3709 
0.00809 1.38075 
0.0081 1.39068 
0.00811 1.4007 
0.00812 1.41081 
0.00813 1.421 
0.00814 1.43128 
0.00815 1.44165 
0.00816 1.45211 
0.00817 1.46265 
0.00818 1.47328 
0.00819 1.48401 
0.0082 1.49482 
0.00821 1.50572 
0.00822 1.51672 
0.00823 1.5278 
0.00824 1.53898 
0.00825 1.55025 
0.00826 1.56161 
0.00827 1.57306 
0.00828 1.58461 
0.00829 1.59625 
0.0083 1.60798 
0.00831 1.61981 
0.00832 1.63174 
0.00833 1.64376 
0.00834 1.65587 
0.00835 1.66808 
0.00836 1.68039 
0.00837 1.69279 
0.00838 1.70529 
0.00839 1.71789 
0.0084 1.73059 
0.00841 1.74339 
0.00842 1.75628 
0.00843 1.76928 
0.00844 1.78237 
0.00845 1.79557 
0.00846 1.80886 
0.00847 1.82226 
0.00848 1.83576 
0.00849 1.84936 
0.0085 1.86306 
0.00851 1.87686 
0.00852 1.89077 
0.00853 1.90478 
0.00854 1.9189 
0.00855 1.93312 
0.00856 1.94744 
0.00857 1.96187 
0.00858 1.97641 
0.00858 1.97641 
0.00859 1.99145 
0.0086 2.00737 
0.00861 2.02418 
0.00862 2.04185 
0.00863 2.06038 
0.00864 2.07977 
0.00865 2.09999 
0.00866 2.12104 
0.00867 2.14291 
0.00868 2.16559 
0.00869 2.18907 
0.0087 2.21334 
0.00871 2.23838 
0.00872 2.2642 
0.00873 2.29078 
0.00874 2.31811 
0.00875 2.34617 
0.00876 2.37497 
0.00877 2.40448 
0.00878 2.43471 
0.00879 2.46564 
0.0088 2.49725 
0.00881 2.52955 
0.00882 2.56252 
0.00883 2.59614 
0.00884 2.63042 
0.00885 2.66534 
0.00886 2.70088 
0.00887 2.73705 
0.00888 2.77383 
0.00889 2.81121 
0.0089 2.84917 
0.00891 2.88772 
0.00892 2.92684 
0.00893 2.96652 
0.00894 3.00675 
0.00895 3.04753 
0.00896 3.08883 
0.00897 3.13065 
0.00898 3.17299 
0.00899 3.21582 
0.009 3.25915 
0.00901 3.30295 
0.00902 3.34723 
0.00903 3.39197 
0.00904 3.43716 
0.00905 3.48279 
0.00906 3.52885 
0.00907 3.57534 
0.00908 3.62223 
0.00909 3.66953 
0.0091 3.71722 
0.00911 3.76529 
0.00912 3.81373 
0.00913 3.86253 
0.00914 3.91169 
0.00915 3.96118 
0.00916 4.01101 
0.00917 4.06116 
0.00918 4.11162 
0.00919 4.16238 
0.0092 4.21344 
0.00921 4.26477 
0.00922 4.31638 
0.00923 4.36825 
0.00924 4.42038 
0.00925 4.47274 
0.00926 4.52534 
0.00927 4.57816 
0.00928 4.63119 
0.00929 4.68443 
0.0093 4.73785 
0.00931 4.79146 
0.00932 4.84524 
0.00933 4.89919 
0.00934 4.95329 
0.00935 5.00753 
0.00936 5.0619 
0.00937 5.11639 
0.00938 5.171 
0.00939 5.22571 
0.0094 5.28051 
0.00941 5.3354 
0.00942 5.39036 
0.00943 5.44538 
0.00944 5.50046 
0.00945 5.55558 
0.00946 5.61073 
0.00947 5.6659 
0.00948 5.72109 
0.00949 5.77628 
0.0095 5.83147 
0.00951 5.88664 
0.00952 5.94178 
0.00953 5.99688 
0.00954 6.05194 
0.00955 6.10694 
0.00956 6.16188 
0.00957 6.21674 
0.00958 6.27151 
0.00959 6.32619 
0.0096 6.38076 
0.00961 6.43522 
0.00962 6.48955 
0.00963 6.54374 
0.00964 6.59779 
0.00965 6.65168 
0.00966 6.7054 
0.00967 6.75895 
0.00968 6.81232 
0.00969 6.86548 
0.0097 6.91845 
0.00971 6.97119 
0.00972 7.02371 
0.00973 7.076 
0.00974 7.12804 
0.00975 7.17982 
0.00976 7.23134 
0.00977 7.28259 
0.00978 7.33355 
0.00979 7.38421 
0.0098 7.43457 
0.00981 7.48461 
0.00982 7.53433 
0.00983 7.58371 
0.00984 7.63275 
0.00985 7.68143 
0.00986 7.72975 
0.00987 7.77769 
0.00988 7.82525 
0.00989 7.87242 
0.0099 7.91918 
0.00991 7.96552 
0.00991 7.96552 
0.00992 8.01189 
0.00993 8.05873 
0.00994 8.10601 
0.00995 8.15372 
0.00996 8.20184 
0.00997 8.25035 
0.00998 8.29923 
0.00999 8.34846 
0.01 8.39803 
0.01001 8.44791 
0.01002 8.49809 
0.01003 8.54854 
0.01004 8.59926 
0.01005 8.65022 
0.01006 8.7014 
0.01007 8.75278 
0.01008 8.80435 
0.01009 8.85609 
0.0101 8.90797 
0.01011 8.95999 
0.01012 9.01211 
0.01013 9.06433 
0.01014 9.11662 
0.01015 9.16897 
0.01016 9.22135 
0.01017 9.27375 
0.01018 9.32615 
0.01019 9.37853 
0.0102 9.43087 
0.01021 9.48315 
0.01022 9.53536 
0.01023 9.58748 
0.01024 9.63948 
0.01025 9.69136 
0.01026 9.74308 
0.01027 9.79463 
0.01028 9.846 
0.01029 9.89716 
0.0103 9.9481 
0.01031 9.9988 
0.01032 10.0492 
0.01033 10.0994 
0.01034 10.1492 
0.01035 10.1988 
0.01036 10.248 
0.01037 10.2968 
0.01038 10.3453 
0.01039 10.3934 
0.0104 10.4411 
0.01041 10.4883 
0.01042 10.5351 
0.01043 10.5814 
0.01044 10.6273 
0.01045 10.6726 
0.01046 10.7174 
0.01047 10.7617 
0.01048 10.8055 
0.01049 10.8486 
0.0105 10.8911 
0.01051 10.9331 
0.01052 10.9744 
0.01053 11.015 
0.01054 11.055 
0.01055 11.0943 
0.01056 11.1329 
0.01057 11.1707 
0.01058 11.2078 
0.01059 11.2442 
0.0106 11.2797 
0.01061 11.3145 
0.01062 11.3484 
0.01063 11.3815 
0.01064 11.4138 
0.01064 11.4138 
0.01065 11.4454 
0.01066 11.4767 
0.01067 11.5076 
0.01068 11.5381 
0.01069 11.5683 
0.0107 11.5982 
0.01071 11.6277 
0.01072 11.6568 
0.01073 11.6856 
0.01074 11.714 
0.01075 11.7421 
0.01076 11.7699 
0.01077 11.7973 
0.01078 11.8244 
0.01079 11.8512 
0.0108 11.8776 
0.01081 11.9037 
0.01082 11.9294 
0.01083 11.9549 
0.01084 11.98 
0.01085 12.0048 
0.01086 12.0293 
0.01087 12.0535 
0.01088 12.0773 
0.01089 12.1009 
0.0109 12.1241 
0.01091 12.147 
0.01092 12.1697 
0.01093 12.192 
0.01094 12.214 
0.01095 12.2357 
0.01096 12.2572 
0.01097 12.2783 
0.01098 12.2992 
0.01099 12.3197 
0.011 12.34 
0.01101 12.36 
0.01102 12.3797 
0.01103 12.3991 
0.01104 12.4183 
0.01105 12.4371 
0.01106 12.4557 
0.01107 12.4741 
0.01108 12.4922 
0.01109 12.51 
0.0111 12.5275 
0.01111 12.5448 
0.01112 12.5618 
0.01113 12.5785 
0.01114 12.5951 
0.01115 12.6113 
0.01116 12.6273 
0.01117 12.6431 
0.01118 12.6586 
0.01119 12.6738 
0.0112 12.6889 
0.01121 12.7037 
0.01122 12.7182 
0.01123 12.7325 
0.01124 12.7466 
0.01125 12.7605 
0.01126 12.7741 
0.01127 12.7875 
0.01128 12.8007 
0.01129 12.8137 
0.0113 12.8264 
0.01131 12.8389 
0.01132 12.8512 
0.01133 12.8633 
0.01134 12.8752 
0.01135 12.8869 
0.01136 12.8984 
0.01137 12.9097 
0.01138 12.9208 
0.01139 12.9316 
0.0114 12.9423 
0.01141 12.9528 
0.01142 12.9631 
0.01143 12.9732 
0.01144 12.9832 
0.01145 12.9929 
0.01146 13.0025 
0.01147 13.0118 
0.01148 13.021 
0.01149 13.0301 
0.0115 13.0389 
0.01151 13.0476 
0.01152 13.0561 
0.01153 13.0645 
0.01154 13.0727 
0.01155 13.0807 
0.01156 13.0885 
0.01157 13.0962 
0.01158 13.1038 
0.01159 13.1112 
0.0116 13.1184 
0.01161 13.1255 
0.01162 13.1325 
0.01163 13.1393 
0.01164 13.146 
0.01165 13.1525 
0.01166 13.1589 
0.01167 13.1652 
0.01168 13.1713 
0.01169 13.1773 
0.0117 13.1831 
0.01171 13.1889 
0.01172 13.1945 
0.01173 13.2 
0.01173 13.2 
0.01174 13.2053 
0.01175 13.2103 
0.01176 13.215 
0.01177 13.2194 
0.01178 13.2236 
0.01179 13.2275 
0.0118 13.2311 
0.01181 13.2344 
0.01182 13.2374 
0.01183 13.2402 
0.01184 13.2428 
0.01185 13.245 
0.01186 13.247 
0.01187 13.2488 
0.01188 13.2503 
0.01189 13.2515 
0.0119 13.2525 
0.01191 13.2533 
0.01192 13.2538 
0.01193 13.2541 
0.01194 13.2541 
0.01195 13.2539 
0.01196 13.2535 
0.01197 13.2528 
0.01198 13.252 
0.01199 13.2509 
0.012 13.2496 
0.01201 13.248 
0.01202 13.2463 
0.01203 13.2443 
0.01204 13.2422 
0.01205 13.2398 
0.01206 13.2372 
0.01207 13.2345 
0.01208 13.2315 
0.01209 13.2284 
0.0121 13.225 
0.01211 13.2215 
0.01212 13.2178 
0.01213 13.2139 
0.01214 13.2098 
0.01215 13.2055 
0.01216 13.2011 
0.01217 13.1965 
0.01218 13.1917 
0.01219 13.1868 
0.0122 13.1817 
0.01221 13.1764 
0.01222 13.171 
0.01223 13.1655 
0.01224 13.1598 
0.01225 13.1539 
0.01226 13.1479 
0.01227 13.1417 
0.01228 13.1355 
0.01229 13.129 
0.0123 13.1225 
0.01231 13.1158 
0.01232 13.109 
0.01233 13.102 
0.01234 13.095 
0.01235 13.0878 
0.01236 13.0805 
0.01237 13.0731 
0.01238 13.0655 
0.01239 13.0579 
0.0124 13.0502 
0.01241 13.0423 
0.01242 13.0344 
0.01243 13.0263 
0.01244 13.0182 
0.01245 13.01 
0.01246 13.0017 
0.01247 12.9933 
0.01248 12.9848 
0.01249 12.9762 
0.0125 12.9676 
0.01251 12.9589 
0.01252 12.9501 
0.01253 12.9412 
0.01254 12.9323 
0.01255 12.9233 
0.01256 12.9143 
0.01257 12.9052 
0.01258 12.896 
0.01259 12.8868 
0.0126 12.8776 
0.01261 12.8683 
0.01262 12.8589 
0.01263 12.8496 
0.01264 12.8401 
0.01265 12.8307 
0.01266 12.8212 
0.01267 12.8117 
0.01268 12.8022 
0.01269 12.7926 
0.0127 12.783 
0.01271 12.7734 
0.01272 12.7638 
0.01273 12.7542 
0.01274 12.7445 
0.01275 12.7349 
0.01276 12.7252 
0.01277 12.7156 
0.01278 12.7059 
0.01279 12.6963 
0.0128 12.6867 
0.01281 12.677 
0.01282 12.6674 
0.01283 12.6578 
0.01284 12.6483 
0.01285 12.6387 
0.01286 12.6292 
0.01287 12.6197 
0.01288 12.6102 
0.01289 12.6008 
0.0129 12.5914 
0.01291 12.582 
0.01292 12.5727 
0.01293 12.5634 
0.01294 12.5542 
0.01295 12.545 
0.01296 12.5359 
0.01297 12.5268 
0.01298 12.5178 
0.01299 12.5089 
0.013 12.5 
0.013 12.5 
0.01301 12.4914 
0.01302 12.4831 
0.01303 12.4753 
0.01304 12.4677 
0.01305 12.4605 
0.01306 12.4537 
0.01307 12.447 
0.01308 12.4407 
0.01309 12.4345 
0.0131 12.4286 
0.01311 12.4228 
0.01312 12.4172 
0.01313 12.4116 
0.01314 12.4062 
0.01315 12.4009 
0.01316 12.3956 
0.01317 12.3903 
0.01318 12.3851 
0.01319 12.3798 
0.0132 12.3744 
0.01321 12.369 
0.01322 12.3634 
0.01323 12.3577 
0.01324 12.3519 
0.01325 12.3459 
0.01326 12.3397 
0.01327 12.3333 
0.01328 12.3266 
0.01329 12.3196 
0.0133 12.3123 
0.01331 12.3047 
0.01332 12.2967 
0.01333 12.2883 
0.01334 12.2796 
0.01335 12.2704 
0.01336 12.2607 
0.01337 12.2506 
0.01338 12.2399 
0.01339 12.2288 
0.0134 12.217 
0.01341 12.2047 
0.01342 12.1918 
0.01343 12.1782 
0.01344 12.164 
0.01345 12.1491 
0.01346 12.1335 
0.01347 12.1171 
0.01348 12.1 
0.01349 12.0821 
0.0135 12.0634 
0.01351 12.0438 
0.01352 12.0234 
0.01353 12.0021 
0.01354 11.9799 
0.01355 11.9568 
0.01356 11.9327 
0.01357 11.9076 
0.01358 11.8815 
0.01359 11.8543 
0.0136 11.8261 
0.01361 11.7968 
0.01362 11.7664 
0.01363 11.7349 
0.01364 11.7022 
0.01365 11.6683 
0.01366 11.6332 
0.01367 11.5968 
0.01368 11.5592 
0.01369 11.5203 
0.0137 11.4801 
0.01371 11.4385 
0.01372 11.3956 
0.01373 11.3513 
0.01374 11.3055 
0.01375 11.2584 
0.01376 11.2097 
0.01377 11.1596 
0.01378 11.1079 
0.01379 11.0548 
0.0138 11 
0.0138 11 
0.01381 10.9328 
0.01382 10.8438 
0.01383 10.7357 
0.01384 10.6107 
0.01385 10.4713 
0.01386 10.3201 
0.01387 10.1594 
0.01388 9.99178 
0.01389 9.8196 
0.0139 9.64534 
0.01391 9.47146 
0.01392 9.30041 
0.01393 9.13465 
0.01394 8.97663 
0.01395 8.8288 
0.01396 8.69362 
0.01397 8.57355 
0.01398 8.47103 
0.01399 8.38853 
0.014 8.32849 
0.014 8.32849 
0.01401 8.28067 
0.01402 8.23317 
0.01403 8.18601 
0.01404 8.13917 
0.01405 8.09265 
0.01406 8.04646 
0.01407 8.00059 
0.01408 7.95504 
0.01409 7.90982 
0.0141 7.86491 
0.01411 7.82032 
0.01412 7.77605 
0.01413 7.73209 
0.01414 7.68845 
0.01415 7.64512 
0.01416 7.6021 
0.01417 7.5594 
0.01418 7.517 
0.01419 7.47491 
0.0142 7.43313 
0.01421 7.39166 
0.01422 7.35049 
0.01423 7.30963 
0.01424 7.26907 
0.01425 7.22881 
0.01426 7.18885 
0.01427 7.14919 
0.01428 7.10982 
0.01429 7.07076 
0.0143 7.03199 
0.01431 6.99352 
0.01432 6.95533 
0.01433 6.91744 
0.01434 6.87985 
0.01435 6.84254 
0.01436 6.80552 
0.01437 6.76879 
0.01438 6.73234 
0.01439 6.69618 
0.0144 6.66031 
0.01441 6.62471 
0.01442 6.5894 
0.01443 6.55437 
0.01444 6.51962 
0.01445 6.48515 
0.01446 6.45095 
0.01447 6.41703 
0.01448 6.38339 
0.01449 6.35001 
0.0145 6.31691 
0.01451 6.28409 
0.01452 6.25153 
0.01453 6.21924 
0.01454 6.18722 
0.01455 6.15546 
0.01456 6.12397 
0.01457 6.09275 
0.01458 6.06178 
0.01459 6.03108 
0.0146 6.00064 
0.01461 5.97046 
0.01462 5.94054 
0.01463 5.91087 
0.01464 5.88146 
0.01465 5.85231 
0.01466 5.82341 
0.01467 5.79476 
0.01468 5.76636 
0.01469 5.73821 
0.0147 5.71031 
0.01471 5.68266 
0.01472 5.65526 
0.01473 5.6281 
0.01474 5.60119 
0.01475 5.57451 
0.01476 5.54809 
0.01477 5.5219 
0.01478 5.49595 
0.01479 5.47024 
0.0148 5.44476 
0.01481 5.41953 
0.01482 5.39452 
0.01483 5.36975 
0.01484 5.34522 
0.01485 5.32091 
0.01486 5.29684 
0.01487 5.27299 
0.01488 5.24937 
0.01489 5.22598 
0.0149 5.20282 
0.01491 5.17987 
0.01492 5.15716 
0.01493 5.13466 
0.01494 5.11238 
0.01495 5.09033 
0.01496 5.06849 
0.01497 5.04687 
0.01498 5.02547 
0.01499 5.00428 
0.015 4.9833 
0.01501 4.96254 
0.01502 4.94199 
0.01503 4.92165 
0.01504 4.90152 
0.01505 4.88159 
0.01506 4.86187 
0.01507 4.84236 
0.01508 4.82306 
0.01509 4.80395 
0.0151 4.78505 
0.01511 4.76635 
0.01512 4.74785 
0.01513 4.72955 
0.01514 4.71144 
0.01515 4.69353 
0.01516 4.67582 
0.01517 4.6583 
0.01518 4.64097 
0.01519 4.62383 
0.0152 4.60689 
0.01521 4.59013 
0.01522 4.57356 
0.01523 4.55718 
0.01524 4.54099 
0.01525 4.52497 
0.01526 4.50915 
0.01527 4.4935 
0.01528 4.47804 
0.01529 4.46275 
0.0153 4.44764 
0.01531 4.43272 
0.01532 4.41796 
0.01533 4.40339 
0.01534 4.38898 
0.01535 4.37475 
0.01536 4.36069 
0.01537 4.3468 
0.01538 4.33308 
0.01539 4.31953 
0.0154 4.30615 
0.01541 4.29293 
0.01542 4.27988 
0.01543 4.26699 
0.01544 4.25426 
0.01545 4.24169 
0.01546 4.22928 
0.01547 4.21703 
0.01548 4.20494 
0.01549 4.19301 
0.0155 4.18123 
0.01551 4.1696 
0.01552 4.15813 
0.01553 4.14681 
0.01554 4.13564 
0.01555 4.12462 
0.01556 4.11375 
0.01557 4.10302 
0.01558 4.09244 
0.01559 4.08201 
0.0156 4.07171 
0.01561 4.06156 
0.01562 4.05156 
0.01563 4.04169 
0.01564 4.03196 
0.01565 4.02237 
0.01566 4.01291 
0.01567 4.00359 
0.01568 3.99441 
0.01569 3.98535 
0.0157 3.97643 
0.01571 3.96764 
0.01572 3.95898 
0.01573 3.95045 
0.01574 3.94204 
0.01575 3.93376 
0.01576 3.92561 
0.01577 3.91758 
0.01578 3.90967 
0.01579 3.90188 
0.0158 3.89421 
0.01581 3.88666 
0.01582 3.87923 
0.01583 3.87192 
0.01584 3.86472 
0.01585 3.85763 
0.01586 3.85066 
0.01587 3.8438 
0.01588 3.83705 
0.01589 3.83041 
0.0159 3.82388 
0.01591 3.81746 
0.01592 3.81114 
0.01593 3.80493 
0.01594 3.79882 
0.01595 3.79281 
0.01596 3.7869 
0.01597 3.7811 
0.01598 3.77539 
0.01599 3.76978 
0.016 3.76427 
0.01601 3.75885 
0.01602 3.75353 
0.01603 3.7483 
0.01604 3.74316 
0.01605 3.73812 
0.01606 3.73316 
0.01607 3.72829 
0.01608 3.72351 
0.01609 3.71882 
0.0161 3.71421 
0.01611 3.70968 
0.01612 3.70524 
0.01613 3.70087 
0.01614 3.69659 
0.01615 3.69239 
0.01616 3.68826 
0.01617 3.68422 
0.01618 3.68024 
0.01619 3.67634 
0.0162 3.67252 
0.01621 3.66877 
0.01622 3.66508 
0.01623 3.66147 
0.01624 3.65793 
0.01625 3.65445 
0.01626 3.65104 
0.01627 3.6477 
0.01628 3.64441 
0.01629 3.64119 
0.0163 3.63804 
0.01631 3.63494 
0.01632 3.6319 
0.01633 3.62892 
0.01634 3.626 
0.01635 3.62313 
0.01636 3.62032 
0.01637 3.61756 
0.01638 3.61485 
0.01639 3.6122 
0.0164 3.60959 
0.01641 3.60703 
0.01642 3.60452 
0.01643 3.60206 
0.01644 3.59964 
0.01645 3.59726 
0.01646 3.59493 
0.01647 3.59264 
0.01648 3.59039 
0.01649 3.58817 
0.0165 3.586 
0.01651 3.58387 
0.01652 3.58176 
0.01653 3.5797 
0.01654 3.57767 
0.01655 3.57567 
0.01656 3.5737 
0.01657 3.57176 
0.01658 3.56985 
0.01659 3.56796 
0.0166 3.56611 
0.01661 3.56427 
0.01662 3.56247 
0.01663 3.56068 
0.01664 3.55892 
0.01665 3.55718 
0.01666 3.55545 
0.01667 3.55375 
0.01668 3.55206 
0.01669 3.55039 
0.0167 3.54873 
0.01671 3.54708 
0.01672 3.54545 
0.01673 3.54383 
0.01674 3.54222 
0.01675 3.54062 
0.01676 3.53902 
0.01677 3.53744 
0.01678 3.53585 
0.01679 3.53428 
0.0168 3.5327 
0.01681 3.53113 
0.01682 3.52955 
0.01683 3.52798 
0.01684 3.5264 
0.01685 3.52482 
0.01686 3.52324 
0.01687 3.52165 
0.01688 3.52006 
0.01689 3.51846 
0.0169 3.51685 
0.01691 3.51523 
0.01692 3.51359 
0.01693 3.51195 
0.01694 3.51029 
0.01695 3.50862 
0.01696 3.50693 
0.01697 3.50523 
0.01698 3.50351 
0.01699 3.50176 
0.017 3.5 
0.017 3.5 
0.01701 3.49823 
0.01702 3.49647 
0.01703 3.49472 
0.01704 3.49297 
0.01705 3.49123 
0.01706 3.48951 
0.01707 3.48779 
0.01708 3.48607 
0.01709 3.48437 
0.0171 3.48267 
0.01711 3.48098 
0.01712 3.4793 
0.01713 3.47763 
0.01714 3.47597 
0.01715 3.47431 
0.01716 3.47266 
0.01717 3.47102 
0.01718 3.46939 
0.01719 3.46776 
0.0172 3.46614 
0.01721 3.46454 
0.01722 3.46293 
0.01723 3.46134 
0.01724 3.45975 
0.01725 3.45817 
0.01726 3.4566 
0.01727 3.45504 
0.01728 3.45349 
0.01729 3.45194 
0.0173 3.4504 
0.01731 3.44886 
0.01732 3.44734 
0.01733 3.44582 
0.01734 3.44431 
0.01735 3.44281 
0.01736 3.44131 
0.01737 3.43983 
0.01738 3.43835 
0.01739 3.43687 
0.0174 3.43541 
0.01741 3.43395 
0.01742 3.4325 
0.01743 3.43106 
0.01744 3.42962 
0.01745 3.42819 
0.01746 3.42677 
0.01747 3.42536 
0.01748 3.42395 
0.01749 3.42255 
0.0175 3.42116 
0.01751 3.41977 
0.01752 3.41839 
0.01753 3.41702 
0.01754 3.41566 
0.01755 3.4143 
0.01756 3.41295 
0.01757 3.41161 
0.01758 3.41027 
0.01759 3.40894 
0.0176 3.40762 
0.01761 3.40631 
0.01762 3.405 
0.01763 3.4037 
0.01764 3.4024 
0.01765 3.40111 
0.01766 3.39983 
0.01767 3.39856 
0.01768 3.39729 
0.01769 3.39603 
0.0177 3.39478 
0.01771 3.39353 
0.01772 3.39229 
0.01773 3.39106 
0.01774 3.38983 
0.01775 3.38861 
0.01776 3.3874 
0.01777 3.38619 
0.01778 3.38499 
0.01779 3.3838 
0.0178 3.38261 
0.01781 3.38143 
0.01782 3.38026 
0.01783 3.37909 
0.01784 3.37793 
0.01785 3.37677 
0.01786 3.37563 
0.01787 3.37449 
0.01788 3.37335 
0.01789 3.37222 
0.0179 3.3711 
0.01791 3.36998 
0.01792 3.36887 
0.01793 3.36777 
0.01794 3.36667 
0.01795 3.36558 
0.01796 3.36449 
0.01797 3.36342 
0.01798 3.36234 
0.01799 3.36128 
0.018 3.36022 
0.01801 3.35916 
0.01802 3.35811 
0.01803 3.35707 
0.01804 3.35603 
0.01805 3.355 
0.01806 3.35398 
0.01807 3.35296 
0.01808 3.35195 
0.01809 3.35094 
0.0181 3.34994 
0.01811 3.34895 
0.01812 3.34796 
0.01813 3.34698 
0.01814 3.346 
0.01815 3.34503 
0.01816 3.34406 
0.01817 3.3431 
0.01818 3.34215 
0.01819 3.3412 
0.0182 3.34026 
0.01821 3.33932 
0.01822 3.33839 
0.01823 3.33747 
0.01824 3.33655 
0.01825 3.33563 
0.01826 3.33472 
0.01827 3.33382 
0.01828 3.33292 
0.01829 3.33203 
0.0183 3.33114 
0.01831 3.33026 
0.01832 3.32939 
0.01833 3.32852 
0.01834 3.32765 
0.01835 3.32679 
0.01836 3.32594 
0.01837 3.32509 
0.01838 3.32425 
0.01839 3.32341 
0.0184 3.32258 
0.01841 3.32175 
0.01842 3.32093 
0.01843 3.32011 
0.01844 3.3193 
0.01845 3.31849 
0.01846 3.31769 
0.01847 3.31689 
0.01848 3.3161 
0.01849 3.31532 
0.0185 3.31453 
0.01851 3.31376 
0.01852 3.31299 
0.01853 3.31222 
0.01854 3.31146 
0.01855 3.3107 
0.01856 3.30995 
0.01857 3.30921 
0.01858 3.30846 
0.01859 3.30773 
0.0186 3.307 
0.01861 3.30627 
0.01862 3.30555 
0.01863 3.30483 
0.01864 3.30412 
0.01865 3.30341 
0.01866 3.30271 
0.01867 3.30201 
0.01868 3.30132 
0.01869 3.30063 
0.0187 3.29994 
0.01871 3.29926 
0.01872 3.29859 
0.01873 3.29792 
0.01874 3.29725 
0.01875 3.29659 
0.01876 3.29593 
0.01877 3.29528 
0.01878 3.29463 
0.01879 3.29399 
0.0188 3.29335 
0.01881 3.29272 
0.01882 3.29209 
0.01883 3.29146 
0.01884 3.29084 
0.01885 3.29022 
0.01886 3.28961 
0.01887 3.289 
0.01888 3.2884 
0.01889 3.2878 
0.0189 3.2872 
0.01891 3.28661 
0.01892 3.28602 
0.01893 3.28544 
0.01894 3.28486 
0.01895 3.28428 
0.01896 3.28371 
0.01897 3.28315 
0.01898 3.28258 
0.01899 3.28202 
0.019 3.28147 
0.01901 3.28092 
0.01902 3.28037 
0.01903 3.27983 
0.01904 3.27929 
0.01905 3.27875 
0.01906 3.27822 
0.01907 3.2777 
0.01908 3.27717 
0.01909 3.27665 
0.0191 3.27614 
0.01911 3.27563 
0.01912 3.27512 
0.01913 3.27461 
0.01914 3.27411 
0.01915 3.27361 
0.01916 3.27312 
0.01917 3.27263 
0.01918 3.27215 
0.01919 3.27166 
0.0192 3.27118 
0.01921 3.27071 
0.01922 3.27024 
0.01923 3.26977 
0.01924 3.2693 
0.01925 3.26884 
0.01926 3.26838 
0.01927 3.26793 
0.01928 3.26748 
0.01929 3.26703 
0.0193 3.26659 
0.01931 3.26615 
0.01932 3.26571 
0.01933 3.26527 
0.01934 3.26484 
0.01935 3.26441 
0.01936 3.26399 
0.01937 3.26357 
0.01938 3.26315 
0.01939 3.26274 
0.0194 3.26232 
0.01941 3.26192 
0.01942 3.26151 
0.01943 3.26111 
0.01944 3.26071 
0.01945 3.26031 
0.01946 3.25992 
0.01947 3.25953 
0.01948 3.25914 
0.01949 3.25876 
0.0195 3.25838 
0.01951 3.258 
0.01952 3.25762 
0.01953 3.25725 
0.01954 3.25688 
0.01955 3.25651 
0.01956 3.25615 
0.01957 3.25579 
0.01958 3.25543 
0.01959 3.25508 
0.0196 3.25472 
0.01961 3.25437 
0.01962 3.25403 
0.01963 3.25368 
0.01964 3.25334 
0.01965 3.253 
0.01966 3.25266 
0.01967 3.25233 
0.01968 3.252 
0.01969 3.25167 
0.0197 3.25134 
0.01971 3.25102 
0.01972 3.2507 
0.01973 3.25038 
0.01974 3.25006 
0.01975 3.24975 
0.01976 3.24943 
0.01977 3.24912 
0.01978 3.24882 
0.01979 3.24851 
0.0198 3.24821 
0.01981 3.24791 
0.01982 3.24761 
0.01983 3.24732 
0.01984 3.24702 
0.01985 3.24673 
0.01986 3.24644 
0.01987 3.24616 
0.01988 3.24587 
0.01989 3.24559 
0.0199 3.24531 
0.01991 3.24503 
0.01992 3.24475 
0.01993 3.24448 
0.01994 3.24421 
0.01995 3.24394 
0.01996 3.24367 
0.01997 3.2434 
0.01998 3.24314 
0.01999 3.24288 
0.02 3.24262 
0.02001 3.24236 
0.02002 3.2421 
0.02003 3.24185 
0.02004 3.24159 
0.02005 3.24134 
0.02006 3.24109 
0.02007 3.24084 
0.02008 3.2406 
0.02009 3.24035 
0.0201 3.24011 
0.02011 3.23987 
0.02012 3.23963 
0.02013 3.23939 
0.02014 3.23916 
0.02015 3.23892 
0.02016 3.23869 
0.02017 3.23846 
0.02018 3.23823 
0.02019 3.238 
0.0202 3.23777 
0.02021 3.23755 
0.02022 3.23732 
0.02023 3.2371 
0.02024 3.23688 
0.02025 3.23666 
0.02026 3.23644 
0.02027 3.23622 
0.02028 3.23601 
0.02029 3.23579 
0.0203 3.23558 
0.02031 3.23536 
0.02032 3.23515 
0.02033 3.23494 
0.02034 3.23474 
0.02035 3.23453 
0.02036 3.23432 
0.02037 3.23412 
0.02038 3.23391 
0.02039 3.23371 
0.0204 3.23351 
0.02041 3.23331 
0.02042 3.23311 
0.02043 3.23291 
0.02044 3.23271 
0.02045 3.23251 
0.02046 3.23232 
0.02047 3.23212 
0.02048 3.23193 
0.02049 3.23173 
0.0205 3.23154 
0.02051 3.23135 
0.02052 3.23116 
0.02053 3.23097 
0.02054 3.23078 
0.02055 3.23059 
0.02056 3.2304 
0.02057 3.23021 
0.02058 3.23003 
0.02059 3.22984 
0.0206 3.22965 
0.02061 3.22947 
0.02062 3.22929 
0.02063 3.2291 
0.02064 3.22892 
0.02065 3.22874 
0.02066 3.22855 
0.02067 3.22837 
0.02068 3.22819 
0.02069 3.22801 
0.0207 3.22783 
0.02071 3.22765 
0.02072 3.22747 
0.02073 3.22729 
0.02074 3.22711 
0.02075 3.22693 
0.02076 3.22676 
0.02077 3.22658 
0.02078 3.2264 
0.02079 3.22622 
0.0208 3.22604 
0.02081 3.22587 
0.02082 3.22569 
0.02083 3.22551 
0.02084 3.22534 
0.02085 3.22516 
0.02086 3.22498 
0.02087 3.22481 
0.02088 3.22463 
0.02089 3.22445 
0.0209 3.22428 
0.02091 3.2241 
0.02092 3.22392 
0.02093 3.22375 
0.02094 3.22357 
0.02095 3.22339 
0.02096 3.22322 
0.02097 3.22304 
0.02098 3.22286 
0.02099 3.22269 
0.021 3.22251 
0.02101 3.22233 
0.02102 3.22215 
0.02103 3.22197 
0.02104 3.22179 
0.02105 3.22162 
0.02106 3.22144 
0.02107 3.22126 
0.02108 3.22108 
0.02109 3.22089 
0.0211 3.22071 
0.02111 3.22053 
0.02112 3.22035 
0.02113 3.22017 
0.02114 3.21998 
0.02115 3.2198 
0.02116 3.21962 
0.02117 3.21943 
0.02118 3.21925 
0.02119 3.21906 
0.0212 3.21887 
0.02121 3.21869 
0.02122 3.2185 
0.02123 3.21831 
0.02124 3.21812 
0.02125 3.21793 
0.02126 3.21774 
0.02127 3.21755 
0.02128 3.21736 
0.02129 3.21716 
0.0213 3.21697 
0.02131 3.21677 
0.02132 3.21658 
0.02133 3.21638 
0.02134 3.21618 
0.02135 3.21599 
0.02136 3.21579 
0.02137 3.21559 
0.02138 3.21538 
0.02139 3.21518 
0.0214 3.21498 
0.02141 3.21477 
0.02142 3.21457 
0.02143 3.21436 
0.02144 3.21415 
0.02145 3.21394 
0.02146 3.21373 
0.02147 3.21352 
0.02148 3.21331 
0.02149 3.21309 
0.0215 3.21288 
0.02151 3.21266 
0.02152 3.21244 
0.02153 3.21222 
0.02154 3.212 
0.02155 3.21178 
0.02156 3.21155 
0.02157 3.21133 
0.02158 3.2111 
0.02159 3.21087 
0.0216 3.21064 
0.02161 3.21041 
0.02162 3.21018 
0.02163 3.20995 
0.02164 3.20971 
0.02165 3.20947 
0.02166 3.20923 
0.02167 3.20899 
0.02168 3.20875 
0.02169 3.20851 
0.0217 3.20826 
0.02171 3.20802 
0.02172 3.20777 
0.02173 3.20752 
0.02174 3.20726 
0.02175 3.20701 
0.02176 3.20675 
0.02177 3.20649 
0.02178 3.20623 
0.02179 3.20597 
0.0218 3.20571 
0.02181 3.20544 
0.02182 3.20518 
0.02183 3.20491 
0.02184 3.20463 
0.02185 3.20436 
0.02186 3.20408 
0.02187 3.20381 
0.02188 3.20353 
0.02189 3.20325 
0.0219 3.20296 
0.02191 3.20268 
0.02192 3.20239 
0.02193 3.2021 
0.02194 3.2018 
0.02195 3.20151 
0.02196 3.20121 
0.02197 3.20091 
0.02198 3.20061 
0.02199 3.20031 
0.022 3.2 
0.022 3.2 
0.02201 3.19969 
0.02202 3.19939 
0.02203 3.19908 
0.02204 3.19878 
0.02205 3.19847 
0.02206 3.19817 
0.02207 3.19787 
0.02208 3.19756 
0.02209 3.19726 
0.0221 3.19696 
0.02211 3.19666 
0.02212 3.19636 
0.02213 3.19606 
0.02214 3.19577 
0.02215 3.19547 
0.02216 3.19517 
0.02217 3.19488 
0.02218 3.19458 
0.02219 3.19429 
0.0222 3.19399 
0.02221 3.1937 
0.02222 3.19341 
0.02223 3.19311 
0.02224 3.19282 
0.02225 3.19253 
0.02226 3.19224 
0.02227 3.19195 
0.02228 3.19166 
0.02229 3.19137 
0.0223 3.19108 
0.02231 3.1908 
0.02232 3.19051 
0.02233 3.19022 
0.02234 3.18994 
0.02235 3.18965 
0.02236 3.18937 
0.02237 3.18908 
0.02238 3.1888 
0.02239 3.18851 
0.0224 3.18823 
0.02241 3.18795 
0.02242 3.18766 
0.02243 3.18738 
0.02244 3.1871 
0.02245 3.18682 
0.02246 3.18654 
0.02247 3.18626 
0.02248 3.18597 
0.02249 3.18569 
0.0225 3.18542 
0.02251 3.18514 
0.02252 3.18486 
0.02253 3.18458 
0.02254 3.1843 
0.02255 3.18402 
0.02256 3.18374 
0.02257 3.18347 
0.02258 3.18319 
0.02259 3.18291 
0.0226 3.18264 
0.02261 3.18236 
0.02262 3.18208 
0.02263 3.18181 
0.02264 3.18153 
0.02265 3.18126 
0.02266 3.18098 
0.02267 3.18071 
0.02268 3.18043 
0.02269 3.18016 
0.0227 3.17988 
0.02271 3.17961 
0.02272 3.17934 
0.02273 3.17906 
0.02274 3.17879 
0.02275 3.17851 
0.02276 3.17824 
0.02277 3.17797 
0.02278 3.17769 
0.02279 3.17742 
0.0228 3.17715 
0.02281 3.17688 
0.02282 3.1766 
0.02283 3.17633 
0.02284 3.17606 
0.02285 3.17578 
0.02286 3.17551 
0.02287 3.17524 
0.02288 3.17497 
0.02289 3.17469 
0.0229 3.17442 
0.02291 3.17415 
0.02292 3.17388 
0.02293 3.1736 
0.02294 3.17333 
0.02295 3.17306 
0.02296 3.17278 
0.02297 3.17251 
0.02298 3.17224 
0.02299 3.17197 
0.023 3.17169 
0.02301 3.17142 
0.02302 3.17115 
0.02303 3.17087 
0.02304 3.1706 
0.02305 3.17033 
0.02306 3.17005 
0.02307 3.16978 
0.02308 3.16951 
0.02309 3.16923 
0.0231 3.16896 
0.02311 3.16868 
0.02312 3.16841 
0.02313 3.16813 
0.02314 3.16786 
0.02315 3.16758 
0.02316 3.16731 
0.02317 3.16703 
0.02318 3.16676 
0.02319 3.16648 
0.0232 3.1662 
0.02321 3.16593 
0.02322 3.16565 
0.02323 3.16537 
0.02324 3.16509 
0.02325 3.16482 
0.02326 3.16454 
0.02327 3.16426 
0.02328 3.16398 
0.02329 3.1637 
0.0233 3.16342 
0.02331 3.16314 
0.02332 3.16286 
0.02333 3.16258 
0.02334 3.1623 
0.02335 3.16202 
0.02336 3.16174 
0.02337 3.16146 
0.02338 3.16117 
0.02339 3.16089 
0.0234 3.16061 
0.02341 3.16032 
0.02342 3.16004 
0.02343 3.15975 
0.02344 3.15947 
0.02345 3.15918 
0.02346 3.1589 
0.02347 3.15861 
0.02348 3.15832 
0.02349 3.15804 
0.0235 3.15775 
0.02351 3.15746 
0.02352 3.15717 
0.02353 3.15688 
0.02354 3.15659 
0.02355 3.1563 
0.02356 3.15601 
0.02357 3.15572 
0.02358 3.15542 
0.02359 3.15513 
0.0236 3.15484 
0.02361 3.15454 
0.02362 3.15425 
0.02363 3.15395 
0.02364 3.15365 
0.02365 3.15336 
0.02366 3.15306 
0.02367 3.15276 
0.02368 3.15246 
0.02369 3.15216 
0.0237 3.15186 
0.02371 3.15156 
0.02372 3.15126 
0.02373 3.15096 
0.02374 3.15066 
0.02375 3.15035 
0.02376 3.15005 
0.02377 3.14974 
0.02378 3.14944 
0.02379 3.14913 
0.0238 3.14882 
0.02381 3.14851 
0.02382 3.1482 
0.02383 3.14789 
0.02384 3.14758 
0.02385 3.14727 
0.02386 3.14696 
0.02387 3.14664 
0.02388 3.14633 
0.02389 3.14602 
0.0239 3.1457 
0.02391 3.14538 
0.02392 3.14507 
0.02393 3.14475 
0.02394 3.14443 
0.02395 3.14411 
0.02396 3.14379 
0.02397 3.14346 
0.02398 3.14314 
0.02399 3.14282 
0.024 3.14249 
0.02401 3.14217 
0.02402 3.14184 
0.02403 3.14151 
0.02404 3.14118 
0.02405 3.14085 
0.02406 3.14052 
0.02407 3.14019 
0.02408 3.13986 
0.02409 3.13952 
0.0241 3.13919 
0.02411 3.13885 
0.02412 3.13851 
0.02413 3.13818 
0.02414 3.13784 
0.02415 3.1375 
0.02416 3.13716 
0.02417 3.13681 
0.02418 3.13647 
0.02419 3.13612 
0.0242 3.13578 
0.02421 3.13543 
0.02422 3.13508 
0.02423 3.13473 
0.02424 3.13438 
0.02425 3.13403 
0.02426 3.13368 
0.02427 3.13333 
0.02428 3.13297 
0.02429 3.13261 
0.0243 3.13226 
0.02431 3.1319 
0.02432 3.13154 
0.02433 3.13118 
0.02434 3.13081 
0.02435 3.13045 
0.02436 3.13009 
0.02437 3.12972 
0.02438 3.12935 
0.02439 3.12898 
0.0244 3.12861 
0.02441 3.12824 
0.02442 3.12787 
0.02443 3.12749 
0.02444 3.12712 
0.02445 3.12674 
0.02446 3.12636 
0.02447 3.12598 
0.02448 3.1256 
0.02449 3.12522 
0.0245 3.12484 
0.02451 3.12445 
0.02452 3.12407 
0.02453 3.12368 
0.02454 3.12329 
0.02455 3.1229 
0.02456 3.12251 
0.02457 3.12211 
0.02458 3.12172 
0.02459 3.12132 
0.0246 3.12092 
0.02461 3.12053 
0.02462 3.12012 
0.02463 3.11972 
0.02464 3.11932 
0.02465 3.11891 
0.02466 3.11851 
0.02467 3.1181 
0.02468 3.11769 
0.02469 3.11728 
0.0247 3.11686 
0.02471 3.11645 
0.02472 3.11603 
0.02473 3.11561 
0.02474 3.11519 
0.02475 3.11477 
0.02476 3.11435 
0.02477 3.11393 
0.02478 3.1135 
0.02479 3.11307 
0.0248 3.11264 
0.02481 3.11221 
0.02482 3.11178 
0.02483 3.11135 
0.02484 3.11091 
0.02485 3.11047 
0.02486 3.11003 
0.02487 3.10959 
0.02488 3.10915 
0.02489 3.10871 
0.0249 3.10826 
0.02491 3.10781 
0.02492 3.10736 
0.02493 3.10691 
0.02494 3.10646 
0.02495 3.106 
0.02496 3.10555 
0.02497 3.10509 
0.02498 3.10463 
0.02499 3.10417 
0.025 3.1037 
0.02501 3.10324 
0.02502 3.10277 
0.02503 3.1023 
0.02504 3.10183 
0.02505 3.10135 
0.02506 3.10088 
0.02507 3.1004 
0.02508 3.09992 
0.02509 3.09944 
0.0251 3.09896 
0.02511 3.09848 
0.02512 3.09799 
0.02513 3.0975 
0.02514 3.09701 
0.02515 3.09652 
0.02516 3.09602 
0.02517 3.09553 
0.02518 3.09503 
0.02519 3.09453 
0.0252 3.09403 
0.02521 3.09352 
0.02522 3.09302 
0.02523 3.09251 
0.02524 3.092 
0.02525 3.09149 
0.02526 3.09097 
0.02527 3.09046 
0.02528 3.08994 
0.02529 3.08942 
0.0253 3.0889 
0.02531 3.08837 
0.02532 3.08784 
0.02533 3.08732 
0.02534 3.08678 
0.02535 3.08625 
0.02536 3.08572 
0.02537 3.08518 
0.02538 3.08464 
0.02539 3.0841 
0.0254 3.08355 
0.02541 3.08301 
0.02542 3.08246 
0.02543 3.08191 
0.02544 3.08136 
0.02545 3.0808 
0.02546 3.08025 
0.02547 3.07969 
0.02548 3.07912 
0.02549 3.07856 
0.0255 3.078 
0.02551 3.07743 
0.02552 3.07686 
0.02553 3.07628 
0.02554 3.07571 
0.02555 3.07513 
0.02556 3.07455 
0.02557 3.07397 
0.02558 3.07339 
0.02559 3.0728 
0.0256 3.07221 
0.02561 3.07162 
0.02562 3.07102 
0.02563 3.07043 
0.02564 3.06983 
0.02565 3.06923 
0.02566 3.06863 
0.02567 3.06802 
0.02568 3.06741 
0.02569 3.0668 
0.0257 3.06619 
0.02571 3.06557 
0.02572 3.06496 
0.02573 3.06434 
0.02574 3.06371 
0.02575 3.06309 
0.02576 3.06246 
0.02577 3.06183 
0.02578 3.0612 
0.02579 3.06056 
0.0258 3.05993 
0.02581 3.05929 
0.02582 3.05864 
0.02583 3.058 
0.02584 3.05735 
0.02585 3.0567 
0.02586 3.05605 
0.02587 3.05539 
0.02588 3.05473 
0.02589 3.05407 
0.0259 3.05341 
0.02591 3.05274 
0.02592 3.05207 
0.02593 3.0514 
0.02594 3.05073 
0.02595 3.05005 
0.02596 3.04937 
0.02597 3.04869 
0.02598 3.04801 
0.02599 3.04732 
0.026 3.04663 
0.02601 3.04594 
0.02602 3.04524 
0.02603 3.04455 
0.02604 3.04385 
0.02605 3.04314 
0.02606 3.04244 
0.02607 3.04173 
0.02608 3.04102 
0.02609 3.0403 
0.0261 3.03958 
0.02611 3.03886 
0.02612 3.03814 
0.02613 3.03742 
0.02614 3.03669 
0.02615 3.03596 
0.02616 3.03522 
0.02617 3.03449 
0.02618 3.03375 
0.02619 3.033 
0.0262 3.03226 
0.02621 3.03151 
0.02622 3.03076 
0.02623 3.03001 
0.02624 3.02925 
0.02625 3.02849 
0.02626 3.02773 
0.02627 3.02696 
0.02628 3.02619 
0.02629 3.02542 
0.0263 3.02465 
0.02631 3.02387 
0.02632 3.02309 
0.02633 3.02231 
0.02634 3.02152 
0.02635 3.02073 
0.02636 3.01994 
0.02637 3.01914 
0.02638 3.01834 
0.02639 3.01754 
0.0264 3.01674 
0.02641 3.01593 
0.02642 3.01512 
0.02643 3.01431 
0.02644 3.01349 
0.02645 3.01267 
0.02646 3.01185 
0.02647 3.01102 
0.02648 3.01019 
0.02649 3.00936 
0.0265 3.00853 
0.02651 3.00769 
0.02652 3.00685 
0.02653 3.006 
0.02654 3.00515 
0.02655 3.0043 
0.02656 3.00345 
0.02657 3.00259 
0.02658 3.00173 
0.02659 3.00087 
0.0266 3 
0.02661 2.99913 
0.02662 2.99826 
0.02663 2.99738 
0.02664 2.9965 
0.02665 2.99562 
0.02666 2.99473 
0.02667 2.99384 
0.02668 2.99295 
0.02669 2.99205 
0.0267 2.99115 
0.02671 2.99025 
0.02672 2.98934 
0.02673 2.98843 
0.02674 2.98752 
0.02675 2.9866 
0.02676 2.98568 
0.02677 2.98476 
0.02678 2.98384 
0.02679 2.98291 
0.0268 2.98197 
0.02681 2.98104 
0.02682 2.9801 
0.02683 2.97915 
0.02684 2.97821 
0.02685 2.97726 
0.02686 2.9763 
0.02687 2.97535 
0.02688 2.97439 
0.02689 2.97342 
0.0269 2.97245 
0.02691 2.97148 
0.02692 2.97051 
0.02693 2.96953 
0.02694 2.96855 
0.02695 2.96757 
0.02696 2.96658 
0.02697 2.96559 
0.02698 2.96459 
0.02699 2.96359 
0.027 2.96259 
0.02701 2.96158 
0.02702 2.96057 
0.02703 2.95956 
0.02704 2.95854 
0.02705 2.95752 
0.02706 2.9565 
0.02707 2.95547 
0.02708 2.95444 
0.02709 2.95341 
0.0271 2.95237 
0.02711 2.95132 
0.02712 2.95028 
0.02713 2.94923 
0.02714 2.94818 
0.02715 2.94712 
0.02716 2.94606 
0.02717 2.94499 
0.02718 2.94393 
0.02719 2.94285 
0.0272 2.94178 
0.02721 2.9407 
0.02722 2.93962 
0.02723 2.93853 
0.02724 2.93744 
0.02725 2.93635 
0.02726 2.93525 
0.02727 2.93415 
0.02728 2.93304 
0.02729 2.93193 
0.0273 2.93082 
0.02731 2.9297 
0.02732 2.92858 
0.02733 2.92745 
0.02734 2.92633 
0.02735 2.92519 
0.02736 2.92406 
0.02737 2.92292 
0.02738 2.92177 
0.02739 2.92062 
0.0274 2.91947 
0.02741 2.91832 
0.02742 2.91716 
0.02743 2.91599 
0.02744 2.91483 
0.02745 2.91365 
0.02746 2.91248 
0.02747 2.9113 
0.02748 2.91012 
0.02749 2.90893 
0.0275 2.90774 
0.02751 2.90654 
0.02752 2.90534 
0.02753 2.90414 
0.02754 2.90293 
0.02755 2.90172 
0.02756 2.9005 
0.02757 2.89928 
0.02758 2.89806 
0.02759 2.89683 
0.0276 2.8956 
0.02761 2.89436 
0.02762 2.89312 
0.02763 2.89188 
0.02764 2.89063 
0.02765 2.88938 
0.02766 2.88812 
0.02767 2.88686 
0.02768 2.8856 
0.02769 2.88433 
0.0277 2.88306 
0.02771 2.88178 
0.02772 2.8805 
0.02773 2.87921 
0.02774 2.87792 
0.02775 2.87663 
0.02776 2.87533 
0.02777 2.87403 
0.02778 2.87272 
0.02779 2.87141 
0.0278 2.87009 
0.02781 2.86877 
0.02782 2.86745 
0.02783 2.86612 
0.02784 2.86479 
0.02785 2.86345 
0.02786 2.86211 
0.02787 2.86077 
0.02788 2.85942 
0.02789 2.85806 
0.0279 2.8567 
0.02791 2.85534 
0.02792 2.85397 
0.02793 2.8526 
0.02794 2.85123 
0.02795 2.84985 
0.02796 2.84846 
0.02797 2.84707 
0.02798 2.84568 
0.02799 2.84428 
0.028 2.84288 
0.02801 2.84147 
0.02802 2.84006 
0.02803 2.83865 
0.02804 2.83723 
0.02805 2.8358 
0.02806 2.83437 
0.02807 2.83294 
0.02808 2.8315 
0.02809 2.83006 
0.0281 2.82861 
0.02811 2.82716 
0.02812 2.82571 
0.02813 2.82425 
0.02814 2.82278 
0.02815 2.82131 
0.02816 2.81984 
0.02817 2.81836 
0.02818 2.81688 
0.02819 2.81539 
0.0282 2.81389 
0.02821 2.8124 
0.02822 2.8109 
0.02823 2.80939 
0.02824 2.80788 
0.02825 2.80636 
0.02826 2.80484 
0.02827 2.80332 
0.02828 2.80179 
0.02829 2.80025 
0.0283 2.79871 
0.02831 2.79717 
0.02832 2.79562 
0.02833 2.79407 
0.02834 2.79251 
0.02835 2.79095 
0.02836 2.78938 
0.02837 2.78781 
0.02838 2.78623 
0.02839 2.78465 
0.0284 2.78306 
0.02841 2.78147 
0.02842 2.77988 
0.02843 2.77828 
0.02844 2.77667 
0.02845 2.77506 
0.02846 2.77345 
0.02847 2.77183 
0.02848 2.7702 
0.02849 2.76857 
0.0285 2.76694 
0.02851 2.7653 
0.02852 2.76365 
0.02853 2.762 
0.02854 2.76035 
0.02855 2.75869 
0.02856 2.75703 
0.02857 2.75536 
0.02858 2.75368 
0.02859 2.752 
0.0286 2.75032 
0.02861 2.74863 
0.02862 2.74694 
0.02863 2.74524 
0.02864 2.74354 
0.02865 2.74183 
0.02866 2.74011 
0.02867 2.7384 
0.02868 2.73667 
0.02869 2.73494 
0.0287 2.73321 
0.02871 2.73147 
0.02872 2.72973 
0.02873 2.72798 
0.02874 2.72622 
0.02875 2.72447 
0.02876 2.7227 
0.02877 2.72093 
0.02878 2.71916 
0.02879 2.71738 
0.0288 2.71559 
0.02881 2.7138 
0.02882 2.71201 
0.02883 2.71021 
0.02884 2.7084 
0.02885 2.70659 
0.02886 2.70478 
0.02887 2.70296 
0.02888 2.70113 
0.02889 2.6993 
0.0289 2.69747 
0.02891 2.69562 
0.02892 2.69378 
0.02893 2.69193 
0.02894 2.69007 
0.02895 2.68821 
0.02896 2.68634 
0.02897 2.68447 
0.02898 2.68259 
0.02899 2.6807 
0.029 2.67882 
0.02901 2.67692 
0.02902 2.67502 
0.02903 2.67312 
0.02904 2.67121 
0.02905 2.66929 
0.02906 2.66737 
0.02907 2.66544 
0.02908 2.66351 
0.02909 2.66158 
0.0291 2.65963 
0.02911 2.65769 
0.02912 2.65573 
0.02913 2.65378 
0.02914 2.65181 
0.02915 2.64984 
0.02916 2.64787 
0.02917 2.64589 
0.02918 2.6439 
0.02919 2.64191 
0.0292 2.63991 
0.02921 2.63791 
0.02922 2.6359 
0.02923 2.63389 
0.02924 2.63187 
0.02925 2.62985 
0.02926 2.62782 
0.02927 2.62578 
0.02928 2.62374 
0.02929 2.6217 
0.0293 2.61965 
0.02931 2.61759 
0.02932 2.61553 
0.02933 2.61346 
0.02934 2.61138 
0.02935 2.6093 
0.02936 2.60722 
0.02937 2.60513 
0.02938 2.60303 
0.02939 2.60093 
0.0294 2.59882 
0.02941 2.59671 
0.02942 2.59459 
0.02943 2.59246 
0.02944 2.59033 
0.02945 2.5882 
0.02946 2.58606 
0.02947 2.58391 
0.02948 2.58176 
0.02949 2.5796 
0.0295 2.57743 
0.02951 2.57526 
0.02952 2.57309 
0.02953 2.5709 
0.02954 2.56872 
0.02955 2.56652 
0.02956 2.56432 
0.02957 2.56212 
0.02958 2.55991 
0.02959 2.55769 
0.0296 2.55547 
0.02961 2.55324 
0.02962 2.55101 
0.02963 2.54877 
0.02964 2.54652 
0.02965 2.54427 
0.02966 2.54201 
0.02967 2.53975 
0.02968 2.53748 
0.02969 2.5352 
0.0297 2.53292 
0.02971 2.53063 
0.02972 2.52834 
0.02973 2.52604 
0.02974 2.52374 
0.02975 2.52143 
0.02976 2.51911 
0.02977 2.51679 
0.02978 2.51446 
0.02979 2.51212 
0.0298 2.50978 
0.02981 2.50744 
0.02982 2.50508 
0.02983 2.50273 
0.02984 2.50036 
0.02985 2.49799 
0.02986 2.49561 
0.02987 2.49323 
0.02988 2.49084 
0.02989 2.48845 
0.0299 2.48605 
0.02991 2.48364 
0.02992 2.48123 
0.02993 2.47881 
0.02994 2.47638 
0.02995 2.47395 
0.02996 2.47151 
0.02997 2.46907 
0.02998 2.46662 
0.02999 2.46416 
0.03 2.4617 
0.03001 2.45923 
0.03002 2.45676 
0.03003 2.45427 
0.03004 2.45179 
0.03005 2.44929 
0.03006 2.4468 
0.03007 2.44429 
0.03008 2.44178 
0.03009 2.43926 
0.0301 2.43673 
0.03011 2.4342 
0.03012 2.43167 
0.03013 2.42912 
0.03014 2.42657 
0.03015 2.42402 
0.03016 2.42146 
0.03017 2.41889 
0.03018 2.41631 
0.03019 2.41373 
0.0302 2.41114 
0.03021 2.40855 
0.03022 2.40595 
0.03023 2.40334 
0.03024 2.40073 
0.03025 2.39811 
0.03026 2.39549 
0.03027 2.39285 
0.03028 2.39022 
0.03029 2.38757 
0.0303 2.38492 
0.03031 2.38226 
0.03032 2.3796 
0.03033 2.37693 
0.03034 2.37425 
0.03035 2.37157 
0.03036 2.36888 
0.03037 2.36618 
0.03038 2.36348 
0.03039 2.36077 
0.0304 2.35805 
0.03041 2.35533 
0.03042 2.3526 
0.03043 2.34986 
0.03044 2.34712 
0.03045 2.34437 
0.03046 2.34162 
0.03047 2.33886 
0.03048 2.33609 
0.03049 2.33331 
0.0305 2.33053 
0.03051 2.32774 
0.03052 2.32495 
0.03053 2.32215 
0.03054 2.31934 
0.03055 2.31652 
0.03056 2.3137 
0.03057 2.31087 
0.03058 2.30804 
0.03059 2.3052 
0.0306 2.30235 
0.03061 2.29949 
0.03062 2.29663 
0.03063 2.29376 
0.03064 2.29089 
0.03065 2.28801 
0.03066 2.28512 
0.03067 2.28222 
0.03068 2.27932 
0.03069 2.27641 
0.0307 2.2735 
0.03071 2.27058 
0.03072 2.26765 
0.03073 2.26471 
0.03074 2.26177 
0.03075 2.25882 
0.03076 2.25586 
0.03077 2.2529 
0.03078 2.24993 
0.03079 2.24695 
0.0308 2.24397 
0.03081 2.24098 
0.03082 2.23798 
0.03083 2.23498 
0.03084 2.23196 
0.03085 2.22895 
0.03086 2.22592 
0.03087 2.22289 
0.03088 2.21985 
0.03089 2.2168 
0.0309 2.21375 
0.03091 2.21069 
0.03092 2.20763 
0.03093 2.20455 
0.03094 2.20147 
0.03095 2.19838 
0.03096 2.19529 
0.03097 2.19219 
0.03098 2.18908 
0.03099 2.18596 
0.031 2.18284 
0.03101 2.17971 
0.03102 2.17657 
0.03103 2.17343 
0.03104 2.17028 
0.03105 2.16712 
0.03106 2.16396 
0.03107 2.16078 
0.03108 2.1576 
0.03109 2.15442 
0.0311 2.15122 
0.03111 2.14802 
0.03112 2.14481 
0.03113 2.1416 
0.03114 2.13838 
0.03115 2.13515 
0.03116 2.13191 
0.03117 2.12867 
0.03118 2.12542 
0.03119 2.12216 
0.0312 2.11889 
0.03121 2.11562 
0.03122 2.11234 
0.03123 2.10905 
0.03124 2.10576 
0.03125 2.10246 
0.03126 2.09915 
0.03127 2.09583 
0.03128 2.09251 
0.03129 2.08918 
0.0313 2.08584 
0.03131 2.0825 
0.03132 2.07915 
0.03133 2.07579 
0.03134 2.07242 
0.03135 2.06904 
0.03136 2.06566 
0.03137 2.06227 
0.03138 2.05888 
0.03139 2.05547 
0.0314 2.05206 
0.03141 2.04864 
0.03142 2.04522 
0.03143 2.04178 
0.03144 2.03834 
0.03145 2.03489 
0.03146 2.03144 
0.03147 2.02797 
0.03148 2.0245 
0.03149 2.02103 
0.0315 2.01754 
0.03151 2.01405 
0.03152 2.01055 
0.03153 2.00704 
0.03154 2.00352 
0.03155 2 
0.03155 2 
0.03156 1.99646 
0.03157 1.99289 
0.03158 1.9893 
0.03159 1.98568 
0.0316 1.98204 
0.03161 1.97837 
0.03162 1.97467 
0.03163 1.97095 
0.03164 1.96721 
0.03165 1.96343 
0.03166 1.95964 
0.03167 1.95582 
0.03168 1.95197 
0.03169 1.9481 
0.0317 1.9442 
0.03171 1.94028 
0.03172 1.93633 
0.03173 1.93236 
0.03174 1.92837 
0.03175 1.92435 
0.03176 1.92031 
0.03177 1.91624 
0.03178 1.91215 
0.03179 1.90804 
0.0318 1.9039 
0.03181 1.89974 
0.03182 1.89556 
0.03183 1.89135 
0.03184 1.88712 
0.03185 1.88287 
0.03186 1.87859 
0.03187 1.87429 
0.03188 1.86997 
0.03189 1.86562 
0.0319 1.86126 
0.03191 1.85687 
0.03192 1.85246 
0.03193 1.84802 
0.03194 1.84357 
0.03195 1.83909 
0.03196 1.83459 
0.03197 1.83007 
0.03198 1.82553 
0.03199 1.82096 
0.032 1.81638 
0.03201 1.81177 
0.03202 1.80715 
0.03203 1.8025 
0.03204 1.79783 
0.03205 1.79314 
0.03206 1.78843 
0.03207 1.7837 
0.03208 1.77895 
0.03209 1.77418 
0.0321 1.76939 
0.03211 1.76457 
0.03212 1.75974 
0.03213 1.75489 
0.03214 1.75002 
0.03215 1.74513 
0.03216 1.74022 
0.03217 1.73529 
0.03218 1.73034 
0.03219 1.72538 
0.0322 1.72039 
0.03221 1.71538 
0.03222 1.71036 
0.03223 1.70532 
0.03224 1.70026 
0.03225 1.69518 
0.03226 1.69008 
0.03227 1.68496 
0.03228 1.67983 
0.03229 1.67467 
0.0323 1.6695 
0.03231 1.66432 
0.03232 1.65911 
0.03233 1.65389 
0.03234 1.64865 
0.03235 1.64339 
0.03236 1.63811 
0.03237 1.63282 
0.03238 1.62751 
0.03239 1.62219 
0.0324 1.61685 
0.03241 1.61149 
0.03242 1.60611 
0.03243 1.60072 
0.03244 1.59531 
0.03245 1.58989 
0.03246 1.58445 
0.03247 1.57899 
0.03248 1.57352 
0.03249 1.56803 
0.0325 1.56253 
0.03251 1.55701 
0.03252 1.55147 
0.03253 1.54593 
0.03254 1.54036 
0.03255 1.53478 
0.03256 1.52919 
0.03257 1.52358 
0.03258 1.51795 
0.03259 1.51232 
0.0326 1.50666 
0.03261 1.501 
0.03262 1.49532 
0.03263 1.48962 
0.03264 1.48391 
0.03265 1.47819 
0.03266 1.47245 
0.03267 1.4667 
0.03268 1.46094 
0.03269 1.45516 
0.0327 1.44937 
0.03271 1.44357 
0.03272 1.43775 
0.03273 1.43192 
0.03274 1.42608 
0.03275 1.42022 
0.03276 1.41435 
0.03277 1.40847 
0.03278 1.40258 
0.03279 1.39668 
0.0328 1.39076 
0.03281 1.38483 
0.03282 1.37889 
0.03283 1.37294 
0.03284 1.36697 
0.03285 1.361 
0.03286 1.35501 
0.03287 1.34901 
0.03288 1.343 
0.03289 1.33698 
0.0329 1.33095 
0.03291 1.32491 
0.03292 1.31885 
0.03293 1.31279 
0.03294 1.30671 
0.03295 1.30063 
0.03296 1.29453 
0.03297 1.28843 
0.03298 1.28231 
0.03299 1.27618 
0.033 1.27005 
0.03301 1.2639 
0.03302 1.25775 
0.03303 1.25158 
0.03304 1.24541 
0.03305 1.23923 
0.03306 1.23304 
0.03307 1.22683 
0.03308 1.22062 
0.03309 1.21441 
0.0331 1.20818 
0.03311 1.20194 
0.03312 1.1957 
0.03313 1.18944 
0.03314 1.18318 
0.03315 1.17691 
0.03316 1.17064 
0.03317 1.16435 
0.03318 1.15806 
0.03319 1.15176 
0.0332 1.14545 
0.03321 1.13913 
0.03322 1.13281 
0.03323 1.12648 
0.03324 1.12014 
0.03325 1.1138 
0.03326 1.10745 
0.03327 1.10109 
0.03328 1.09472 
0.03329 1.08835 
0.0333 1.08197 
0.03331 1.07559 
0.03332 1.0692 
0.03333 1.0628 
0.03334 1.0564 
0.03335 1.04999 
0.03336 1.04358 
0.03337 1.03716 
0.03338 1.03074 
0.03339 1.02431 
0.0334 1.01787 
0.03341 1.01143 
0.03342 1.00498 
0.03343 0.998534 
0.03344 0.992079 
0.03345 0.985619 
0.03346 0.979154 
0.03347 0.972685 
0.03348 0.966212 
0.03349 0.959734 
0.0335 0.953252 
0.03351 0.946766 
0.03352 0.940277 
0.03353 0.933783 
0.03354 0.927286 
0.03355 0.920786 
0.03356 0.914282 
0.03357 0.907774 
0.03358 0.901264 
0.03359 0.89475 
0.0336 0.888233 
0.03361 0.881714 
0.03362 0.875192 
0.03363 0.868667 
0.03364 0.862139 
0.03365 0.85561 
0.03366 0.849077 
0.03367 0.842543 
0.03368 0.836007 
0.03369 0.829469 
0.0337 0.822928 
0.03371 0.816387 
0.03372 0.809843 
0.03373 0.803298 
0.03374 0.796752 
0.03375 0.790204 
0.03376 0.783656 
0.03377 0.777106 
0.03378 0.770555 
0.03379 0.764004 
0.0338 0.757452 
0.03381 0.750899 
0.03382 0.744346 
0.03383 0.737792 
0.03384 0.731239 
0.03385 0.724685 
0.03386 0.718131 
0.03387 0.711577 
0.03388 0.705024 
0.03389 0.698471 
0.0339 0.691918 
0.03391 0.685366 
0.03392 0.678814 
0.03393 0.672264 
0.03394 0.665714 
0.03395 0.659165 
0.03396 0.652618 
0.03397 0.646072 
0.03398 0.639527 
0.03399 0.632983 
0.034 0.626441 
0.03401 0.619901 
0.03402 0.613363 
0.03403 0.606827 
0.03404 0.600292 
0.03405 0.59376 
0.03406 0.58723 
0.03407 0.580703 
0.03408 0.574178 
0.03409 0.567656 
0.0341 0.561136 
0.03411 0.55462 
0.03412 0.548106 
0.03413 0.541595 
0.03414 0.535088 
0.03415 0.528584 
0.03416 0.522083 
0.03417 0.515586 
0.03418 0.509093 
0.03419 0.502603 
0.0342 0.496118 
0.03421 0.489636 
0.03422 0.483158 
0.03423 0.476685 
0.03424 0.470216 
0.03425 0.463751 
0.03426 0.457291 
0.03427 0.450836 
0.03428 0.444385 
0.03429 0.43794 
0.0343 0.431499 
0.03431 0.425064 
0.03432 0.418634 
0.03433 0.412209 
0.03434 0.40579 
0.03435 0.399376 
0.03436 0.392968 
0.03437 0.386566 
0.03438 0.38017 
0.03439 0.37378 
0.0344 0.367396 
0.03441 0.361018 
0.03442 0.354647 
0.03443 0.348283 
0.03444 0.341924 
0.03445 0.335573 
0.03446 0.329229 
0.03447 0.322891 
0.03448 0.316561 
0.03449 0.310238 
0.0345 0.303922 
0.03451 0.297614 
0.03452 0.291313 
0.03453 0.28502 
0.03454 0.278734 
0.03455 0.272457 
0.03456 0.266188 
0.03457 0.259926 
0.03458 0.253673 
0.03459 0.247428 
0.0346 0.241192 
0.03461 0.234964 
0.03462 0.228745 
0.03463 0.222535 
0.03464 0.216334 
0.03465 0.210142 
0.03466 0.203959 
0.03467 0.197785 
0.03468 0.191621 
0.03469 0.185466 
0.0347 0.179321 
0.03471 0.173185 
0.03472 0.167059 
0.03473 0.160944 
0.03474 0.154838 
0.03475 0.148742 
0.03476 0.142657 
0.03477 0.136582 
0.03478 0.130518 
0.03479 0.124464 
0.0348 0.118422 
0.03481 0.11239 
0.03482 0.106369 
0.03483 0.100359 
0.03484 0.0943601 
0.03485 0.0883728 
0.03486 0.0823969 
0.03487 0.0764325 
0.03488 0.0704799 
0.03489 0.064539 
0.0349 0.05861 
0.03491 0.052693 
0.03492 0.0467882 
0.03493 0.0408956 
0.03494 0.0350154 
0.03495 0.0291476 
0.03496 0.0232925 
0.03497 0.01745 
0.03498 0.0116204 
0.03499 0.00580366 
