0 0
1e-05 0.0100351
2e-05 0.0201398
3e-05 0.0303131
4e-05 0.0405537
5e-05 0.0508608
6e-05 0.0612331
7e-05 0.0716698
8e-05 0.0821697
9e-05 0.0927317
0.0001 0.103355
0.00011 0.114038
0.00012 0.12478
0.00013 0.13558
0.00014 0.146437
0.00015 0.15735
0.00016 0.168317
0.00017 0.179338
0.00018 0.190412
0.00019 0.201537
0.0002 0.212713
0.00021 0.223938
0.00022 0.235212
0.00023 0.246533
0.00024 0.2579
0.00025 0.269312
0.00026 0.280769
0.00027 0.292268
0.00028 0.30381
0.00029 0.315392
0.0003 0.327015
0.00031 0.338676
0.00032 0.350375
0.00033 0.362111
0.00034 0.373883
0.00035 0.385689
0.00036 0.397528
0.00037 0.4094
0.00038 0.421304
0.00039 0.433238
0.0004 0.445201
0.00041 0.457193
0.00042 0.469211
0.00043 0.481256
0.00044 0.493326
0.00045 0.50542
0.00046 0.517537
0.00047 0.529676
0.00048 0.541835
0.00049 0.554015
0.0005 0.566213
0.00051 0.578429
0.00052 0.590661
0.00053 0.602909
0.00054 0.615171
0.00055 0.627447
0.00056 0.639735
0.00057 0.652034
0.00058 0.664344
0.00059 0.676663
0.0006 0.68899
0.00061 0.701324
0.00062 0.713664
0.00063 0.726009
0.00064 0.738358
0.00065 0.75071
0.00066 0.763063
0.00067 0.775417
0.00068 0.787771
0.00069 0.800124
0.0007 0.812473
0.00071 0.82482
0.00072 0.837162
0.00073 0.849498
0.00074 0.861827
0.00075 0.874149
0.00076 0.886462
0.00077 0.898765
0.00078 0.911057
0.00079 0.923337
0.0008 0.935604
0.00081 0.947857
0.00082 0.960094
0.00083 0.972316
0.00084 0.98452
0.00085 0.996705
0.00086 1.00887
0.00087 1.02102
0.00088 1.03314
0.00089 1.04524
0.0009 1.05732
0.00091 1.06937
0.00092 1.0814
0.00093 1.0934
0.00094 1.10538
0.00095 1.11732
0.00096 1.12923
0.00097 1.14112
0.00098 1.15297
0.00099 1.16478
0.001 1.17657
0.00101 1.18832
0.00102 1.20003
0.00103 1.2117
0.00104 1.22334
0.00105 1.23493
0.00106 1.24649
0.00107 1.258
0.00108 1.26947
0.00109 1.2809
0.0011 1.29228
0.00111 1.30362
0.00112 1.31491
0.00113 1.32615
0.00114 1.33734
0.00115 1.34848
0.00116 1.35957
0.00117 1.37061
0.00118 1.3816
0.00119 1.39253
0.0012 1.40341
0.00121 1.41422
0.00122 1.42499
0.00123 1.43569
0.00124 1.44633
0.00125 1.45691
0.00126 1.46744
0.00127 1.47789
0.00128 1.48829
0.00129 1.49862
0.0013 1.50888
0.00131 1.51908
0.00132 1.5292
0.00133 1.53926
0.00134 1.54925
0.00135 1.55917
0.00136 1.56901
0.00137 1.57878
0.00138 1.58848
0.00139 1.5981
0.0014 1.60764
0.00141 1.61711
0.00142 1.6265
0.00143 1.63581
0.00144 1.64503
0.00145 1.65418
0.00146 1.66324
0.00147 1.67222
0.00148 1.68111
0.00149 1.68992
0.0015 1.69864
0.00151 1.70727
0.00152 1.71581
0.00153 1.72426
0.00154 1.73262
0.00155 1.74089
0.00156 1.74907
0.00157 1.75715
0.00158 1.76513
0.00159 1.77302
0.0016 1.78081
0.00161 1.7885
0.00162 1.79609
0.00163 1.80358
0.00164 1.81096
0.00165 1.81825
0.00166 1.82543
0.00167 1.8325
0.00168 1.83947
0.00169 1.84633
0.0017 1.85308
0.00171 1.85973
0.00172 1.86626
0.00173 1.87268
0.00174 1.87899
0.00175 1.88518
0.00176 1.89126
0.00177 1.89723
0.00178 1.90308
0.00179 1.90881
0.0018 1.91442
0.00181 1.91991
0.00182 1.92528
0.00183 1.93052
0.00184 1.93565
0.00185 1.94065
0.00186 1.94552
0.00187 1.95027
0.00188 1.95489
0.00189 1.95938
0.0019 1.96374
0.00191 1.96797
0.00192 1.97207
0.00193 1.97604
0.00194 1.97987
0.00195 1.98357
0.00196 1.98713
0.00197 1.99056
0.00198 1.99384
0.00199 1.99699
0.002 2
0.00201 2.00293
0.00202 2.00586
0.00203 2.00877
0.00204 2.01167
0.00205 2.01457
0.00206 2.01745
0.00207 2.02033
0.00208 2.02319
0.00209 2.02605
0.0021 2.0289
0.00211 2.03174
0.00212 2.03457
0.00213 2.03738
0.00214 2.04019
0.00215 2.04299
0.00216 2.04579
0.00217 2.04857
0.00218 2.05134
0.00219 2.0541
0.0022 2.05686
0.00221 2.0596
0.00222 2.06234
0.00223 2.06507
0.00224 2.06778
0.00225 2.07049
0.00226 2.07319
0.00227 2.07588
0.00228 2.07856
0.00229 2.08123
0.0023 2.0839
0.00231 2.08655
0.00232 2.08919
0.00233 2.09183
0.00234 2.09446
0.00235 2.09707
0.00236 2.09968
0.00237 2.10228
0.00238 2.10487
0.00239 2.10745
0.0024 2.11002
0.00241 2.11259
0.00242 2.11514
0.00243 2.11769
0.00244 2.12023
0.00245 2.12275
0.00246 2.12527
0.00247 2.12778
0.00248 2.13028
0.00249 2.13278
0.0025 2.13526
0.00251 2.13774
0.00252 2.1402
0.00253 2.14266
0.00254 2.14511
0.00255 2.14755
0.00256 2.14998
0.00257 2.1524
0.00258 2.15482
0.00259 2.15722
0.0026 2.15962
0.00261 2.16201
0.00262 2.16439
0.00263 2.16676
0.00264 2.16912
0.00265 2.17148
0.00266 2.17382
0.00267 2.17616
0.00268 2.17849
0.00269 2.18081
0.0027 2.18312
0.00271 2.18542
0.00272 2.18772
0.00273 2.19
0.00274 2.19228
0.00275 2.19455
0.00276 2.19681
0.00277 2.19906
0.00278 2.20131
0.00279 2.20354
0.0028 2.20577
0.00281 2.20799
0.00282 2.2102
0.00283 2.2124
0.00284 2.2146
0.00285 2.21678
0.00286 2.21896
0.00287 2.22113
0.00288 2.22329
0.00289 2.22545
0.0029 2.22759
0.00291 2.22973
0.00292 2.23186
0.00293 2.23398
0.00294 2.23609
0.00295 2.2382
0.00296 2.24029
0.00297 2.24238
0.00298 2.24446
0.00299 2.24653
0.003 2.2486
0.00301 2.25065
0.00302 2.2527
0.00303 2.25474
0.00304 2.25677
0.00305 2.2588
0.00306 2.26082
0.00307 2.26282
0.00308 2.26483
0.00309 2.26682
0.0031 2.2688
0.00311 2.27078
0.00312 2.27275
0.00313 2.27471
0.00314 2.27667
0.00315 2.27861
0.00316 2.28055
0.00317 2.28248
0.00318 2.2844
0.00319 2.28632
0.0032 2.28822
0.00321 2.29012
0.00322 2.29202
0.00323 2.2939
0.00324 2.29578
0.00325 2.29765
0.00326 2.29951
0.00327 2.30136
0.00328 2.30321
0.00329 2.30505
0.0033 2.30688
0.00331 2.3087
0.00332 2.31052
0.00333 2.31232
0.00334 2.31413
0.00335 2.31592
0.00336 2.31771
0.00337 2.31948
0.00338 2.32126
0.00339 2.32302
0.0034 2.32478
0.00341 2.32652
0.00342 2.32827
0.00343 2.33
0.00344 2.33173
0.00345 2.33345
0.00346 2.33516
0.00347 2.33686
0.00348 2.33856
0.00349 2.34025
0.0035 2.34194
0.00351 2.34361
0.00352 2.34528
0.00353 2.34694
0.00354 2.3486
0.00355 2.35024
0.00356 2.35188
0.00357 2.35352
0.00358 2.35514
0.00359 2.35676
0.0036 2.35837
0.00361 2.35998
0.00362 2.36157
0.00363 2.36316
0.00364 2.36475
0.00365 2.36632
0.00366 2.36789
0.00367 2.36946
0.00368 2.37101
0.00369 2.37256
0.0037 2.3741
0.00371 2.37564
0.00372 2.37716
0.00373 2.37869
0.00374 2.3802
0.00375 2.38171
0.00376 2.38321
0.00377 2.3847
0.00378 2.38619
0.00379 2.38767
0.0038 2.38914
0.00381 2.39061
0.00382 2.39207
0.00383 2.39352
0.00384 2.39496
0.00385 2.3964
0.00386 2.39784
0.00387 2.39926
0.00388 2.40068
0.00389 2.40209
0.0039 2.4035
0.00391 2.4049
0.00392 2.40629
0.00393 2.40768
0.00394 2.40906
0.00395 2.41043
0.00396 2.4118
0.00397 2.41316
0.00398 2.41451
0.00399 2.41586
0.004 2.4172
0.00401 2.41853
0.00402 2.41986
0.00403 2.42118
0.00404 2.4225
0.00405 2.42381
0.00406 2.42511
0.00407 2.4264
0.00408 2.42769
0.00409 2.42898
0.0041 2.43025
0.00411 2.43152
0.00412 2.43279
0.00413 2.43405
0.00414 2.4353
0.00415 2.43654
0.00416 2.43778
0.00417 2.43902
0.00418 2.44024
0.00419 2.44146
0.0042 2.44268
0.00421 2.44389
0.00422 2.44509
0.00423 2.44628
0.00424 2.44747
0.00425 2.44866
0.00426 2.44983
0.00427 2.45101
0.00428 2.45217
0.00429 2.45333
0.0043 2.45449
0.00431 2.45563
0.00432 2.45677
0.00433 2.45791
0.00434 2.45904
0.00435 2.46016
0.00436 2.46128
0.00437 2.46239
0.00438 2.4635
0.00439 2.4646
0.0044 2.46569
0.00441 2.46678
0.00442 2.46786
0.00443 2.46894
0.00444 2.47001
0.00445 2.47108
0.00446 2.47214
0.00447 2.47319
0.00448 2.47424
0.00449 2.47528
0.0045 2.47632
0.00451 2.47735
0.00452 2.47837
0.00453 2.47939
0.00454 2.48041
0.00455 2.48142
0.00456 2.48242
0.00457 2.48342
0.00458 2.48441
0.00459 2.48539
0.0046 2.48637
0.00461 2.48735
0.00462 2.48832
0.00463 2.48928
0.00464 2.49024
0.00465 2.49119
0.00466 2.49214
0.00467 2.49308
0.00468 2.49402
0.00469 2.49495
0.0047 2.49588
0.00471 2.4968
0.00472 2.49771
0.00473 2.49862
0.00474 2.49952
0.00475 2.50042
0.00476 2.50132
0.00477 2.50221
0.00478 2.50309
0.00479 2.50397
0.0048 2.50484
0.00481 2.50571
0.00482 2.50657
0.00483 2.50743
0.00484 2.50828
0.00485 2.50912
0.00486 2.50997
0.00487 2.5108
0.00488 2.51163
0.00489 2.51246
0.0049 2.51328
0.00491 2.5141
0.00492 2.51491
0.00493 2.51571
0.00494 2.51651
0.00495 2.51731
0.00496 2.5181
0.00497 2.51889
0.00498 2.51967
0.00499 2.52044
0.005 2.52121
0.00501 2.52198
0.00502 2.52274
0.00503 2.5235
0.00504 2.52425
0.00505 2.525
0.00506 2.52574
0.00507 2.52647
0.00508 2.52721
0.00509 2.52793
0.0051 2.52866
0.00511 2.52937
0.00512 2.53009
0.00513 2.5308
0.00514 2.5315
0.00515 2.5322
0.00516 2.53289
0.00517 2.53358
0.00518 2.53427
0.00519 2.53495
0.0052 2.53562
0.00521 2.53629
0.00522 2.53696
0.00523 2.53762
0.00524 2.53828
0.00525 2.53893
0.00526 2.53958
0.00527 2.54022
0.00528 2.54086
0.00529 2.5415
0.0053 2.54213
0.00531 2.54275
0.00532 2.54337
0.00533 2.54399
0.00534 2.5446
0.00535 2.54521
0.00536 2.54582
0.00537 2.54641
0.00538 2.54701
0.00539 2.5476
0.0054 2.54819
0.00541 2.54877
0.00542 2.54935
0.00543 2.54992
0.00544 2.55049
0.00545 2.55105
0.00546 2.55161
0.00547 2.55217
0.00548 2.55272
0.00549 2.55327
0.0055 2.55382
0.00551 2.55436
0.00552 2.55489
0.00553 2.55542
0.00554 2.55595
0.00555 2.55647
0.00556 2.55699
0.00557 2.55751
0.00558 2.55802
0.00559 2.55853
0.0056 2.55903
0.00561 2.55953
0.00562 2.56002
0.00563 2.56052
0.00564 2.561
0.00565 2.56149
0.00566 2.56197
0.00567 2.56244
0.00568 2.56291
0.00569 2.56338
0.0057 2.56384
0.00571 2.5643
0.00572 2.56476
0.00573 2.56521
0.00574 2.56566
0.00575 2.56611
0.00576 2.56655
0.00577 2.56699
0.00578 2.56742
0.00579 2.56785
0.0058 2.56828
0.00581 2.5687
0.00582 2.56912
0.00583 2.56953
0.00584 2.56994
0.00585 2.57035
0.00586 2.57076
0.00587 2.57116
0.00588 2.57155
0.00589 2.57195
0.0059 2.57234
0.00591 2.57272
0.00592 2.57311
0.00593 2.57349
0.00594 2.57386
0.00595 2.57424
0.00596 2.5746
0.00597 2.57497
0.00598 2.57533
0.00599 2.57569
0.006 2.57605
0.00601 2.5764
0.00602 2.57675
0.00603 2.57709
0.00604 2.57743
0.00605 2.57777
0.00606 2.57811
0.00607 2.57844
0.00608 2.57877
0.00609 2.5791
0.0061 2.57942
0.00611 2.57974
0.00612 2.58005
0.00613 2.58037
0.00614 2.58068
0.00615 2.58098
0.00616 2.58129
0.00617 2.58159
0.00618 2.58188
0.00619 2.58218
0.0062 2.58247
0.00621 2.58275
0.00622 2.58304
0.00623 2.58332
0.00624 2.5836
0.00625 2.58388
0.00626 2.58415
0.00627 2.58442
0.00628 2.58468
0.00629 2.58495
0.0063 2.58521
0.00631 2.58547
0.00632 2.58572
0.00633 2.58597
0.00634 2.58622
0.00635 2.58647
0.00636 2.58671
0.00637 2.58695
0.00638 2.58719
0.00639 2.58743
0.0064 2.58766
0.00641 2.58789
0.00642 2.58812
0.00643 2.58834
0.00644 2.58856
0.00645 2.58878
0.00646 2.589
0.00647 2.58921
0.00648 2.58942
0.00649 2.58963
0.0065 2.58983
0.00651 2.59004
0.00652 2.59024
0.00653 2.59043
0.00654 2.59063
0.00655 2.59082
0.00656 2.59101
0.00657 2.5912
0.00658 2.59139
0.00659 2.59157
0.0066 2.59175
0.00661 2.59193
0.00662 2.5921
0.00663 2.59227
0.00664 2.59244
0.00665 2.59261
0.00666 2.59278
0.00667 2.59294
0.00668 2.5931
0.00669 2.59326
0.0067 2.59342
0.00671 2.59357
0.00672 2.59372
0.00673 2.59387
0.00674 2.59402
0.00675 2.59416
0.00676 2.59431
0.00677 2.59445
0.00678 2.59458
0.00679 2.59472
0.0068 2.59485
0.00681 2.59499
0.00682 2.59512
0.00683 2.59524
0.00684 2.59537
0.00685 2.59549
0.00686 2.59561
0.00687 2.59573
0.00688 2.59585
0.00689 2.59597
0.0069 2.59608
0.00691 2.59619
0.00692 2.5963
0.00693 2.59641
0.00694 2.59651
0.00695 2.59661
0.00696 2.59672
0.00697 2.59682
0.00698 2.59691
0.00699 2.59701
0.007 2.5971
0.00701 2.5972
0.00702 2.59729
0.00703 2.59737
0.00704 2.59746
0.00705 2.59755
0.00706 2.59763
0.00707 2.59771
0.00708 2.59779
0.00709 2.59787
0.0071 2.59794
0.00711 2.59802
0.00712 2.59809
0.00713 2.59816
0.00714 2.59823
0.00715 2.5983
0.00716 2.59837
0.00717 2.59843
0.00718 2.5985
0.00719 2.59856
0.0072 2.59862
0.00721 2.59868
0.00722 2.59873
0.00723 2.59879
0.00724 2.59884
0.00725 2.5989
0.00726 2.59895
0.00727 2.599
0.00728 2.59904
0.00729 2.59909
0.0073 2.59914
0.00731 2.59918
0.00732 2.59922
0.00733 2.59927
0.00734 2.59931
0.00735 2.59934
0.00736 2.59938
0.00737 2.59942
0.00738 2.59945
0.00739 2.59949
0.0074 2.59952
0.00741 2.59955
0.00742 2.59958
0.00743 2.59961
0.00744 2.59964
0.00745 2.59966
0.00746 2.59969
0.00747 2.59971
0.00748 2.59974
0.00749 2.59976
0.0075 2.59978
0.00751 2.5998
0.00752 2.59982
0.00753 2.59984
0.00754 2.59985
0.00755 2.59987
0.00756 2.59988
0.00757 2.5999
0.00758 2.59991
0.00759 2.59992
0.0076 2.59993
0.00761 2.59994
0.00762 2.59995
0.00763 2.59996
0.00764 2.59997
0.00765 2.59998
0.00766 2.59998
0.00767 2.59999
0.00768 2.59999
0.00769 2.59999
0.0077 2.6
0.00771 2.6
0.00772 2.6
0.00773 2.6
0.00774 2.6
0.00775 2.6
0.00776 2.6
0.00777 2.6
0.00778 2.6
0.00779 2.6
0.0078 2.6
0.00781 2.6
0.00782 2.6
0.00783 2.6
0.00784 2.6
0.00785 2.6
0.00786 2.6
0.00787 2.6
0.00788 2.6
0.00789 2.6
0.0079 2.6
0.00791 2.6
0.00792 2.6
0.00793 2.6
0.00794 2.6
0.00795 2.6
0.00796 2.6
0.00797 2.6
0.00798 2.6
0.00799 2.6
0.008 2.6
0.00801 2.6
0.00802 2.6
0.00803 2.6
0.00804 2.6
0.00805 2.6
0.00806 2.6
0.00807 2.6
0.00808 2.6
0.00809 2.6
0.0081 2.6
0.00811 2.6
0.00812 2.6
0.00813 2.6
0.00814 2.6
0.00815 2.6
0.00816 2.6
0.00817 2.6
0.00818 2.6
0.00819 2.6
0.0082 2.6
0.00821 2.6
0.00822 2.6
0.00823 2.6
0.00824 2.6
0.00825 2.6
0.00826 2.6
0.00827 2.6
0.00828 2.6
0.00829 2.6
0.0083 2.6
0.00831 2.6
0.00832 2.6
0.00833 2.6
0.00834 2.6
0.00835 2.6
0.00836 2.6
0.00837 2.6
0.00838 2.6
0.00839 2.6
0.0084 2.6
0.00841 2.6
0.00842 2.6
0.00843 2.6
0.00844 2.6
0.00845 2.6
0.00846 2.6
0.00847 2.6
0.00848 2.6
0.00849 2.6
0.0085 2.6
0.00851 2.6
0.00852 2.6
0.00853 2.6
0.00854 2.6
0.00855 2.6
0.00856 2.6
0.00857 2.6
0.00858 2.6
0.00859 2.6
0.0086 2.6
0.00861 2.6
0.00862 2.6
0.00863 2.6
0.00864 2.6
0.00865 2.6
0.00866 2.6
0.00867 2.6
0.00868 2.6
0.00869 2.6
0.0087 2.6
0.00871 2.6
0.00872 2.6
0.00873 2.6
0.00874 2.6
0.00875 2.6
0.00876 2.6
0.00877 2.6
0.00878 2.6
0.00879 2.6
0.0088 2.6
0.00881 2.6
0.00882 2.6
0.00883 2.6
0.00884 2.6
0.00885 2.6
0.00886 2.6
0.00887 2.6
0.00888 2.6
0.00889 2.6
0.0089 2.6
0.00891 2.6
0.00892 2.6
0.00893 2.6
0.00894 2.6
0.00895 2.6
0.00896 2.6
0.00897 2.6
0.00898 2.6
0.00899 2.6
0.009 2.6
0.00901 2.6
0.00902 2.6
0.00903 2.6
0.00904 2.6
0.00905 2.6
0.00906 2.6
0.00907 2.6
0.00908 2.6
0.00909 2.6
0.0091 2.6
0.00911 2.6
0.00912 2.6
0.00913 2.6
0.00914 2.6
0.00915 2.6
0.00916 2.6
0.00917 2.6
0.00918 2.6
0.00919 2.6
0.0092 2.6
0.00921 2.6
0.00922 2.6
0.00923 2.6
0.00924 2.6
0.00925 2.6
0.00926 2.6
0.00927 2.6
0.00928 2.6
0.00929 2.6
0.0093 2.6
0.00931 2.6
0.00932 2.6
0.00933 2.6
0.00934 2.6
0.00935 2.6
0.00936 2.6
0.00937 2.6
0.00938 2.6
0.00939 2.6
0.0094 2.6
0.00941 2.6
0.00942 2.6
0.00943 2.6
0.00944 2.6
0.00945 2.6
0.00946 2.6
0.00947 2.6
0.00948 2.6
0.00949 2.6
0.0095 2.6
0.00951 2.6
0.00952 2.6
0.00953 2.6
0.00954 2.6
0.00955 2.6
0.00956 2.6
0.00957 2.6
0.00958 2.6
0.00959 2.6
0.0096 2.6
0.00961 2.6
0.00962 2.6
0.00963 2.6
0.00964 2.6
0.00965 2.6
0.00966 2.6
0.00967 2.6
0.00968 2.6
0.00969 2.6
0.0097 2.6
0.00971 2.6
0.00972 2.6
0.00973 2.6
0.00974 2.6
0.00975 2.6
0.00976 2.6
0.00977 2.6
0.00978 2.6
0.00979 2.6
0.0098 2.6
0.00981 2.6
0.00982 2.6
0.00983 2.6
0.00984 2.6
0.00985 2.6
0.00986 2.6
0.00987 2.6
0.00988 2.6
0.00989 2.6
0.0099 2.6
0.00991 2.6
0.00992 2.6
0.00993 2.6
0.00994 2.6
0.00995 2.6
0.00996 2.6
0.00997 2.6
0.00998 2.6
0.00999 2.6
0.01 2.6
0.01001 2.6
0.01002 2.6
0.01003 2.6
0.01004 2.6
0.01005 2.6
0.01006 2.6
0.01007 2.6
0.01008 2.6
0.01009 2.6
0.0101 2.6
0.01011 2.6
0.01012 2.6
0.01013 2.6
0.01014 2.6
0.01015 2.6
0.01016 2.6
0.01017 2.6
0.01018 2.6
0.01019 2.6
0.0102 2.6
0.01021 2.6
0.01022 2.6
0.01023 2.6
0.01024 2.6
0.01025 2.6
0.01026 2.6
0.01027 2.6
0.01028 2.6
0.01029 2.6
0.0103 2.6
0.01031 2.6
0.01032 2.6
0.01033 2.6
0.01034 2.6
0.01035 2.6
0.01036 2.6
0.01037 2.6
0.01038 2.6
0.01039 2.6
0.0104 2.6
0.01041 2.6
0.01042 2.6
0.01043 2.6
0.01044 2.6
0.01045 2.6
0.01046 2.6
0.01047 2.6
0.01048 2.6
0.01049 2.6
0.0105 2.6
0.01051 2.6
0.01052 2.6
0.01053 2.6
0.01054 2.6
0.01055 2.6
0.01056 2.6
0.01057 2.6
0.01058 2.6
0.01059 2.6
0.0106 2.6
0.01061 2.6
0.01062 2.6
0.01063 2.6
0.01064 2.6
0.01065 2.6
0.01066 2.6
0.01067 2.6
0.01068 2.6
0.01069 2.6
0.0107 2.6
0.01071 2.6
0.01072 2.6
0.01073 2.6
0.01074 2.6
0.01075 2.6
0.01076 2.6
0.01077 2.6
0.01078 2.6
0.01079 2.6
0.0108 2.6
0.01081 2.6
0.01082 2.6
0.01083 2.6
0.01084 2.6
0.01085 2.6
0.01086 2.6
0.01087 2.6
0.01088 2.6
0.01089 2.6
0.0109 2.6
0.01091 2.6
0.01092 2.6
0.01093 2.6
0.01094 2.6
0.01095 2.6
0.01096 2.6
0.01097 2.6
0.01098 2.6
0.01099 2.6
0.011 2.6
0.01101 2.6
0.01102 2.6
0.01103 2.6
0.01104 2.6
0.01105 2.6
0.01106 2.6
0.01107 2.6
0.01108 2.6
0.01109 2.6
0.0111 2.6
0.01111 2.6
0.01112 2.6
0.01113 2.6
0.01114 2.6
0.01115 2.6
0.01116 2.6
0.01117 2.6
0.01118 2.6
0.01119 2.6
0.0112 2.6
0.01121 2.6
0.01122 2.6
0.01123 2.6
0.01124 2.6
0.01125 2.6
0.01126 2.6
0.01127 2.6
0.01128 2.6
0.01129 2.6
0.0113 2.6
0.01131 2.6
0.01132 2.6
0.01133 2.6
0.01134 2.6
0.01135 2.6
0.01136 2.6
0.01137 2.6
0.01138 2.6
0.01139 2.6
0.0114 2.6
0.01141 2.6
0.01142 2.6
0.01143 2.6
0.01144 2.6
0.01145 2.6
0.01146 2.6
0.01147 2.6
0.01148 2.6
0.01149 2.6
0.0115 2.6
0.01151 2.6
0.01152 2.6
0.01153 2.6
0.01154 2.6
0.01155 2.6
0.01156 2.6
0.01157 2.6
0.01158 2.6
0.01159 2.6
0.0116 2.6
0.01161 2.6
0.01162 2.6
0.01163 2.6
0.01164 2.6
0.01165 2.6
0.01166 2.6
0.01167 2.6
0.01168 2.6
0.01169 2.6
0.0117 2.6
0.01171 2.6
0.01172 2.6
0.01173 2.6
0.01174 2.6
0.01175 2.6
0.01176 2.6
0.01177 2.6
0.01178 2.6
0.01179 2.6
0.0118 2.6
0.01181 2.6
0.01182 2.6
0.01183 2.6
0.01184 2.6
0.01185 2.6
0.01186 2.6
0.01187 2.6
0.01188 2.6
0.01189 2.6
0.0119 2.6
0.01191 2.6
0.01192 2.6
0.01193 2.6
0.01194 2.6
0.01195 2.6
0.01196 2.6
0.01197 2.6
0.01198 2.6
0.01199 2.6
0.012 2.6
0.01201 2.6
0.01202 2.6
0.01203 2.6
0.01204 2.6
0.01205 2.6
0.01206 2.6
0.01207 2.6
0.01208 2.6
0.01209 2.6
0.0121 2.6
0.01211 2.6
0.01212 2.6
0.01213 2.6
0.01214 2.6
0.01215 2.6
0.01216 2.6
0.01217 2.6
0.01218 2.6
0.01219 2.6
0.0122 2.6
0.01221 2.6
0.01222 2.6
0.01223 2.6
0.01224 2.6
0.01225 2.6
0.01226 2.6
0.01227 2.6
0.01228 2.6
0.01229 2.6
0.0123 2.6
0.01231 2.6
0.01232 2.6
0.01233 2.6
0.01234 2.6
0.01235 2.6
0.01236 2.6
0.01237 2.6
0.01238 2.6
0.01239 2.6
0.0124 2.6
0.01241 2.6
0.01242 2.6
0.01243 2.6
0.01244 2.6
0.01245 2.6
0.01246 2.6
0.01247 2.6
0.01248 2.6
0.01249 2.6
0.0125 2.6
0.01251 2.6
0.01252 2.6
0.01253 2.6
0.01254 2.6
0.01255 2.6
0.01256 2.6
0.01257 2.6
0.01258 2.6
0.01259 2.6
0.0126 2.6
0.01261 2.6
0.01262 2.6
0.01263 2.6
0.01264 2.6
0.01265 2.6
0.01266 2.6
0.01267 2.6
0.01268 2.6
0.01269 2.6
0.0127 2.6
0.01271 2.6
0.01272 2.6
0.01273 2.6
0.01274 2.6
0.01275 2.6
0.01276 2.6
0.01277 2.6
0.01278 2.6
0.01279 2.6
0.0128 2.6
0.01281 2.6
0.01282 2.6
0.01283 2.6
0.01284 2.6
0.01285 2.6
0.01286 2.6
0.01287 2.6
0.01288 2.6
0.01289 2.6
0.0129 2.6
0.01291 2.6
0.01292 2.6
0.01293 2.6
0.01294 2.6
0.01295 2.6
0.01296 2.6
0.01297 2.6
0.01298 2.6
0.01299 2.6
0.013 2.6
0.01301 2.6
0.01302 2.6
0.01303 2.6
0.01304 2.6
0.01305 2.6
0.01306 2.6
0.01307 2.6
0.01308 2.6
0.01309 2.6
0.0131 2.6
0.01311 2.6
0.01312 2.6
0.01313 2.6
0.01314 2.6
0.01315 2.6
0.01316 2.6
0.01317 2.6
0.01318 2.6
0.01319 2.6
0.0132 2.6
0.01321 2.6
0.01322 2.6
0.01323 2.6
0.01324 2.6
0.01325 2.6
0.01326 2.6
0.01327 2.6
0.01328 2.6
0.01329 2.6
0.0133 2.6
0.01331 2.6
0.01332 2.6
0.01333 2.6
0.01334 2.6
0.01335 2.6
0.01336 2.6
0.01337 2.6
0.01338 2.6
0.01339 2.6
0.0134 2.6
0.01341 2.6
0.01342 2.6
0.01343 2.6
0.01344 2.6
0.01345 2.6
0.01346 2.6
0.01347 2.6
0.01348 2.6
0.01349 2.6
0.0135 2.6
0.01351 2.6
0.01352 2.6
0.01353 2.6
0.01354 2.6
0.01355 2.6
0.01356 2.6
0.01357 2.6
0.01358 2.6
0.01359 2.6
0.0136 2.6
0.01361 2.6
0.01362 2.6
0.01363 2.6
0.01364 2.6
0.01365 2.6
0.01366 2.6
0.01367 2.6
0.01368 2.6
0.01369 2.6
0.0137 2.6
0.01371 2.6
0.01372 2.6
0.01373 2.6
0.01374 2.6
0.01375 2.6
0.01376 2.6
0.01377 2.6
0.01378 2.6
0.01379 2.6
0.0138 2.6
0.01381 2.6
0.01382 2.6
0.01383 2.6
0.01384 2.6
0.01385 2.6
0.01386 2.6
0.01387 2.6
0.01388 2.6
0.01389 2.6
0.0139 2.6
0.01391 2.6
0.01392 2.6
0.01393 2.6
0.01394 2.6
0.01395 2.6
0.01396 2.6
0.01397 2.6
0.01398 2.6
0.01399 2.6
0.014 2.6
0.01401 2.6
0.01402 2.6
0.01403 2.6
0.01404 2.6
0.01405 2.6
0.01406 2.6
0.01407 2.6
0.01408 2.6
0.01409 2.6
0.0141 2.6
0.01411 2.6
0.01412 2.6
0.01413 2.6
0.01414 2.6
0.01415 2.6
0.01416 2.6
0.01417 2.6
0.01418 2.6
0.01419 2.6
0.0142 2.6
0.01421 2.6
0.01422 2.6
0.01423 2.6
0.01424 2.6
0.01425 2.6
0.01426 2.6
0.01427 2.6
0.01428 2.6
0.01429 2.6
0.0143 2.6
0.01431 2.6
0.01432 2.6
0.01433 2.6
0.01434 2.6
0.01435 2.6
0.01436 2.6
0.01437 2.6
0.01438 2.6
0.01439 2.6
0.0144 2.6
0.01441 2.6
0.01442 2.6
0.01443 2.6
0.01444 2.6
0.01445 2.6
0.01446 2.6
0.01447 2.6
0.01448 2.6
0.01449 2.6
0.0145 2.6
0.01451 2.6
0.01452 2.6
0.01453 2.6
0.01454 2.6
0.01455 2.6
0.01456 2.6
0.01457 2.6
0.01458 2.6
0.01459 2.6
0.0146 2.6
0.01461 2.6
0.01462 2.6
0.01463 2.6
0.01464 2.6
0.01465 2.6
0.01466 2.6
0.01467 2.6
0.01468 2.6
0.01469 2.6
0.0147 2.6
0.01471 2.6
0.01472 2.6
0.01473 2.6
0.01474 2.6
0.01475 2.6
0.01476 2.6
0.01477 2.6
0.01478 2.6
0.01479 2.6
0.0148 2.6
0.01481 2.6
0.01482 2.6
0.01483 2.6
0.01484 2.6
0.01485 2.6
0.01486 2.6
0.01487 2.6
0.01488 2.6
0.01489 2.6
0.0149 2.6
0.01491 2.6
0.01492 2.6
0.01493 2.6
0.01494 2.6
0.01495 2.6
0.01496 2.6
0.01497 2.6
0.01498 2.6
0.01499 2.6
0.015 2.6
0.01501 2.6
0.01502 2.6
0.01503 2.6
0.01504 2.6
0.01505 2.6
0.01506 2.6
0.01507 2.6
0.01508 2.6
0.01509 2.6
0.0151 2.6
0.01511 2.6
0.01512 2.6
0.01513 2.6
0.01514 2.6
0.01515 2.6
0.01516 2.6
0.01517 2.6
0.01518 2.6
0.01519 2.6
0.0152 2.6
0.01521 2.6
0.01522 2.6
0.01523 2.6
0.01524 2.6
0.01525 2.6
0.01526 2.6
0.01527 2.6
0.01528 2.6
0.01529 2.6
0.0153 2.6
0.01531 2.6
0.01532 2.6
0.01533 2.6
0.01534 2.6
0.01535 2.6
0.01536 2.6
0.01537 2.6
0.01538 2.6
0.01539 2.6
0.0154 2.6
0.01541 2.6
0.01542 2.6
0.01543 2.6
0.01544 2.6
0.01545 2.6
0.01546 2.6
0.01547 2.6
0.01548 2.6
0.01549 2.6
0.0155 2.6
0.01551 2.6
0.01552 2.6
0.01553 2.6
0.01554 2.6
0.01555 2.6
0.01556 2.6
0.01557 2.6
0.01558 2.6
0.01559 2.6
0.0156 2.6
0.01561 2.6
0.01562 2.6
0.01563 2.6
0.01564 2.6
0.01565 2.6
0.01566 2.6
0.01567 2.6
0.01568 2.6
0.01569 2.6
0.0157 2.6
0.01571 2.6
0.01572 2.6
0.01573 2.6
0.01574 2.6
0.01575 2.6
0.01576 2.6
0.01577 2.6
0.01578 2.6
0.01579 2.6
0.0158 2.6
0.01581 2.6
0.01582 2.6
0.01583 2.6
0.01584 2.6
0.01585 2.6
0.01586 2.6
0.01587 2.6
0.01588 2.6
0.01589 2.6
0.0159 2.6
0.01591 2.6
0.01592 2.6
0.01593 2.6
0.01594 2.6
0.01595 2.6
0.01596 2.6
0.01597 2.6
0.01598 2.6
0.01599 2.6
0.016 2.6
0.01601 2.6
0.01602 2.6
0.01603 2.6
0.01604 2.6
0.01605 2.6
0.01606 2.6
0.01607 2.6
0.01608 2.6
0.01609 2.6
0.0161 2.6
0.01611 2.6
0.01612 2.6
0.01613 2.6
0.01614 2.6
0.01615 2.6
0.01616 2.6
0.01617 2.6
0.01618 2.6
0.01619 2.6
0.0162 2.6
0.01621 2.6
0.01622 2.6
0.01623 2.6
0.01624 2.6
0.01625 2.6
0.01626 2.6
0.01627 2.6
0.01628 2.6
0.01629 2.6
0.0163 2.6
0.01631 2.6
0.01632 2.6
0.01633 2.6
0.01634 2.6
0.01635 2.6
0.01636 2.6
0.01637 2.6
0.01638 2.6
0.01639 2.6
0.0164 2.6
0.01641 2.6
0.01642 2.6
0.01643 2.6
0.01644 2.6
0.01645 2.6
0.01646 2.6
0.01647 2.6
0.01648 2.6
0.01649 2.6
0.0165 2.6
0.01651 2.6
0.01652 2.6
0.01653 2.6
0.01654 2.6
0.01655 2.6
0.01656 2.6
0.01657 2.6
0.01658 2.6
0.01659 2.6
0.0166 2.6
0.01661 2.6
0.01662 2.6
0.01663 2.6
0.01664 2.6
0.01665 2.6
0.01666 2.6
0.01667 2.6
0.01668 2.6
0.01669 2.6
0.0167 2.6
0.01671 2.6
0.01672 2.6
0.01673 2.6
0.01674 2.6
0.01675 2.6
0.01676 2.6
0.01677 2.6
0.01678 2.6
0.01679 2.6
0.0168 2.6
0.01681 2.6
0.01682 2.6
0.01683 2.6
0.01684 2.6
0.01685 2.6
0.01686 2.6
0.01687 2.6
0.01688 2.6
0.01689 2.6
0.0169 2.6
0.01691 2.6
0.01692 2.6
0.01693 2.6
0.01694 2.6
0.01695 2.6
0.01696 2.6
0.01697 2.6
0.01698 2.6
0.01699 2.6
0.017 2.6
0.01701 2.6
0.01702 2.6
0.01703 2.6
0.01704 2.6
0.01705 2.6
0.01706 2.6
0.01707 2.6
0.01708 2.6
0.01709 2.6
0.0171 2.6
0.01711 2.6
0.01712 2.6
0.01713 2.6
0.01714 2.6
0.01715 2.6
0.01716 2.6
0.01717 2.6
0.01718 2.6
0.01719 2.6
0.0172 2.6
0.01721 2.6
0.01722 2.6
0.01723 2.6
0.01724 2.6
0.01725 2.6
0.01726 2.6
0.01727 2.6
0.01728 2.6
0.01729 2.6
0.0173 2.6
0.01731 2.6
0.01732 2.6
0.01733 2.6
0.01734 2.6
0.01735 2.6
0.01736 2.6
0.01737 2.6
0.01738 2.6
0.01739 2.6
0.0174 2.6
0.01741 2.6
0.01742 2.6
0.01743 2.6
0.01744 2.6
0.01745 2.6
0.01746 2.6
0.01747 2.6
0.01748 2.6
0.01749 2.6
0.0175 2.6
0.01751 2.6
0.01752 2.6
0.01753 2.6
0.01754 2.6
0.01755 2.6
0.01756 2.6
0.01757 2.6
0.01758 2.6
0.01759 2.6
0.0176 2.6
0.01761 2.6
0.01762 2.6
0.01763 2.6
0.01764 2.6
0.01765 2.6
0.01766 2.6
0.01767 2.6
0.01768 2.6
0.01769 2.6
0.0177 2.6
0.01771 2.6
0.01772 2.6
0.01773 2.6
0.01774 2.6
0.01775 2.6
0.01776 2.6
0.01777 2.6
0.01778 2.6
0.01779 2.6
0.0178 2.6
0.01781 2.6
0.01782 2.6
0.01783 2.6
0.01784 2.6
0.01785 2.6
0.01786 2.6
0.01787 2.6
0.01788 2.6
0.01789 2.6
0.0179 2.6
0.01791 2.6
0.01792 2.6
0.01793 2.6
0.01794 2.6
0.01795 2.6
0.01796 2.6
0.01797 2.6
0.01798 2.6
0.01799 2.6
0.018 2.6
0.01801 2.6
0.01802 2.6
0.01803 2.6
0.01804 2.6
0.01805 2.6
0.01806 2.6
0.01807 2.6
0.01808 2.6
0.01809 2.6
0.0181 2.6
0.01811 2.6
0.01812 2.6
0.01813 2.6
0.01814 2.6
0.01815 2.6
0.01816 2.6
0.01817 2.6
0.01818 2.6
0.01819 2.6
0.0182 2.6
0.01821 2.6
0.01822 2.6
0.01823 2.6
0.01824 2.6
0.01825 2.6
0.01826 2.6
0.01827 2.6
0.01828 2.6
0.01829 2.6
0.0183 2.6
0.01831 2.6
0.01832 2.6
0.01833 2.6
0.01834 2.6
0.01835 2.6
0.01836 2.6
0.01837 2.6
0.01838 2.6
0.01839 2.6
0.0184 2.6
0.01841 2.6
0.01842 2.6
0.01843 2.6
0.01844 2.6
0.01845 2.6
0.01846 2.6
0.01847 2.6
0.01848 2.6
0.01849 2.6
0.0185 2.6
0.01851 2.6
0.01852 2.6
0.01853 2.6
0.01854 2.6
0.01855 2.6
0.01856 2.6
0.01857 2.6
0.01858 2.6
0.01859 2.6
0.0186 2.6
0.01861 2.6
0.01862 2.6
0.01863 2.6
0.01864 2.6
0.01865 2.6
0.01866 2.6
0.01867 2.6
0.01868 2.6
0.01869 2.6
0.0187 2.6
0.01871 2.6
0.01872 2.6
0.01873 2.6
0.01874 2.6
0.01875 2.6
0.01876 2.6
0.01877 2.6
0.01878 2.6
0.01879 2.6
0.0188 2.6
0.01881 2.6
0.01882 2.6
0.01883 2.6
0.01884 2.6
0.01885 2.6
0.01886 2.6
0.01887 2.6
0.01888 2.6
0.01889 2.6
0.0189 2.6
0.01891 2.6
0.01892 2.6
0.01893 2.6
0.01894 2.6
0.01895 2.6
0.01896 2.6
0.01897 2.6
0.01898 2.6
0.01899 2.6
0.019 2.6
0.01901 2.6
0.01902 2.6
0.01903 2.6
0.01904 2.6
0.01905 2.6
0.01906 2.6
0.01907 2.6
0.01908 2.6
0.01909 2.6
0.0191 2.6
0.01911 2.6
0.01912 2.6
0.01913 2.6
0.01914 2.6
0.01915 2.6
0.01916 2.6
0.01917 2.6
0.01918 2.6
0.01919 2.6
0.0192 2.6
0.01921 2.6
0.01922 2.6
0.01923 2.6
0.01924 2.6
0.01925 2.6
0.01926 2.6
0.01927 2.6
0.01928 2.6
0.01929 2.6
0.0193 2.6
0.01931 2.6
0.01932 2.6
0.01933 2.6
0.01934 2.6
0.01935 2.6
0.01936 2.6
0.01937 2.6
0.01938 2.6
0.01939 2.6
0.0194 2.6
0.01941 2.6
0.01942 2.6
0.01943 2.6
0.01944 2.6
0.01945 2.6
0.01946 2.6
0.01947 2.6
0.01948 2.6
0.01949 2.6
0.0195 2.6
0.01951 2.6
0.01952 2.6
0.01953 2.6
0.01954 2.6
0.01955 2.6
0.01956 2.6
0.01957 2.6
0.01958 2.6
0.01959 2.6
0.0196 2.6
0.01961 2.6
0.01962 2.6
0.01963 2.6
0.01964 2.6
0.01965 2.6
0.01966 2.6
0.01967 2.6
0.01968 2.6
0.01969 2.6
0.0197 2.6
0.01971 2.6
0.01972 2.6
0.01973 2.6
0.01974 2.6
0.01975 2.6
0.01976 2.6
0.01977 2.6
0.01978 2.6
0.01979 2.6
0.0198 2.6
0.01981 2.6
0.01982 2.6
0.01983 2.6
0.01984 2.6
0.01985 2.6
0.01986 2.6
0.01987 2.6
0.01988 2.6
0.01989 2.6
0.0199 2.6
0.01991 2.6
0.01992 2.6
0.01993 2.6
0.01994 2.6
0.01995 2.6
0.01996 2.6
0.01997 2.6
0.01998 2.6
0.01999 2.6
0.02 2.6
0.02001 2.6
0.02002 2.6
0.02003 2.6
0.02004 2.6
0.02005 2.6
0.02006 2.6
0.02007 2.6
0.02008 2.6
0.02009 2.6
0.0201 2.6
0.02011 2.6
0.02012 2.6
0.02013 2.6
0.02014 2.6
0.02015 2.6
0.02016 2.6
0.02017 2.6
0.02018 2.6
0.02019 2.6
0.0202 2.6
0.02021 2.6
0.02022 2.6
0.02023 2.6
0.02024 2.6
0.02025 2.6
0.02026 2.6
0.02027 2.6
0.02028 2.6
0.02029 2.6
0.0203 2.6
0.02031 2.6
0.02032 2.6
0.02033 2.6
0.02034 2.6
0.02035 2.6
0.02036 2.6
0.02037 2.6
0.02038 2.6
0.02039 2.6
0.0204 2.6
0.02041 2.6
0.02042 2.6
0.02043 2.6
0.02044 2.6
0.02045 2.6
0.02046 2.6
0.02047 2.6
0.02048 2.6
0.02049 2.6
0.0205 2.6
0.02051 2.6
0.02052 2.6
0.02053 2.6
0.02054 2.6
0.02055 2.6
0.02056 2.6
0.02057 2.6
0.02058 2.6
0.02059 2.6
0.0206 2.6
0.02061 2.6
0.02062 2.6
0.02063 2.6
0.02064 2.6
0.02065 2.6
0.02066 2.6
0.02067 2.6
0.02068 2.6
0.02069 2.6
0.0207 2.6
0.02071 2.6
0.02072 2.6
0.02073 2.6
0.02074 2.6
0.02075 2.6
0.02076 2.6
0.02077 2.6
0.02078 2.6
0.02079 2.6
0.0208 2.6
0.02081 2.6
0.02082 2.6
0.02083 2.6
0.02084 2.6
0.02085 2.6
0.02086 2.6
0.02087 2.6
0.02088 2.6
0.02089 2.6
0.0209 2.6
0.02091 2.6
0.02092 2.6
0.02093 2.6
0.02094 2.6
0.02095 2.6
0.02096 2.6
0.02097 2.6
0.02098 2.6
0.02099 2.6
0.021 2.6
0.02101 2.6
0.02102 2.6
0.02103 2.6
0.02104 2.6
0.02105 2.6
0.02106 2.6
0.02107 2.6
0.02108 2.6
0.02109 2.6
0.0211 2.6
0.02111 2.6
0.02112 2.6
0.02113 2.6
0.02114 2.6
0.02115 2.6
0.02116 2.6
0.02117 2.6
0.02118 2.6
0.02119 2.6
0.0212 2.6
0.02121 2.6
0.02122 2.6
0.02123 2.6
0.02124 2.6
0.02125 2.6
0.02126 2.6
0.02127 2.6
0.02128 2.6
0.02129 2.6
0.0213 2.6
0.02131 2.6
0.02132 2.6
0.02133 2.6
0.02134 2.6
0.02135 2.6
0.02136 2.6
0.02137 2.6
0.02138 2.6
0.02139 2.6
0.0214 2.6
0.02141 2.6
0.02142 2.6
0.02143 2.6
0.02144 2.6
0.02145 2.6
0.02146 2.6
0.02147 2.6
0.02148 2.6
0.02149 2.6
0.0215 2.6
0.02151 2.6
0.02152 2.6
0.02153 2.6
0.02154 2.6
0.02155 2.6
0.02156 2.6
0.02157 2.6
0.02158 2.6
0.02159 2.6
0.0216 2.6
0.02161 2.6
0.02162 2.6
0.02163 2.6
0.02164 2.6
0.02165 2.6
0.02166 2.6
0.02167 2.6
0.02168 2.6
0.02169 2.6
0.0217 2.6
0.02171 2.6
0.02172 2.6
0.02173 2.6
0.02174 2.6
0.02175 2.6
0.02176 2.6
0.02177 2.6
0.02178 2.6
0.02179 2.6
0.0218 2.6
0.02181 2.6
0.02182 2.6
0.02183 2.6
0.02184 2.6
0.02185 2.6
0.02186 2.6
0.02187 2.6
0.02188 2.6
0.02189 2.6
0.0219 2.6
0.02191 2.6
0.02192 2.6
0.02193 2.6
0.02194 2.6
0.02195 2.6
0.02196 2.6
0.02197 2.6
0.02198 2.6
0.02199 2.6
0.022 2.6
0.02201 2.6
0.02202 2.6
0.02203 2.6
0.02204 2.6
0.02205 2.6
0.02206 2.6
0.02207 2.6
0.02208 2.6
0.02209 2.6
0.0221 2.6
0.02211 2.6
0.02212 2.6
0.02213 2.6
0.02214 2.6
0.02215 2.6
0.02216 2.6
0.02217 2.6
0.02218 2.6
0.02219 2.6
0.0222 2.6
0.02221 2.6
0.02222 2.6
0.02223 2.6
0.02224 2.6
0.02225 2.6
0.02226 2.6
0.02227 2.6
0.02228 2.6
0.02229 2.6
0.0223 2.6
0.02231 2.6
0.02232 2.6
0.02233 2.6
0.02234 2.6
0.02235 2.6
0.02236 2.6
0.02237 2.6
0.02238 2.6
0.02239 2.6
0.0224 2.6
0.02241 2.6
0.02242 2.6
0.02243 2.6
0.02244 2.6
0.02245 2.6
0.02246 2.6
0.02247 2.6
0.02248 2.6
0.02249 2.6
0.0225 2.6
0.02251 2.6
0.02252 2.6
0.02253 2.6
0.02254 2.6
0.02255 2.6
0.02256 2.6
0.02257 2.6
0.02258 2.6
0.02259 2.6
0.0226 2.6
0.02261 2.6
0.02262 2.6
0.02263 2.6
0.02264 2.6
0.02265 2.6
0.02266 2.6
0.02267 2.6
0.02268 2.6
0.02269 2.6
0.0227 2.6
0.02271 2.6
0.02272 2.6
0.02273 2.6
0.02274 2.6
0.02275 2.6
0.02276 2.6
0.02277 2.6
0.02278 2.6
0.02279 2.6
0.0228 2.6
0.02281 2.6
0.02282 2.6
0.02283 2.6
0.02284 2.6
0.02285 2.6
0.02286 2.6
0.02287 2.6
0.02288 2.6
0.02289 2.6
0.0229 2.6
0.02291 2.6
0.02292 2.6
0.02293 2.6
0.02294 2.6
0.02295 2.6
0.02296 2.6
0.02297 2.6
0.02298 2.6
0.02299 2.6
0.023 2.6
0.02301 2.6
0.02302 2.6
0.02303 2.6
0.02304 2.6
0.02305 2.6
0.02306 2.6
0.02307 2.6
0.02308 2.6
0.02309 2.6
0.0231 2.6
0.02311 2.6
0.02312 2.6
0.02313 2.6
0.02314 2.6
0.02315 2.6
0.02316 2.6
0.02317 2.6
0.02318 2.6
0.02319 2.6
0.0232 2.6
0.02321 2.6
0.02322 2.6
0.02323 2.6
0.02324 2.6
0.02325 2.6
0.02326 2.6
0.02327 2.6
0.02328 2.6
0.02329 2.6
0.0233 2.6
0.02331 2.6
0.02332 2.6
0.02333 2.6
0.02334 2.6
0.02335 2.6
0.02336 2.6
0.02337 2.6
0.02338 2.6
0.02339 2.6
0.0234 2.6
0.02341 2.6
0.02342 2.6
0.02343 2.6
0.02344 2.6
0.02345 2.6
0.02346 2.6
0.02347 2.6
0.02348 2.6
0.02349 2.6
0.0235 2.6
0.02351 2.6
0.02352 2.6
0.02353 2.6
0.02354 2.6
0.02355 2.6
0.02356 2.6
0.02357 2.6
0.02358 2.6
0.02359 2.6
0.0236 2.6
0.02361 2.6
0.02362 2.6
0.02363 2.6
0.02364 2.6
0.02365 2.6
0.02366 2.6
0.02367 2.6
0.02368 2.6
0.02369 2.6
0.0237 2.6
0.02371 2.6
0.02372 2.6
0.02373 2.6
0.02374 2.6
0.02375 2.6
0.02376 2.6
0.02377 2.6
0.02378 2.6
0.02379 2.6
0.0238 2.6
0.02381 2.6
0.02382 2.6
0.02383 2.6
0.02384 2.6
0.02385 2.6
0.02386 2.6
0.02387 2.6
0.02388 2.6
0.02389 2.6
0.0239 2.6
0.02391 2.6
0.02392 2.6
0.02393 2.6
0.02394 2.6
0.02395 2.6
0.02396 2.6
0.02397 2.6
0.02398 2.6
0.02399 2.6
0.024 2.6
0.02401 2.6
0.02402 2.6
0.02403 2.6
0.02404 2.6
0.02405 2.6
0.02406 2.6
0.02407 2.6
0.02408 2.6
0.02409 2.6
0.0241 2.6
0.02411 2.6
0.02412 2.6
0.02413 2.6
0.02414 2.6
0.02415 2.6
0.02416 2.6
0.02417 2.6
0.02418 2.6
0.02419 2.6
0.0242 2.6
0.02421 2.6
0.02422 2.6
0.02423 2.6
0.02424 2.6
0.02425 2.6
0.02426 2.6
0.02427 2.6
0.02428 2.6
0.02429 2.6
0.0243 2.6
0.02431 2.6
0.02432 2.6
0.02433 2.6
0.02434 2.6
0.02435 2.6
0.02436 2.6
0.02437 2.6
0.02438 2.6
0.02439 2.6
0.0244 2.6
0.02441 2.6
0.02442 2.6
0.02443 2.6
0.02444 2.6
0.02445 2.6
0.02446 2.6
0.02447 2.6
0.02448 2.6
0.02449 2.6
0.0245 2.6
0.02451 2.6
0.02452 2.6
0.02453 2.6
0.02454 2.6
0.02455 2.6
0.02456 2.6
0.02457 2.6
0.02458 2.6
0.02459 2.6
0.0246 2.6
0.02461 2.6
0.02462 2.6
0.02463 2.6
0.02464 2.6
0.02465 2.6
0.02466 2.6
0.02467 2.6
0.02468 2.6
0.02469 2.6
0.0247 2.6
0.02471 2.6
0.02472 2.6
0.02473 2.6
0.02474 2.6
0.02475 2.6
0.02476 2.6
0.02477 2.6
0.02478 2.6
0.02479 2.6
0.0248 2.6
0.02481 2.6
0.02482 2.6
0.02483 2.6
0.02484 2.6
0.02485 2.6
0.02486 2.6
0.02487 2.6
0.02488 2.6
0.02489 2.6
0.0249 2.6
0.02491 2.6
0.02492 2.6
0.02493 2.6
0.02494 2.6
0.02495 2.6
0.02496 2.6
0.02497 2.6
0.02498 2.6
0.02499 2.6
0.025 2.6
0.02501 2.6
0.02502 2.59999
0.02503 2.59998
0.02504 2.59997
0.02505 2.59995
0.02506 2.59993
0.02507 2.5999
0.02508 2.59987
0.02509 2.59984
0.0251 2.5998
0.02511 2.59976
0.02512 2.59971
0.02513 2.59966
0.02514 2.59961
0.02515 2.59955
0.02516 2.59948
0.02517 2.59942
0.02518 2.59935
0.02519 2.59927
0.0252 2.59919
0.02521 2.59911
0.02522 2.59902
0.02523 2.59893
0.02524 2.59884
0.02525 2.59874
0.02526 2.59863
0.02527 2.59853
0.02528 2.59841
0.02529 2.5983
0.0253 2.59818
0.02531 2.59805
0.02532 2.59793
0.02533 2.59779
0.02534 2.59766
0.02535 2.59752
0.02536 2.59737
0.02537 2.59722
0.02538 2.59707
0.02539 2.59691
0.0254 2.59675
0.02541 2.59658
0.02542 2.59641
0.02543 2.59624
0.02544 2.59606
0.02545 2.59588
0.02546 2.59569
0.02547 2.5955
0.02548 2.5953
0.02549 2.5951
0.0255 2.5949
0.02551 2.59469
0.02552 2.59448
0.02553 2.59426
0.02554 2.59404
0.02555 2.59382
0.02556 2.59359
0.02557 2.59335
0.02558 2.59312
0.02559 2.59287
0.0256 2.59263
0.02561 2.59238
0.02562 2.59212
0.02563 2.59186
0.02564 2.5916
0.02565 2.59133
0.02566 2.59106
0.02567 2.59078
0.02568 2.5905
0.02569 2.59022
0.0257 2.58993
0.02571 2.58963
0.02572 2.58933
0.02573 2.58903
0.02574 2.58872
0.02575 2.58841
0.02576 2.5881
0.02577 2.58778
0.02578 2.58745
0.02579 2.58712
0.0258 2.58679
0.02581 2.58645
0.02582 2.58611
0.02583 2.58576
0.02584 2.58541
0.02585 2.58506
0.02586 2.5847
0.02587 2.58434
0.02588 2.58397
0.02589 2.58359
0.0259 2.58322
0.02591 2.58284
0.02592 2.58245
0.02593 2.58206
0.02594 2.58166
0.02595 2.58126
0.02596 2.58086
0.02597 2.58045
0.02598 2.58004
0.02599 2.57962
0.026 2.5792
0.02601 2.57877
0.02602 2.57834
0.02603 2.57791
0.02604 2.57747
0.02605 2.57702
0.02606 2.57658
0.02607 2.57612
0.02608 2.57566
0.02609 2.5752
0.0261 2.57474
0.02611 2.57426
0.02612 2.57379
0.02613 2.57331
0.02614 2.57282
0.02615 2.57233
0.02616 2.57184
0.02617 2.57134
0.02618 2.57084
0.02619 2.57033
0.0262 2.56982
0.02621 2.5693
0.02622 2.56878
0.02623 2.56825
0.02624 2.56772
0.02625 2.56719
0.02626 2.56665
0.02627 2.5661
0.02628 2.56555
0.02629 2.565
0.0263 2.56444
0.02631 2.56388
0.02632 2.56331
0.02633 2.56274
0.02634 2.56216
0.02635 2.56158
0.02636 2.561
0.02637 2.5604
0.02638 2.55981
0.02639 2.55921
0.0264 2.5586
0.02641 2.558
0.02642 2.55738
0.02643 2.55676
0.02644 2.55614
0.02645 2.55551
0.02646 2.55488
0.02647 2.55424
0.02648 2.5536
0.02649 2.55295
0.0265 2.5523
0.02651 2.55164
0.02652 2.55098
0.02653 2.55032
0.02654 2.54965
0.02655 2.54897
0.02656 2.54829
0.02657 2.54761
0.02658 2.54692
0.02659 2.54622
0.0266 2.54552
0.02661 2.54482
0.02662 2.54411
0.02663 2.5434
0.02664 2.54268
0.02665 2.54196
0.02666 2.54123
0.02667 2.5405
0.02668 2.53976
0.02669 2.53902
0.0267 2.53827
0.02671 2.53752
0.02672 2.53676
0.02673 2.536
0.02674 2.53523
0.02675 2.53446
0.02676 2.53369
0.02677 2.53291
0.02678 2.53212
0.02679 2.53133
0.0268 2.53053
0.02681 2.52973
0.02682 2.52893
0.02683 2.52812
0.02684 2.5273
0.02685 2.52648
0.02686 2.52566
0.02687 2.52483
0.02688 2.524
0.02689 2.52316
0.0269 2.52231
0.02691 2.52146
0.02692 2.52061
0.02693 2.51975
0.02694 2.51889
0.02695 2.51802
0.02696 2.51714
0.02697 2.51627
0.02698 2.51538
0.02699 2.51449
0.027 2.5136
0.02701 2.5127
0.02702 2.5118
0.02703 2.51089
0.02704 2.50998
0.02705 2.50906
0.02706 2.50813
0.02707 2.50721
0.02708 2.50627
0.02709 2.50533
0.0271 2.50439
0.02711 2.50344
0.02712 2.50249
0.02713 2.50153
0.02714 2.50057
0.02715 2.4996
0.02716 2.49863
0.02717 2.49765
0.02718 2.49666
0.02719 2.49568
0.0272 2.49468
0.02721 2.49368
0.02722 2.49268
0.02723 2.49167
0.02724 2.49066
0.02725 2.48964
0.02726 2.48861
0.02727 2.48758
0.02728 2.48655
0.02729 2.48551
0.0273 2.48447
0.02731 2.48342
0.02732 2.48236
0.02733 2.4813
0.02734 2.48024
0.02735 2.47917
0.02736 2.47809
0.02737 2.47701
0.02738 2.47593
0.02739 2.47484
0.0274 2.47374
0.02741 2.47264
0.02742 2.47153
0.02743 2.47042
0.02744 2.46931
0.02745 2.46819
0.02746 2.46706
0.02747 2.46593
0.02748 2.46479
0.02749 2.46365
0.0275 2.4625
0.02751 2.46135
0.02752 2.46019
0.02753 2.45903
0.02754 2.45786
0.02755 2.45668
0.02756 2.45551
0.02757 2.45432
0.02758 2.45313
0.02759 2.45194
0.0276 2.45074
0.02761 2.44953
0.02762 2.44832
0.02763 2.44711
0.02764 2.44589
0.02765 2.44466
0.02766 2.44343
0.02767 2.44219
0.02768 2.44095
0.02769 2.43971
0.0277 2.43845
0.02771 2.4372
0.02772 2.43593
0.02773 2.43466
0.02774 2.43339
0.02775 2.43211
0.02776 2.43083
0.02777 2.42954
0.02778 2.42824
0.02779 2.42694
0.0278 2.42564
0.02781 2.42433
0.02782 2.42301
0.02783 2.42169
0.02784 2.42036
0.02785 2.41903
0.02786 2.41769
0.02787 2.41635
0.02788 2.415
0.02789 2.41365
0.0279 2.41229
0.02791 2.41092
0.02792 2.40955
0.02793 2.40818
0.02794 2.4068
0.02795 2.40541
0.02796 2.40402
0.02797 2.40262
0.02798 2.40122
0.02799 2.39981
0.028 2.3984
0.02801 2.39698
0.02802 2.39556
0.02803 2.39413
0.02804 2.39269
0.02805 2.39125
0.02806 2.38981
0.02807 2.38835
0.02808 2.3869
0.02809 2.38544
0.0281 2.38397
0.02811 2.38249
0.02812 2.38101
0.02813 2.37953
0.02814 2.37804
0.02815 2.37655
0.02816 2.37504
0.02817 2.37354
0.02818 2.37203
0.02819 2.37051
0.0282 2.36899
0.02821 2.36746
0.02822 2.36592
0.02823 2.36438
0.02824 2.36284
0.02825 2.36129
0.02826 2.35973
0.02827 2.35817
0.02828 2.3566
0.02829 2.35503
0.0283 2.35345
0.02831 2.35187
0.02832 2.35028
0.02833 2.34868
0.02834 2.34708
0.02835 2.34547
0.02836 2.34386
0.02837 2.34224
0.02838 2.34062
0.02839 2.33899
0.0284 2.33736
0.02841 2.33572
0.02842 2.33407
0.02843 2.33242
0.02844 2.33076
0.02845 2.3291
0.02846 2.32743
0.02847 2.32576
0.02848 2.32408
0.02849 2.32239
0.0285 2.3207
0.02851 2.319
0.02852 2.3173
0.02853 2.31559
0.02854 2.31388
0.02855 2.31216
0.02856 2.31043
0.02857 2.3087
0.02858 2.30697
0.02859 2.30522
0.0286 2.30348
0.02861 2.30172
0.02862 2.29996
0.02863 2.2982
0.02864 2.29643
0.02865 2.29465
0.02866 2.29287
0.02867 2.29108
0.02868 2.28928
0.02869 2.28748
0.0287 2.28568
0.02871 2.28387
0.02872 2.28205
0.02873 2.28023
0.02874 2.2784
0.02875 2.27656
0.02876 2.27472
0.02877 2.27288
0.02878 2.27102
0.02879 2.26917
0.0288 2.2673
0.02881 2.26543
0.02882 2.26356
0.02883 2.26168
0.02884 2.25979
0.02885 2.2579
0.02886 2.256
0.02887 2.25409
0.02888 2.25218
0.02889 2.25027
0.0289 2.24834
0.02891 2.24642
0.02892 2.24448
0.02893 2.24254
0.02894 2.2406
0.02895 2.23865
0.02896 2.23669
0.02897 2.23473
0.02898 2.23276
0.02899 2.23078
0.029 2.2288
0.02901 2.22681
0.02902 2.22482
0.02903 2.22282
0.02904 2.22082
0.02905 2.21881
0.02906 2.21679
0.02907 2.21477
0.02908 2.21274
0.02909 2.2107
0.0291 2.20866
0.02911 2.20662
0.02912 2.20456
0.02913 2.20251
0.02914 2.20044
0.02915 2.19837
0.02916 2.19629
0.02917 2.19421
0.02918 2.19212
0.02919 2.19003
0.0292 2.18793
0.02921 2.18582
0.02922 2.18371
0.02923 2.18159
0.02924 2.17947
0.02925 2.17734
0.02926 2.1752
0.02927 2.17306
0.02928 2.17091
0.02929 2.16876
0.0293 2.16659
0.02931 2.16443
0.02932 2.16225
0.02933 2.16008
0.02934 2.15789
0.02935 2.1557
0.02936 2.1535
0.02937 2.1513
0.02938 2.14909
0.02939 2.14687
0.0294 2.14465
0.02941 2.14243
0.02942 2.14019
0.02943 2.13795
0.02944 2.13571
0.02945 2.13345
0.02946 2.13119
0.02947 2.12893
0.02948 2.12666
0.02949 2.12438
0.0295 2.1221
0.02951 2.11981
0.02952 2.11752
0.02953 2.11521
0.02954 2.11291
0.02955 2.11059
0.02956 2.10827
0.02957 2.10595
0.02958 2.10361
0.02959 2.10128
0.0296 2.09893
0.02961 2.09658
0.02962 2.09422
0.02963 2.09186
0.02964 2.08949
0.02965 2.08711
0.02966 2.08473
0.02967 2.08234
0.02968 2.07995
0.02969 2.07755
0.0297 2.07514
0.02971 2.07273
0.02972 2.07031
0.02973 2.06788
0.02974 2.06545
0.02975 2.06301
0.02976 2.06057
0.02977 2.05812
0.02978 2.05566
0.02979 2.0532
0.0298 2.05073
0.02981 2.04825
0.02982 2.04577
0.02983 2.04328
0.02984 2.04078
0.02985 2.03828
0.02986 2.03577
0.02987 2.03326
0.02988 2.03074
0.02989 2.02821
0.0299 2.02568
0.02991 2.02314
0.02992 2.0206
0.02993 2.01804
0.02994 2.01548
0.02995 2.01292
0.02996 2.01035
0.02997 2.00777
0.02998 2.00519
0.02999 2.0026
0.03 2
0.03001 1.99739
0.03002 1.99478
0.03003 1.99215
0.03004 1.98951
0.03005 1.98686
0.03006 1.9842
0.03007 1.98153
0.03008 1.97884
0.03009 1.97615
0.0301 1.97345
0.03011 1.97073
0.03012 1.968
0.03013 1.96527
0.03014 1.96252
0.03015 1.95976
0.03016 1.95699
0.03017 1.95421
0.03018 1.95142
0.03019 1.94862
0.0302 1.9458
0.03021 1.94298
0.03022 1.94015
0.03023 1.93731
0.03024 1.93445
0.03025 1.93159
0.03026 1.92871
0.03027 1.92583
0.03028 1.92293
0.03029 1.92003
0.0303 1.91711
0.03031 1.91419
0.03032 1.91125
0.03033 1.9083
0.03034 1.90535
0.03035 1.90238
0.03036 1.8994
0.03037 1.89642
0.03038 1.89342
0.03039 1.89041
0.0304 1.8874
0.03041 1.88437
0.03042 1.88134
0.03043 1.87829
0.03044 1.87524
0.03045 1.87217
0.03046 1.8691
0.03047 1.86601
0.03048 1.86292
0.03049 1.85981
0.0305 1.8567
0.03051 1.85358
0.03052 1.85045
0.03053 1.8473
0.03054 1.84415
0.03055 1.84099
0.03056 1.83782
0.03057 1.83464
0.03058 1.83145
0.03059 1.82826
0.0306 1.82505
0.03061 1.82183
0.03062 1.81861
0.03063 1.81537
0.03064 1.81213
0.03065 1.80888
0.03066 1.80562
0.03067 1.80235
0.03068 1.79907
0.03069 1.79578
0.0307 1.79248
0.03071 1.78917
0.03072 1.78586
0.03073 1.78254
0.03074 1.7792
0.03075 1.77586
0.03076 1.77251
0.03077 1.76915
0.03078 1.76579
0.03079 1.76241
0.0308 1.75903
0.03081 1.75563
0.03082 1.75223
0.03083 1.74882
0.03084 1.74541
0.03085 1.74198
0.03086 1.73854
0.03087 1.7351
0.03088 1.73165
0.03089 1.72819
0.0309 1.72472
0.03091 1.72125
0.03092 1.71776
0.03093 1.71427
0.03094 1.71077
0.03095 1.70726
0.03096 1.70374
0.03097 1.70022
0.03098 1.69669
0.03099 1.69315
0.031 1.6896
0.03101 1.68604
0.03102 1.68248
0.03103 1.67891
0.03104 1.67533
0.03105 1.67174
0.03106 1.66815
0.03107 1.66455
0.03108 1.66094
0.03109 1.65732
0.0311 1.65369
0.03111 1.65006
0.03112 1.64642
0.03113 1.64277
0.03114 1.63912
0.03115 1.63546
0.03116 1.63179
0.03117 1.62811
0.03118 1.62443
0.03119 1.62074
0.0312 1.61704
0.03121 1.61333
0.03122 1.60962
0.03123 1.6059
0.03124 1.60217
0.03125 1.59844
0.03126 1.5947
0.03127 1.59095
0.03128 1.58719
0.03129 1.58343
0.0313 1.57966
0.03131 1.57589
0.03132 1.57211
0.03133 1.56832
0.03134 1.56452
0.03135 1.56072
0.03136 1.55691
0.03137 1.55309
0.03138 1.54927
0.03139 1.54544
0.0314 1.54161
0.03141 1.53776
0.03142 1.53392
0.03143 1.53006
0.03144 1.5262
0.03145 1.52233
0.03146 1.51846
0.03147 1.51458
0.03148 1.51069
0.03149 1.5068
0.0315 1.5029
0.03151 1.49899
0.03152 1.49508
0.03153 1.49117
0.03154 1.48724
0.03155 1.48331
0.03156 1.47938
0.03157 1.47544
0.03158 1.47149
0.03159 1.46754
0.0316 1.46358
0.03161 1.45961
0.03162 1.45564
0.03163 1.45167
0.03164 1.44768
0.03165 1.4437
0.03166 1.4397
0.03167 1.4357
0.03168 1.4317
0.03169 1.42769
0.0317 1.42367
0.03171 1.41965
0.03172 1.41562
0.03173 1.41159
0.03174 1.40756
0.03175 1.40351
0.03176 1.39946
0.03177 1.39541
0.03178 1.39135
0.03179 1.38729
0.0318 1.38322
0.03181 1.37914
0.03182 1.37507
0.03183 1.37098
0.03184 1.36689
0.03185 1.3628
0.03186 1.3587
0.03187 1.35459
0.03188 1.35048
0.03189 1.34637
0.0319 1.34225
0.03191 1.33813
0.03192 1.334
0.03193 1.32986
0.03194 1.32573
0.03195 1.32158
0.03196 1.31744
0.03197 1.31328
0.03198 1.30913
0.03199 1.30497
0.032 1.3008
0.03201 1.29663
0.03202 1.29246
0.03203 1.28828
0.03204 1.28409
0.03205 1.2799
0.03206 1.27571
0.03207 1.27152
0.03208 1.26732
0.03209 1.26311
0.0321 1.2589
0.03211 1.25469
0.03212 1.25047
0.03213 1.24625
0.03214 1.24202
0.03215 1.23779
0.03216 1.23356
0.03217 1.22932
0.03218 1.22508
0.03219 1.22084
0.0322 1.21659
0.03221 1.21234
0.03222 1.20808
0.03223 1.20382
0.03224 1.19956
0.03225 1.19529
0.03226 1.19102
0.03227 1.18674
0.03228 1.18246
0.03229 1.17818
0.0323 1.1739
0.03231 1.16961
0.03232 1.16531
0.03233 1.16102
0.03234 1.15672
0.03235 1.15242
0.03236 1.14811
0.03237 1.1438
0.03238 1.13949
0.03239 1.13517
0.0324 1.13085
0.03241 1.12653
0.03242 1.12221
0.03243 1.11788
0.03244 1.11355
0.03245 1.10921
0.03246 1.10488
0.03247 1.10054
0.03248 1.09619
0.03249 1.09185
0.0325 1.0875
0.03251 1.08315
0.03252 1.07879
0.03253 1.07444
0.03254 1.07008
0.03255 1.06572
0.03256 1.06135
0.03257 1.05698
0.03258 1.05261
0.03259 1.04824
0.0326 1.04387
0.03261 1.03949
0.03262 1.03511
0.03263 1.03073
0.03264 1.02634
0.03265 1.02195
0.03266 1.01756
0.03267 1.01317
0.03268 1.00878
0.03269 1.00438
0.0327 0.999985
0.03271 0.995584
0.03272 0.991182
0.03273 0.986778
0.03274 0.982371
0.03275 0.977962
0.03276 0.973552
0.03277 0.96914
0.03278 0.964725
0.03279 0.960309
0.0328 0.955891
0.03281 0.951471
0.03282 0.94705
0.03283 0.942627
0.03284 0.938202
0.03285 0.933775
0.03286 0.929347
0.03287 0.924917
0.03288 0.920486
0.03289 0.916053
0.0329 0.911618
0.03291 0.907183
0.03292 0.902745
0.03293 0.898307
0.03294 0.893867
0.03295 0.889425
0.03296 0.884983
0.03297 0.880539
0.03298 0.876094
0.03299 0.871647
0.033 0.8672
0.03301 0.862751
0.03302 0.858302
0.03303 0.853851
0.03304 0.849399
0.03305 0.844947
0.03306 0.840493
0.03307 0.836038
0.03308 0.831583
0.03309 0.827127
0.0331 0.82267
0.03311 0.818212
0.03312 0.813753
0.03313 0.809294
0.03314 0.804834
0.03315 0.800373
0.03316 0.795912
0.03317 0.79145
0.03318 0.786987
0.03319 0.782524
0.0332 0.778061
0.03321 0.773597
0.03322 0.769133
0.03323 0.764668
0.03324 0.760203
0.03325 0.755737
0.03326 0.751272
0.03327 0.746806
0.03328 0.74234
0.03329 0.737874
0.0333 0.733407
0.03331 0.728941
0.03332 0.724474
0.03333 0.720007
0.03334 0.715541
0.03335 0.711074
0.03336 0.706608
0.03337 0.702141
0.03338 0.697675
0.03339 0.693208
0.0334 0.688742
0.03341 0.684277
0.03342 0.679811
0.03343 0.675346
0.03344 0.670881
0.03345 0.666416
0.03346 0.661952
0.03347 0.657488
0.03348 0.653025
0.03349 0.648562
0.0335 0.6441
0.03351 0.639638
0.03352 0.635177
0.03353 0.630717
0.03354 0.626257
0.03355 0.621798
0.03356 0.617339
0.03357 0.612882
0.03358 0.608425
0.03359 0.603969
0.0336 0.599514
0.03361 0.595059
0.03362 0.590606
0.03363 0.586154
0.03364 0.581702
0.03365 0.577252
0.03366 0.572803
0.03367 0.568354
0.03368 0.563907
0.03369 0.559461
0.0337 0.555017
0.03371 0.550573
0.03372 0.546131
0.03373 0.54169
0.03374 0.537251
0.03375 0.532812
0.03376 0.528376
0.03377 0.52394
0.03378 0.519506
0.03379 0.515074
0.0338 0.510643
0.03381 0.506214
0.03382 0.501786
0.03383 0.49736
0.03384 0.492936
0.03385 0.488513
0.03386 0.484092
0.03387 0.479673
0.03388 0.475256
0.03389 0.47084
0.0339 0.466426
0.03391 0.462015
0.03392 0.457605
0.03393 0.453197
0.03394 0.448791
0.03395 0.444387
0.03396 0.439986
0.03397 0.435586
0.03398 0.431188
0.03399 0.426793
0.034 0.4224
0.03401 0.418009
0.03402 0.413621
0.03403 0.409234
0.03404 0.40485
0.03405 0.400469
0.03406 0.39609
0.03407 0.391713
0.03408 0.387339
0.03409 0.382967
0.0341 0.378598
0.03411 0.374231
0.03412 0.369867
0.03413 0.365506
0.03414 0.361147
0.03415 0.356791
0.03416 0.352438
0.03417 0.348087
0.03418 0.34374
0.03419 0.339395
0.0342 0.335053
0.03421 0.330714
0.03422 0.326378
0.03423 0.322045
0.03424 0.317715
0.03425 0.313387
0.03426 0.309064
0.03427 0.304743
0.03428 0.300425
0.03429 0.29611
0.0343 0.291799
0.03431 0.287491
0.03432 0.283186
0.03433 0.278885
0.03434 0.274587
0.03435 0.270292
0.03436 0.266001
0.03437 0.261713
0.03438 0.257429
0.03439 0.253148
0.0344 0.24887
0.03441 0.244597
0.03442 0.240327
0.03443 0.23606
0.03444 0.231797
0.03445 0.227538
0.03446 0.223283
0.03447 0.219031
0.03448 0.214784
0.03449 0.21054
0.0345 0.2063
0.03451 0.202064
0.03452 0.197832
0.03453 0.193604
0.03454 0.18938
0.03455 0.18516
0.03456 0.180944
0.03457 0.176732
0.03458 0.172524
0.03459 0.168321
0.0346 0.164122
0.03461 0.159927
0.03462 0.155736
0.03463 0.15155
0.03464 0.147368
0.03465 0.14319
0.03466 0.139017
0.03467 0.134848
0.03468 0.130684
0.03469 0.126524
0.0347 0.122369
0.03471 0.118218
0.03472 0.114072
0.03473 0.109931
0.03474 0.105794
0.03475 0.101662
0.03476 0.0975354
0.03477 0.0934131
0.03478 0.0892956
0.03479 0.0851829
0.0348 0.0810752
0.03481 0.0769724
0.03482 0.0728745
0.03483 0.0687817
0.03484 0.0646939
0.03485 0.0606111
0.03486 0.0565334
0.03487 0.0524609
0.03488 0.0483935
0.03489 0.0443313
0.0349 0.0402744
0.03491 0.0362227
0.03492 0.0321763
0.03493 0.0281353
0.03494 0.0240996
0.03495 0.0200693
0.03496 0.0160444
0.03497 0.012025
0.03498 0.00801116
0.03499 0.00400279
0.035 0
